==PROF== Target process 583631 terminated before first instrumented API call.
Data loading...
resnet101-64 Model building...
==PROF== Connected to process 583630 (/usr/bin/python3.8)
Start inference...
 inference:     1 | throughput:   1.366 | time:  46.853

Total inference throughput:   1.366, Total inference latency:  46.853


Total inference throughput:   1.366, Total inference latency:  46.853
==PROF== Disconnected from process 583630
"ID","Process ID","Process Name","Host Name","Kernel Name","Context","Stream","Block Size","Grid Size","Device","CC","Section Name","Metric Name","Metric Unit","Metric Value"
"0","583630","python3.8","127.0.0.1","void cask_cudnn::computeOffsetsKernel<(bool)0, (bool)0>(cask_cudnn::ComputeOffsetsParams)","1","7","(256, 1, 1)","(50, 1, 1)","0","8.0","Command line profiler metrics","dram__throughput.avg.pct_of_peak_sustained_elapsed","%","0.05"
"0","583630","python3.8","127.0.0.1","void cask_cudnn::computeOffsetsKernel<(bool)0, (bool)0>(cask_cudnn::ComputeOffsetsParams)","1","7","(256, 1, 1)","(50, 1, 1)","0","8.0","Command line profiler metrics","gpu__time_duration.sum","nsecond","4416"
"0","583630","python3.8","127.0.0.1","void cask_cudnn::computeOffsetsKernel<(bool)0, (bool)0>(cask_cudnn::ComputeOffsetsParams)","1","7","(256, 1, 1)","(50, 1, 1)","0","8.0","Command line profiler metrics","lts__t_sectors.avg.pct_of_peak_sustained_elapsed","%","0.80"
"1","583630","python3.8","127.0.0.1","cudnn_ampere_scudnn_128x64_relu_xregs_large_nn_v1","1","7","(128, 1, 1)","(6272, 1, 1)","0","8.0","Command line profiler metrics","dram__throughput.avg.pct_of_peak_sustained_elapsed","%","5.37"
"1","583630","python3.8","127.0.0.1","cudnn_ampere_scudnn_128x64_relu_xregs_large_nn_v1","1","7","(128, 1, 1)","(6272, 1, 1)","0","8.0","Command line profiler metrics","gpu__time_duration.sum","nsecond","2172000"
"1","583630","python3.8","127.0.0.1","cudnn_ampere_scudnn_128x64_relu_xregs_large_nn_v1","1","7","(128, 1, 1)","(6272, 1, 1)","0","8.0","Command line profiler metrics","lts__t_sectors.avg.pct_of_peak_sustained_elapsed","%","3.93"
"2","583630","python3.8","127.0.0.1","void cudnn::bn_fw_inf_1C11_kernel_NCHW<float, float, (bool)1, (int)1>(T2, T2, cudnnTensorStruct, const T1 *, cudnnTensorStruct, T1 *, cudnnTensorStruct, const T2 *, const T2 *, const T2 *, const T2 *, T2)","1","7","(512, 1, 1)","(64, 64, 1)","0","8.0","Command line profiler metrics","dram__throughput.avg.pct_of_peak_sustained_elapsed","%","46.52"
"2","583630","python3.8","127.0.0.1","void cudnn::bn_fw_inf_1C11_kernel_NCHW<float, float, (bool)1, (int)1>(T2, T2, cudnnTensorStruct, const T1 *, cudnnTensorStruct, T1 *, cudnnTensorStruct, const T2 *, const T2 *, const T2 *, const T2 *, T2)","1","7","(512, 1, 1)","(64, 64, 1)","0","8.0","Command line profiler metrics","gpu__time_duration.sum","nsecond","441792"
"2","583630","python3.8","127.0.0.1","void cudnn::bn_fw_inf_1C11_kernel_NCHW<float, float, (bool)1, (int)1>(T2, T2, cudnnTensorStruct, const T1 *, cudnnTensorStruct, T1 *, cudnnTensorStruct, const T2 *, const T2 *, const T2 *, const T2 *, T2)","1","7","(512, 1, 1)","(64, 64, 1)","0","8.0","Command line profiler metrics","lts__t_sectors.avg.pct_of_peak_sustained_elapsed","%","23.44"
"3","583630","python3.8","127.0.0.1","void at::native::vectorized_elementwise_kernel<(int)4, at::native::<unnamed>::launch_clamp_scalar(at::TensorIteratorBase &, c10::Scalar, c10::Scalar, at::native::detail::ClampLimits)::[lambda() (instance 1)]::operator ()() const::[lambda() (instance 14)]::operator ()() const::[lambda(float) (instance 1)], at::detail::Array<char *, (int)2>>(int, T2, T3)","1","7","(128, 1, 1)","(100352, 1, 1)","0","8.0","Command line profiler metrics","dram__throughput.avg.pct_of_peak_sustained_elapsed","%","83.95"
"3","583630","python3.8","127.0.0.1","void at::native::vectorized_elementwise_kernel<(int)4, at::native::<unnamed>::launch_clamp_scalar(at::TensorIteratorBase &, c10::Scalar, c10::Scalar, at::native::detail::ClampLimits)::[lambda() (instance 1)]::operator ()() const::[lambda() (instance 14)]::operator ()() const::[lambda(float) (instance 1)], at::detail::Array<char *, (int)2>>(int, T2, T3)","1","7","(128, 1, 1)","(100352, 1, 1)","0","8.0","Command line profiler metrics","gpu__time_duration.sum","nsecond","241600"
"3","583630","python3.8","127.0.0.1","void at::native::vectorized_elementwise_kernel<(int)4, at::native::<unnamed>::launch_clamp_scalar(at::TensorIteratorBase &, c10::Scalar, c10::Scalar, at::native::detail::ClampLimits)::[lambda() (instance 1)]::operator ()() const::[lambda() (instance 14)]::operator ()() const::[lambda(float) (instance 1)], at::detail::Array<char *, (int)2>>(int, T2, T3)","1","7","(128, 1, 1)","(100352, 1, 1)","0","8.0","Command line profiler metrics","lts__t_sectors.avg.pct_of_peak_sustained_elapsed","%","37.29"
"4","583630","python3.8","127.0.0.1","void at::native::<unnamed>::max_pool_forward_nchw<float, float>(int, const T1 *, long, long, long, int, int, int, int, int, int, int, int, int, int, T1 *, long *)","1","7","(256, 1, 1)","(50176, 1, 1)","0","8.0","Command line profiler metrics","dram__throughput.avg.pct_of_peak_sustained_elapsed","%","23.96"
"4","583630","python3.8","127.0.0.1","void at::native::<unnamed>::max_pool_forward_nchw<float, float>(int, const T1 *, long, long, long, int, int, int, int, int, int, int, int, int, int, T1 *, long *)","1","7","(256, 1, 1)","(50176, 1, 1)","0","8.0","Command line profiler metrics","gpu__time_duration.sum","nsecond","752928"
"4","583630","python3.8","127.0.0.1","void at::native::<unnamed>::max_pool_forward_nchw<float, float>(int, const T1 *, long, long, long, int, int, int, int, int, int, int, int, int, int, T1 *, long *)","1","7","(256, 1, 1)","(50176, 1, 1)","0","8.0","Command line profiler metrics","lts__t_sectors.avg.pct_of_peak_sustained_elapsed","%","12.67"
"5","583630","python3.8","127.0.0.1","void cutlass::Kernel<cutlass_80_tensorop_s1688gemm_256x64_16x4_nn_align4>(T1::Params)","1","7","(128, 1, 1)","(8, 2, 64)","0","8.0","Command line profiler metrics","dram__throughput.avg.pct_of_peak_sustained_elapsed","%","50.70"
"5","583630","python3.8","127.0.0.1","void cutlass::Kernel<cutlass_80_tensorop_s1688gemm_256x64_16x4_nn_align4>(T1::Params)","1","7","(128, 1, 1)","(8, 2, 64)","0","8.0","Command line profiler metrics","gpu__time_duration.sum","nsecond","89280"
"5","583630","python3.8","127.0.0.1","void cutlass::Kernel<cutlass_80_tensorop_s1688gemm_256x64_16x4_nn_align4>(T1::Params)","1","7","(128, 1, 1)","(8, 2, 64)","0","8.0","Command line profiler metrics","lts__t_sectors.avg.pct_of_peak_sustained_elapsed","%","29.73"
"6","583630","python3.8","127.0.0.1","void cudnn::bn_fw_inf_1C11_kernel_NCHW<float, float, (bool)1, (int)1>(T2, T2, cudnnTensorStruct, const T1 *, cudnnTensorStruct, T1 *, cudnnTensorStruct, const T2 *, const T2 *, const T2 *, const T2 *, T2)","1","7","(512, 1, 1)","(64, 64, 1)","0","8.0","Command line profiler metrics","dram__throughput.avg.pct_of_peak_sustained_elapsed","%","37.49"
"6","583630","python3.8","127.0.0.1","void cudnn::bn_fw_inf_1C11_kernel_NCHW<float, float, (bool)1, (int)1>(T2, T2, cudnnTensorStruct, const T1 *, cudnnTensorStruct, T1 *, cudnnTensorStruct, const T2 *, const T2 *, const T2 *, const T2 *, T2)","1","7","(512, 1, 1)","(64, 64, 1)","0","8.0","Command line profiler metrics","gpu__time_duration.sum","nsecond","123808"
"6","583630","python3.8","127.0.0.1","void cudnn::bn_fw_inf_1C11_kernel_NCHW<float, float, (bool)1, (int)1>(T2, T2, cudnnTensorStruct, const T1 *, cudnnTensorStruct, T1 *, cudnnTensorStruct, const T2 *, const T2 *, const T2 *, const T2 *, T2)","1","7","(512, 1, 1)","(64, 64, 1)","0","8.0","Command line profiler metrics","lts__t_sectors.avg.pct_of_peak_sustained_elapsed","%","20.03"
"7","583630","python3.8","127.0.0.1","void at::native::vectorized_elementwise_kernel<(int)4, at::native::<unnamed>::launch_clamp_scalar(at::TensorIteratorBase &, c10::Scalar, c10::Scalar, at::native::detail::ClampLimits)::[lambda() (instance 1)]::operator ()() const::[lambda() (instance 14)]::operator ()() const::[lambda(float) (instance 1)], at::detail::Array<char *, (int)2>>(int, T2, T3)","1","7","(128, 1, 1)","(25088, 1, 1)","0","8.0","Command line profiler metrics","dram__throughput.avg.pct_of_peak_sustained_elapsed","%","71.20"
"7","583630","python3.8","127.0.0.1","void at::native::vectorized_elementwise_kernel<(int)4, at::native::<unnamed>::launch_clamp_scalar(at::TensorIteratorBase &, c10::Scalar, c10::Scalar, at::native::detail::ClampLimits)::[lambda() (instance 1)]::operator ()() const::[lambda() (instance 14)]::operator ()() const::[lambda(float) (instance 1)], at::detail::Array<char *, (int)2>>(int, T2, T3)","1","7","(128, 1, 1)","(25088, 1, 1)","0","8.0","Command line profiler metrics","gpu__time_duration.sum","nsecond","61216"
"7","583630","python3.8","127.0.0.1","void at::native::vectorized_elementwise_kernel<(int)4, at::native::<unnamed>::launch_clamp_scalar(at::TensorIteratorBase &, c10::Scalar, c10::Scalar, at::native::detail::ClampLimits)::[lambda() (instance 1)]::operator ()() const::[lambda() (instance 14)]::operator ()() const::[lambda(float) (instance 1)], at::detail::Array<char *, (int)2>>(int, T2, T3)","1","7","(128, 1, 1)","(25088, 1, 1)","0","8.0","Command line profiler metrics","lts__t_sectors.avg.pct_of_peak_sustained_elapsed","%","35.00"
"8","583630","python3.8","127.0.0.1","void cudnn::ops::nchwToNhwcKernel<float, float, float, (bool)0, (bool)1, (cudnnKernelDataType_t)2>(cudnn::ops::nchw2nhwc_params_t<T3>, const T1 *, T2 *)","1","7","(256, 1, 1)","(98, 2, 64)","0","8.0","Command line profiler metrics","dram__throughput.avg.pct_of_peak_sustained_elapsed","%","57.47"
"8","583630","python3.8","127.0.0.1","void cudnn::ops::nchwToNhwcKernel<float, float, float, (bool)0, (bool)1, (cudnnKernelDataType_t)2>(cudnn::ops::nchw2nhwc_params_t<T3>, const T1 *, T2 *)","1","7","(256, 1, 1)","(98, 2, 64)","0","8.0","Command line profiler metrics","gpu__time_duration.sum","nsecond","80032"
"8","583630","python3.8","127.0.0.1","void cudnn::ops::nchwToNhwcKernel<float, float, float, (bool)0, (bool)1, (cudnnKernelDataType_t)2>(cudnn::ops::nchw2nhwc_params_t<T3>, const T1 *, T2 *)","1","7","(256, 1, 1)","(98, 2, 64)","0","8.0","Command line profiler metrics","lts__t_sectors.avg.pct_of_peak_sustained_elapsed","%","31.23"
"9","583630","python3.8","127.0.0.1","void cudnn::ops::nchwToNhwcKernel<float, float, float, (bool)0, (bool)1, (cudnnKernelDataType_t)2>(cudnn::ops::nchw2nhwc_params_t<T3>, const T1 *, T2 *)","1","7","(256, 1, 1)","(1, 2, 64)","0","8.0","Command line profiler metrics","dram__throughput.avg.pct_of_peak_sustained_elapsed","%","1.43"
"9","583630","python3.8","127.0.0.1","void cudnn::ops::nchwToNhwcKernel<float, float, float, (bool)0, (bool)1, (cudnnKernelDataType_t)2>(cudnn::ops::nchw2nhwc_params_t<T3>, const T1 *, T2 *)","1","7","(256, 1, 1)","(1, 2, 64)","0","8.0","Command line profiler metrics","gpu__time_duration.sum","nsecond","5728"
"9","583630","python3.8","127.0.0.1","void cudnn::ops::nchwToNhwcKernel<float, float, float, (bool)0, (bool)1, (cudnnKernelDataType_t)2>(cudnn::ops::nchw2nhwc_params_t<T3>, const T1 *, T2 *)","1","7","(256, 1, 1)","(1, 2, 64)","0","8.0","Command line profiler metrics","lts__t_sectors.avg.pct_of_peak_sustained_elapsed","%","1.55"
"10","583630","python3.8","127.0.0.1","sm80_xmma_fprop_implicit_gemm_indexed_tf32f32_tf32f32_f32_nhwckrsc_nchw_tilesize256x64x32_stage3_warpsize4x2x1_g1_tensor16x8x8_execute_kernel_cudnn","1","7","(256, 1, 1)","(1, 784, 1)","0","8.0","Command line profiler metrics","dram__throughput.avg.pct_of_peak_sustained_elapsed","%","11.35"
"10","583630","python3.8","127.0.0.1","sm80_xmma_fprop_implicit_gemm_indexed_tf32f32_tf32f32_f32_nhwckrsc_nchw_tilesize256x64x32_stage3_warpsize4x2x1_g1_tensor16x8x8_execute_kernel_cudnn","1","7","(256, 1, 1)","(1, 784, 1)","0","8.0","Command line profiler metrics","gpu__time_duration.sum","nsecond","408256"
"10","583630","python3.8","127.0.0.1","sm80_xmma_fprop_implicit_gemm_indexed_tf32f32_tf32f32_f32_nhwckrsc_nchw_tilesize256x64x32_stage3_warpsize4x2x1_g1_tensor16x8x8_execute_kernel_cudnn","1","7","(256, 1, 1)","(1, 784, 1)","0","8.0","Command line profiler metrics","lts__t_sectors.avg.pct_of_peak_sustained_elapsed","%","22.50"
"11","583630","python3.8","127.0.0.1","void cudnn::bn_fw_inf_1C11_kernel_NCHW<float, float, (bool)1, (int)1>(T2, T2, cudnnTensorStruct, const T1 *, cudnnTensorStruct, T1 *, cudnnTensorStruct, const T2 *, const T2 *, const T2 *, const T2 *, T2)","1","7","(512, 1, 1)","(64, 64, 1)","0","8.0","Command line profiler metrics","dram__throughput.avg.pct_of_peak_sustained_elapsed","%","37.67"
"11","583630","python3.8","127.0.0.1","void cudnn::bn_fw_inf_1C11_kernel_NCHW<float, float, (bool)1, (int)1>(T2, T2, cudnnTensorStruct, const T1 *, cudnnTensorStruct, T1 *, cudnnTensorStruct, const T2 *, const T2 *, const T2 *, const T2 *, T2)","1","7","(512, 1, 1)","(64, 64, 1)","0","8.0","Command line profiler metrics","gpu__time_duration.sum","nsecond","123328"
"11","583630","python3.8","127.0.0.1","void cudnn::bn_fw_inf_1C11_kernel_NCHW<float, float, (bool)1, (int)1>(T2, T2, cudnnTensorStruct, const T1 *, cudnnTensorStruct, T1 *, cudnnTensorStruct, const T2 *, const T2 *, const T2 *, const T2 *, T2)","1","7","(512, 1, 1)","(64, 64, 1)","0","8.0","Command line profiler metrics","lts__t_sectors.avg.pct_of_peak_sustained_elapsed","%","20.21"
"12","583630","python3.8","127.0.0.1","void at::native::vectorized_elementwise_kernel<(int)4, at::native::<unnamed>::launch_clamp_scalar(at::TensorIteratorBase &, c10::Scalar, c10::Scalar, at::native::detail::ClampLimits)::[lambda() (instance 1)]::operator ()() const::[lambda() (instance 14)]::operator ()() const::[lambda(float) (instance 1)], at::detail::Array<char *, (int)2>>(int, T2, T3)","1","7","(128, 1, 1)","(25088, 1, 1)","0","8.0","Command line profiler metrics","dram__throughput.avg.pct_of_peak_sustained_elapsed","%","71.56"
"12","583630","python3.8","127.0.0.1","void at::native::vectorized_elementwise_kernel<(int)4, at::native::<unnamed>::launch_clamp_scalar(at::TensorIteratorBase &, c10::Scalar, c10::Scalar, at::native::detail::ClampLimits)::[lambda() (instance 1)]::operator ()() const::[lambda() (instance 14)]::operator ()() const::[lambda(float) (instance 1)], at::detail::Array<char *, (int)2>>(int, T2, T3)","1","7","(128, 1, 1)","(25088, 1, 1)","0","8.0","Command line profiler metrics","gpu__time_duration.sum","nsecond","60960"
"12","583630","python3.8","127.0.0.1","void at::native::vectorized_elementwise_kernel<(int)4, at::native::<unnamed>::launch_clamp_scalar(at::TensorIteratorBase &, c10::Scalar, c10::Scalar, at::native::detail::ClampLimits)::[lambda() (instance 1)]::operator ()() const::[lambda() (instance 14)]::operator ()() const::[lambda(float) (instance 1)], at::detail::Array<char *, (int)2>>(int, T2, T3)","1","7","(128, 1, 1)","(25088, 1, 1)","0","8.0","Command line profiler metrics","lts__t_sectors.avg.pct_of_peak_sustained_elapsed","%","35.13"
"13","583630","python3.8","127.0.0.1","void cutlass::Kernel<cutlass_80_tensorop_s1688gemm_256x64_16x4_nn_align4>(T1::Params)","1","7","(128, 1, 1)","(32, 2, 64)","0","8.0","Command line profiler metrics","dram__throughput.avg.pct_of_peak_sustained_elapsed","%","39.36"
"13","583630","python3.8","127.0.0.1","void cutlass::Kernel<cutlass_80_tensorop_s1688gemm_256x64_16x4_nn_align4>(T1::Params)","1","7","(128, 1, 1)","(32, 2, 64)","0","8.0","Command line profiler metrics","gpu__time_duration.sum","nsecond","313088"
"13","583630","python3.8","127.0.0.1","void cutlass::Kernel<cutlass_80_tensorop_s1688gemm_256x64_16x4_nn_align4>(T1::Params)","1","7","(128, 1, 1)","(32, 2, 64)","0","8.0","Command line profiler metrics","lts__t_sectors.avg.pct_of_peak_sustained_elapsed","%","30.86"
"14","583630","python3.8","127.0.0.1","void cudnn::bn_fw_inf_1C11_kernel_NCHW<float, float, (bool)1, (int)1>(T2, T2, cudnnTensorStruct, const T1 *, cudnnTensorStruct, T1 *, cudnnTensorStruct, const T2 *, const T2 *, const T2 *, const T2 *, T2)","1","7","(512, 1, 1)","(256, 64, 1)","0","8.0","Command line profiler metrics","dram__throughput.avg.pct_of_peak_sustained_elapsed","%","42.22"
"14","583630","python3.8","127.0.0.1","void cudnn::bn_fw_inf_1C11_kernel_NCHW<float, float, (bool)1, (int)1>(T2, T2, cudnnTensorStruct, const T1 *, cudnnTensorStruct, T1 *, cudnnTensorStruct, const T2 *, const T2 *, const T2 *, const T2 *, T2)","1","7","(512, 1, 1)","(256, 64, 1)","0","8.0","Command line profiler metrics","gpu__time_duration.sum","nsecond","487264"
"14","583630","python3.8","127.0.0.1","void cudnn::bn_fw_inf_1C11_kernel_NCHW<float, float, (bool)1, (int)1>(T2, T2, cudnnTensorStruct, const T1 *, cudnnTensorStruct, T1 *, cudnnTensorStruct, const T2 *, const T2 *, const T2 *, const T2 *, T2)","1","7","(512, 1, 1)","(256, 64, 1)","0","8.0","Command line profiler metrics","lts__t_sectors.avg.pct_of_peak_sustained_elapsed","%","21.26"
"15","583630","python3.8","127.0.0.1","void cutlass::Kernel<cutlass_80_tensorop_s1688gemm_256x64_16x4_nn_align4>(T1::Params)","1","7","(128, 1, 1)","(32, 2, 64)","0","8.0","Command line profiler metrics","dram__throughput.avg.pct_of_peak_sustained_elapsed","%","39.40"
"15","583630","python3.8","127.0.0.1","void cutlass::Kernel<cutlass_80_tensorop_s1688gemm_256x64_16x4_nn_align4>(T1::Params)","1","7","(128, 1, 1)","(32, 2, 64)","0","8.0","Command line profiler metrics","gpu__time_duration.sum","nsecond","312640"
"15","583630","python3.8","127.0.0.1","void cutlass::Kernel<cutlass_80_tensorop_s1688gemm_256x64_16x4_nn_align4>(T1::Params)","1","7","(128, 1, 1)","(32, 2, 64)","0","8.0","Command line profiler metrics","lts__t_sectors.avg.pct_of_peak_sustained_elapsed","%","30.88"
"16","583630","python3.8","127.0.0.1","void cudnn::bn_fw_inf_1C11_kernel_NCHW<float, float, (bool)1, (int)1>(T2, T2, cudnnTensorStruct, const T1 *, cudnnTensorStruct, T1 *, cudnnTensorStruct, const T2 *, const T2 *, const T2 *, const T2 *, T2)","1","7","(512, 1, 1)","(256, 64, 1)","0","8.0","Command line profiler metrics","dram__throughput.avg.pct_of_peak_sustained_elapsed","%","42.17"
"16","583630","python3.8","127.0.0.1","void cudnn::bn_fw_inf_1C11_kernel_NCHW<float, float, (bool)1, (int)1>(T2, T2, cudnnTensorStruct, const T1 *, cudnnTensorStruct, T1 *, cudnnTensorStruct, const T2 *, const T2 *, const T2 *, const T2 *, T2)","1","7","(512, 1, 1)","(256, 64, 1)","0","8.0","Command line profiler metrics","gpu__time_duration.sum","nsecond","487840"
"16","583630","python3.8","127.0.0.1","void cudnn::bn_fw_inf_1C11_kernel_NCHW<float, float, (bool)1, (int)1>(T2, T2, cudnnTensorStruct, const T1 *, cudnnTensorStruct, T1 *, cudnnTensorStruct, const T2 *, const T2 *, const T2 *, const T2 *, T2)","1","7","(512, 1, 1)","(256, 64, 1)","0","8.0","Command line profiler metrics","lts__t_sectors.avg.pct_of_peak_sustained_elapsed","%","21.24"
"17","583630","python3.8","127.0.0.1","void at::native::vectorized_elementwise_kernel<(int)4, at::native::CUDAFunctor_add<float>, at::detail::Array<char *, (int)3>>(int, T2, T3)","1","7","(128, 1, 1)","(100352, 1, 1)","0","8.0","Command line profiler metrics","dram__throughput.avg.pct_of_peak_sustained_elapsed","%","86.79"
"17","583630","python3.8","127.0.0.1","void at::native::vectorized_elementwise_kernel<(int)4, at::native::CUDAFunctor_add<float>, at::detail::Array<char *, (int)3>>(int, T2, T3)","1","7","(128, 1, 1)","(100352, 1, 1)","0","8.0","Command line profiler metrics","gpu__time_duration.sum","nsecond","358688"
"17","583630","python3.8","127.0.0.1","void at::native::vectorized_elementwise_kernel<(int)4, at::native::CUDAFunctor_add<float>, at::detail::Array<char *, (int)3>>(int, T2, T3)","1","7","(128, 1, 1)","(100352, 1, 1)","0","8.0","Command line profiler metrics","lts__t_sectors.avg.pct_of_peak_sustained_elapsed","%","39.89"
"18","583630","python3.8","127.0.0.1","void at::native::vectorized_elementwise_kernel<(int)4, at::native::<unnamed>::launch_clamp_scalar(at::TensorIteratorBase &, c10::Scalar, c10::Scalar, at::native::detail::ClampLimits)::[lambda() (instance 1)]::operator ()() const::[lambda() (instance 14)]::operator ()() const::[lambda(float) (instance 1)], at::detail::Array<char *, (int)2>>(int, T2, T3)","1","7","(128, 1, 1)","(100352, 1, 1)","0","8.0","Command line profiler metrics","dram__throughput.avg.pct_of_peak_sustained_elapsed","%","84.04"
"18","583630","python3.8","127.0.0.1","void at::native::vectorized_elementwise_kernel<(int)4, at::native::<unnamed>::launch_clamp_scalar(at::TensorIteratorBase &, c10::Scalar, c10::Scalar, at::native::detail::ClampLimits)::[lambda() (instance 1)]::operator ()() const::[lambda() (instance 14)]::operator ()() const::[lambda(float) (instance 1)], at::detail::Array<char *, (int)2>>(int, T2, T3)","1","7","(128, 1, 1)","(100352, 1, 1)","0","8.0","Command line profiler metrics","gpu__time_duration.sum","nsecond","241472"
"18","583630","python3.8","127.0.0.1","void at::native::vectorized_elementwise_kernel<(int)4, at::native::<unnamed>::launch_clamp_scalar(at::TensorIteratorBase &, c10::Scalar, c10::Scalar, at::native::detail::ClampLimits)::[lambda() (instance 1)]::operator ()() const::[lambda() (instance 14)]::operator ()() const::[lambda(float) (instance 1)], at::detail::Array<char *, (int)2>>(int, T2, T3)","1","7","(128, 1, 1)","(100352, 1, 1)","0","8.0","Command line profiler metrics","lts__t_sectors.avg.pct_of_peak_sustained_elapsed","%","37.48"
"19","583630","python3.8","127.0.0.1","void cutlass::Kernel<cutlass_80_tensorop_s1688gemm_256x64_16x4_nn_align4>(T1::Params)","1","7","(128, 1, 1)","(8, 2, 64)","0","8.0","Command line profiler metrics","dram__throughput.avg.pct_of_peak_sustained_elapsed","%","66.07"
"19","583630","python3.8","127.0.0.1","void cutlass::Kernel<cutlass_80_tensorop_s1688gemm_256x64_16x4_nn_align4>(T1::Params)","1","7","(128, 1, 1)","(8, 2, 64)","0","8.0","Command line profiler metrics","gpu__time_duration.sum","nsecond","195264"
"19","583630","python3.8","127.0.0.1","void cutlass::Kernel<cutlass_80_tensorop_s1688gemm_256x64_16x4_nn_align4>(T1::Params)","1","7","(128, 1, 1)","(8, 2, 64)","0","8.0","Command line profiler metrics","lts__t_sectors.avg.pct_of_peak_sustained_elapsed","%","36.61"
"20","583630","python3.8","127.0.0.1","void cudnn::bn_fw_inf_1C11_kernel_NCHW<float, float, (bool)1, (int)1>(T2, T2, cudnnTensorStruct, const T1 *, cudnnTensorStruct, T1 *, cudnnTensorStruct, const T2 *, const T2 *, const T2 *, const T2 *, T2)","1","7","(512, 1, 1)","(64, 64, 1)","0","8.0","Command line profiler metrics","dram__throughput.avg.pct_of_peak_sustained_elapsed","%","37.67"
"20","583630","python3.8","127.0.0.1","void cudnn::bn_fw_inf_1C11_kernel_NCHW<float, float, (bool)1, (int)1>(T2, T2, cudnnTensorStruct, const T1 *, cudnnTensorStruct, T1 *, cudnnTensorStruct, const T2 *, const T2 *, const T2 *, const T2 *, T2)","1","7","(512, 1, 1)","(64, 64, 1)","0","8.0","Command line profiler metrics","gpu__time_duration.sum","nsecond","123296"
"20","583630","python3.8","127.0.0.1","void cudnn::bn_fw_inf_1C11_kernel_NCHW<float, float, (bool)1, (int)1>(T2, T2, cudnnTensorStruct, const T1 *, cudnnTensorStruct, T1 *, cudnnTensorStruct, const T2 *, const T2 *, const T2 *, const T2 *, T2)","1","7","(512, 1, 1)","(64, 64, 1)","0","8.0","Command line profiler metrics","lts__t_sectors.avg.pct_of_peak_sustained_elapsed","%","20.07"
"21","583630","python3.8","127.0.0.1","void at::native::vectorized_elementwise_kernel<(int)4, at::native::<unnamed>::launch_clamp_scalar(at::TensorIteratorBase &, c10::Scalar, c10::Scalar, at::native::detail::ClampLimits)::[lambda() (instance 1)]::operator ()() const::[lambda() (instance 14)]::operator ()() const::[lambda(float) (instance 1)], at::detail::Array<char *, (int)2>>(int, T2, T3)","1","7","(128, 1, 1)","(25088, 1, 1)","0","8.0","Command line profiler metrics","dram__throughput.avg.pct_of_peak_sustained_elapsed","%","71.05"
"21","583630","python3.8","127.0.0.1","void at::native::vectorized_elementwise_kernel<(int)4, at::native::<unnamed>::launch_clamp_scalar(at::TensorIteratorBase &, c10::Scalar, c10::Scalar, at::native::detail::ClampLimits)::[lambda() (instance 1)]::operator ()() const::[lambda() (instance 14)]::operator ()() const::[lambda(float) (instance 1)], at::detail::Array<char *, (int)2>>(int, T2, T3)","1","7","(128, 1, 1)","(25088, 1, 1)","0","8.0","Command line profiler metrics","gpu__time_duration.sum","nsecond","61376"
"21","583630","python3.8","127.0.0.1","void at::native::vectorized_elementwise_kernel<(int)4, at::native::<unnamed>::launch_clamp_scalar(at::TensorIteratorBase &, c10::Scalar, c10::Scalar, at::native::detail::ClampLimits)::[lambda() (instance 1)]::operator ()() const::[lambda() (instance 14)]::operator ()() const::[lambda(float) (instance 1)], at::detail::Array<char *, (int)2>>(int, T2, T3)","1","7","(128, 1, 1)","(25088, 1, 1)","0","8.0","Command line profiler metrics","lts__t_sectors.avg.pct_of_peak_sustained_elapsed","%","34.85"
"22","583630","python3.8","127.0.0.1","void cudnn::ops::nchwToNhwcKernel<float, float, float, (bool)0, (bool)1, (cudnnKernelDataType_t)2>(cudnn::ops::nchw2nhwc_params_t<T3>, const T1 *, T2 *)","1","7","(256, 1, 1)","(98, 2, 64)","0","8.0","Command line profiler metrics","dram__throughput.avg.pct_of_peak_sustained_elapsed","%","57.01"
"22","583630","python3.8","127.0.0.1","void cudnn::ops::nchwToNhwcKernel<float, float, float, (bool)0, (bool)1, (cudnnKernelDataType_t)2>(cudnn::ops::nchw2nhwc_params_t<T3>, const T1 *, T2 *)","1","7","(256, 1, 1)","(98, 2, 64)","0","8.0","Command line profiler metrics","gpu__time_duration.sum","nsecond","80800"
"22","583630","python3.8","127.0.0.1","void cudnn::ops::nchwToNhwcKernel<float, float, float, (bool)0, (bool)1, (cudnnKernelDataType_t)2>(cudnn::ops::nchw2nhwc_params_t<T3>, const T1 *, T2 *)","1","7","(256, 1, 1)","(98, 2, 64)","0","8.0","Command line profiler metrics","lts__t_sectors.avg.pct_of_peak_sustained_elapsed","%","31.06"
"23","583630","python3.8","127.0.0.1","void cudnn::ops::nchwToNhwcKernel<float, float, float, (bool)0, (bool)1, (cudnnKernelDataType_t)2>(cudnn::ops::nchw2nhwc_params_t<T3>, const T1 *, T2 *)","1","7","(256, 1, 1)","(1, 2, 64)","0","8.0","Command line profiler metrics","dram__throughput.avg.pct_of_peak_sustained_elapsed","%","1.34"
"23","583630","python3.8","127.0.0.1","void cudnn::ops::nchwToNhwcKernel<float, float, float, (bool)0, (bool)1, (cudnnKernelDataType_t)2>(cudnn::ops::nchw2nhwc_params_t<T3>, const T1 *, T2 *)","1","7","(256, 1, 1)","(1, 2, 64)","0","8.0","Command line profiler metrics","gpu__time_duration.sum","nsecond","6112"
"23","583630","python3.8","127.0.0.1","void cudnn::ops::nchwToNhwcKernel<float, float, float, (bool)0, (bool)1, (cudnnKernelDataType_t)2>(cudnn::ops::nchw2nhwc_params_t<T3>, const T1 *, T2 *)","1","7","(256, 1, 1)","(1, 2, 64)","0","8.0","Command line profiler metrics","lts__t_sectors.avg.pct_of_peak_sustained_elapsed","%","1.63"
"24","583630","python3.8","127.0.0.1","sm80_xmma_fprop_implicit_gemm_indexed_tf32f32_tf32f32_f32_nhwckrsc_nchw_tilesize256x64x32_stage3_warpsize4x2x1_g1_tensor16x8x8_execute_kernel_cudnn","1","7","(256, 1, 1)","(1, 784, 1)","0","8.0","Command line profiler metrics","dram__throughput.avg.pct_of_peak_sustained_elapsed","%","11.36"
"24","583630","python3.8","127.0.0.1","sm80_xmma_fprop_implicit_gemm_indexed_tf32f32_tf32f32_f32_nhwckrsc_nchw_tilesize256x64x32_stage3_warpsize4x2x1_g1_tensor16x8x8_execute_kernel_cudnn","1","7","(256, 1, 1)","(1, 784, 1)","0","8.0","Command line profiler metrics","gpu__time_duration.sum","nsecond","408352"
"24","583630","python3.8","127.0.0.1","sm80_xmma_fprop_implicit_gemm_indexed_tf32f32_tf32f32_f32_nhwckrsc_nchw_tilesize256x64x32_stage3_warpsize4x2x1_g1_tensor16x8x8_execute_kernel_cudnn","1","7","(256, 1, 1)","(1, 784, 1)","0","8.0","Command line profiler metrics","lts__t_sectors.avg.pct_of_peak_sustained_elapsed","%","22.55"
"25","583630","python3.8","127.0.0.1","void cudnn::bn_fw_inf_1C11_kernel_NCHW<float, float, (bool)1, (int)1>(T2, T2, cudnnTensorStruct, const T1 *, cudnnTensorStruct, T1 *, cudnnTensorStruct, const T2 *, const T2 *, const T2 *, const T2 *, T2)","1","7","(512, 1, 1)","(64, 64, 1)","0","8.0","Command line profiler metrics","dram__throughput.avg.pct_of_peak_sustained_elapsed","%","37.82"
"25","583630","python3.8","127.0.0.1","void cudnn::bn_fw_inf_1C11_kernel_NCHW<float, float, (bool)1, (int)1>(T2, T2, cudnnTensorStruct, const T1 *, cudnnTensorStruct, T1 *, cudnnTensorStruct, const T2 *, const T2 *, const T2 *, const T2 *, T2)","1","7","(512, 1, 1)","(64, 64, 1)","0","8.0","Command line profiler metrics","gpu__time_duration.sum","nsecond","122656"
"25","583630","python3.8","127.0.0.1","void cudnn::bn_fw_inf_1C11_kernel_NCHW<float, float, (bool)1, (int)1>(T2, T2, cudnnTensorStruct, const T1 *, cudnnTensorStruct, T1 *, cudnnTensorStruct, const T2 *, const T2 *, const T2 *, const T2 *, T2)","1","7","(512, 1, 1)","(64, 64, 1)","0","8.0","Command line profiler metrics","lts__t_sectors.avg.pct_of_peak_sustained_elapsed","%","20.24"
"26","583630","python3.8","127.0.0.1","void at::native::vectorized_elementwise_kernel<(int)4, at::native::<unnamed>::launch_clamp_scalar(at::TensorIteratorBase &, c10::Scalar, c10::Scalar, at::native::detail::ClampLimits)::[lambda() (instance 1)]::operator ()() const::[lambda() (instance 14)]::operator ()() const::[lambda(float) (instance 1)], at::detail::Array<char *, (int)2>>(int, T2, T3)","1","7","(128, 1, 1)","(25088, 1, 1)","0","8.0","Command line profiler metrics","dram__throughput.avg.pct_of_peak_sustained_elapsed","%","70.33"
"26","583630","python3.8","127.0.0.1","void at::native::vectorized_elementwise_kernel<(int)4, at::native::<unnamed>::launch_clamp_scalar(at::TensorIteratorBase &, c10::Scalar, c10::Scalar, at::native::detail::ClampLimits)::[lambda() (instance 1)]::operator ()() const::[lambda() (instance 14)]::operator ()() const::[lambda(float) (instance 1)], at::detail::Array<char *, (int)2>>(int, T2, T3)","1","7","(128, 1, 1)","(25088, 1, 1)","0","8.0","Command line profiler metrics","gpu__time_duration.sum","nsecond","61952"
"26","583630","python3.8","127.0.0.1","void at::native::vectorized_elementwise_kernel<(int)4, at::native::<unnamed>::launch_clamp_scalar(at::TensorIteratorBase &, c10::Scalar, c10::Scalar, at::native::detail::ClampLimits)::[lambda() (instance 1)]::operator ()() const::[lambda() (instance 14)]::operator ()() const::[lambda(float) (instance 1)], at::detail::Array<char *, (int)2>>(int, T2, T3)","1","7","(128, 1, 1)","(25088, 1, 1)","0","8.0","Command line profiler metrics","lts__t_sectors.avg.pct_of_peak_sustained_elapsed","%","34.52"
"27","583630","python3.8","127.0.0.1","void cutlass::Kernel<cutlass_80_tensorop_s1688gemm_256x64_16x4_nn_align4>(T1::Params)","1","7","(128, 1, 1)","(32, 2, 64)","0","8.0","Command line profiler metrics","dram__throughput.avg.pct_of_peak_sustained_elapsed","%","39.44"
"27","583630","python3.8","127.0.0.1","void cutlass::Kernel<cutlass_80_tensorop_s1688gemm_256x64_16x4_nn_align4>(T1::Params)","1","7","(128, 1, 1)","(32, 2, 64)","0","8.0","Command line profiler metrics","gpu__time_duration.sum","nsecond","312352"
"27","583630","python3.8","127.0.0.1","void cutlass::Kernel<cutlass_80_tensorop_s1688gemm_256x64_16x4_nn_align4>(T1::Params)","1","7","(128, 1, 1)","(32, 2, 64)","0","8.0","Command line profiler metrics","lts__t_sectors.avg.pct_of_peak_sustained_elapsed","%","30.97"
"28","583630","python3.8","127.0.0.1","void cudnn::bn_fw_inf_1C11_kernel_NCHW<float, float, (bool)1, (int)1>(T2, T2, cudnnTensorStruct, const T1 *, cudnnTensorStruct, T1 *, cudnnTensorStruct, const T2 *, const T2 *, const T2 *, const T2 *, T2)","1","7","(512, 1, 1)","(256, 64, 1)","0","8.0","Command line profiler metrics","dram__throughput.avg.pct_of_peak_sustained_elapsed","%","42.24"
"28","583630","python3.8","127.0.0.1","void cudnn::bn_fw_inf_1C11_kernel_NCHW<float, float, (bool)1, (int)1>(T2, T2, cudnnTensorStruct, const T1 *, cudnnTensorStruct, T1 *, cudnnTensorStruct, const T2 *, const T2 *, const T2 *, const T2 *, T2)","1","7","(512, 1, 1)","(256, 64, 1)","0","8.0","Command line profiler metrics","gpu__time_duration.sum","nsecond","487104"
"28","583630","python3.8","127.0.0.1","void cudnn::bn_fw_inf_1C11_kernel_NCHW<float, float, (bool)1, (int)1>(T2, T2, cudnnTensorStruct, const T1 *, cudnnTensorStruct, T1 *, cudnnTensorStruct, const T2 *, const T2 *, const T2 *, const T2 *, T2)","1","7","(512, 1, 1)","(256, 64, 1)","0","8.0","Command line profiler metrics","lts__t_sectors.avg.pct_of_peak_sustained_elapsed","%","21.31"
"29","583630","python3.8","127.0.0.1","void at::native::vectorized_elementwise_kernel<(int)4, at::native::CUDAFunctor_add<float>, at::detail::Array<char *, (int)3>>(int, T2, T3)","1","7","(128, 1, 1)","(100352, 1, 1)","0","8.0","Command line profiler metrics","dram__throughput.avg.pct_of_peak_sustained_elapsed","%","86.73"
"29","583630","python3.8","127.0.0.1","void at::native::vectorized_elementwise_kernel<(int)4, at::native::CUDAFunctor_add<float>, at::detail::Array<char *, (int)3>>(int, T2, T3)","1","7","(128, 1, 1)","(100352, 1, 1)","0","8.0","Command line profiler metrics","gpu__time_duration.sum","nsecond","358976"
"29","583630","python3.8","127.0.0.1","void at::native::vectorized_elementwise_kernel<(int)4, at::native::CUDAFunctor_add<float>, at::detail::Array<char *, (int)3>>(int, T2, T3)","1","7","(128, 1, 1)","(100352, 1, 1)","0","8.0","Command line profiler metrics","lts__t_sectors.avg.pct_of_peak_sustained_elapsed","%","39.77"
"30","583630","python3.8","127.0.0.1","void at::native::vectorized_elementwise_kernel<(int)4, at::native::<unnamed>::launch_clamp_scalar(at::TensorIteratorBase &, c10::Scalar, c10::Scalar, at::native::detail::ClampLimits)::[lambda() (instance 1)]::operator ()() const::[lambda() (instance 14)]::operator ()() const::[lambda(float) (instance 1)], at::detail::Array<char *, (int)2>>(int, T2, T3)","1","7","(128, 1, 1)","(100352, 1, 1)","0","8.0","Command line profiler metrics","dram__throughput.avg.pct_of_peak_sustained_elapsed","%","83.99"
"30","583630","python3.8","127.0.0.1","void at::native::vectorized_elementwise_kernel<(int)4, at::native::<unnamed>::launch_clamp_scalar(at::TensorIteratorBase &, c10::Scalar, c10::Scalar, at::native::detail::ClampLimits)::[lambda() (instance 1)]::operator ()() const::[lambda() (instance 14)]::operator ()() const::[lambda(float) (instance 1)], at::detail::Array<char *, (int)2>>(int, T2, T3)","1","7","(128, 1, 1)","(100352, 1, 1)","0","8.0","Command line profiler metrics","gpu__time_duration.sum","nsecond","241568"
"30","583630","python3.8","127.0.0.1","void at::native::vectorized_elementwise_kernel<(int)4, at::native::<unnamed>::launch_clamp_scalar(at::TensorIteratorBase &, c10::Scalar, c10::Scalar, at::native::detail::ClampLimits)::[lambda() (instance 1)]::operator ()() const::[lambda() (instance 14)]::operator ()() const::[lambda(float) (instance 1)], at::detail::Array<char *, (int)2>>(int, T2, T3)","1","7","(128, 1, 1)","(100352, 1, 1)","0","8.0","Command line profiler metrics","lts__t_sectors.avg.pct_of_peak_sustained_elapsed","%","37.42"
"31","583630","python3.8","127.0.0.1","void cutlass::Kernel<cutlass_80_tensorop_s1688gemm_256x64_16x4_nn_align4>(T1::Params)","1","7","(128, 1, 1)","(8, 2, 64)","0","8.0","Command line profiler metrics","dram__throughput.avg.pct_of_peak_sustained_elapsed","%","66.14"
"31","583630","python3.8","127.0.0.1","void cutlass::Kernel<cutlass_80_tensorop_s1688gemm_256x64_16x4_nn_align4>(T1::Params)","1","7","(128, 1, 1)","(8, 2, 64)","0","8.0","Command line profiler metrics","gpu__time_duration.sum","nsecond","195296"
"31","583630","python3.8","127.0.0.1","void cutlass::Kernel<cutlass_80_tensorop_s1688gemm_256x64_16x4_nn_align4>(T1::Params)","1","7","(128, 1, 1)","(8, 2, 64)","0","8.0","Command line profiler metrics","lts__t_sectors.avg.pct_of_peak_sustained_elapsed","%","36.54"
"32","583630","python3.8","127.0.0.1","void cudnn::bn_fw_inf_1C11_kernel_NCHW<float, float, (bool)1, (int)1>(T2, T2, cudnnTensorStruct, const T1 *, cudnnTensorStruct, T1 *, cudnnTensorStruct, const T2 *, const T2 *, const T2 *, const T2 *, T2)","1","7","(512, 1, 1)","(64, 64, 1)","0","8.0","Command line profiler metrics","dram__throughput.avg.pct_of_peak_sustained_elapsed","%","37.58"
"32","583630","python3.8","127.0.0.1","void cudnn::bn_fw_inf_1C11_kernel_NCHW<float, float, (bool)1, (int)1>(T2, T2, cudnnTensorStruct, const T1 *, cudnnTensorStruct, T1 *, cudnnTensorStruct, const T2 *, const T2 *, const T2 *, const T2 *, T2)","1","7","(512, 1, 1)","(64, 64, 1)","0","8.0","Command line profiler metrics","gpu__time_duration.sum","nsecond","123584"
"32","583630","python3.8","127.0.0.1","void cudnn::bn_fw_inf_1C11_kernel_NCHW<float, float, (bool)1, (int)1>(T2, T2, cudnnTensorStruct, const T1 *, cudnnTensorStruct, T1 *, cudnnTensorStruct, const T2 *, const T2 *, const T2 *, const T2 *, T2)","1","7","(512, 1, 1)","(64, 64, 1)","0","8.0","Command line profiler metrics","lts__t_sectors.avg.pct_of_peak_sustained_elapsed","%","20.10"
"33","583630","python3.8","127.0.0.1","void at::native::vectorized_elementwise_kernel<(int)4, at::native::<unnamed>::launch_clamp_scalar(at::TensorIteratorBase &, c10::Scalar, c10::Scalar, at::native::detail::ClampLimits)::[lambda() (instance 1)]::operator ()() const::[lambda() (instance 14)]::operator ()() const::[lambda(float) (instance 1)], at::detail::Array<char *, (int)2>>(int, T2, T3)","1","7","(128, 1, 1)","(25088, 1, 1)","0","8.0","Command line profiler metrics","dram__throughput.avg.pct_of_peak_sustained_elapsed","%","70.32"
"33","583630","python3.8","127.0.0.1","void at::native::vectorized_elementwise_kernel<(int)4, at::native::<unnamed>::launch_clamp_scalar(at::TensorIteratorBase &, c10::Scalar, c10::Scalar, at::native::detail::ClampLimits)::[lambda() (instance 1)]::operator ()() const::[lambda() (instance 14)]::operator ()() const::[lambda(float) (instance 1)], at::detail::Array<char *, (int)2>>(int, T2, T3)","1","7","(128, 1, 1)","(25088, 1, 1)","0","8.0","Command line profiler metrics","gpu__time_duration.sum","nsecond","61984"
"33","583630","python3.8","127.0.0.1","void at::native::vectorized_elementwise_kernel<(int)4, at::native::<unnamed>::launch_clamp_scalar(at::TensorIteratorBase &, c10::Scalar, c10::Scalar, at::native::detail::ClampLimits)::[lambda() (instance 1)]::operator ()() const::[lambda() (instance 14)]::operator ()() const::[lambda(float) (instance 1)], at::detail::Array<char *, (int)2>>(int, T2, T3)","1","7","(128, 1, 1)","(25088, 1, 1)","0","8.0","Command line profiler metrics","lts__t_sectors.avg.pct_of_peak_sustained_elapsed","%","34.59"
"34","583630","python3.8","127.0.0.1","void cudnn::ops::nchwToNhwcKernel<float, float, float, (bool)0, (bool)1, (cudnnKernelDataType_t)2>(cudnn::ops::nchw2nhwc_params_t<T3>, const T1 *, T2 *)","1","7","(256, 1, 1)","(98, 2, 64)","0","8.0","Command line profiler metrics","dram__throughput.avg.pct_of_peak_sustained_elapsed","%","57.61"
"34","583630","python3.8","127.0.0.1","void cudnn::ops::nchwToNhwcKernel<float, float, float, (bool)0, (bool)1, (cudnnKernelDataType_t)2>(cudnn::ops::nchw2nhwc_params_t<T3>, const T1 *, T2 *)","1","7","(256, 1, 1)","(98, 2, 64)","0","8.0","Command line profiler metrics","gpu__time_duration.sum","nsecond","79840"
"34","583630","python3.8","127.0.0.1","void cudnn::ops::nchwToNhwcKernel<float, float, float, (bool)0, (bool)1, (cudnnKernelDataType_t)2>(cudnn::ops::nchw2nhwc_params_t<T3>, const T1 *, T2 *)","1","7","(256, 1, 1)","(98, 2, 64)","0","8.0","Command line profiler metrics","lts__t_sectors.avg.pct_of_peak_sustained_elapsed","%","31.35"
"35","583630","python3.8","127.0.0.1","void cudnn::ops::nchwToNhwcKernel<float, float, float, (bool)0, (bool)1, (cudnnKernelDataType_t)2>(cudnn::ops::nchw2nhwc_params_t<T3>, const T1 *, T2 *)","1","7","(256, 1, 1)","(1, 2, 64)","0","8.0","Command line profiler metrics","dram__throughput.avg.pct_of_peak_sustained_elapsed","%","1.33"
"35","583630","python3.8","127.0.0.1","void cudnn::ops::nchwToNhwcKernel<float, float, float, (bool)0, (bool)1, (cudnnKernelDataType_t)2>(cudnn::ops::nchw2nhwc_params_t<T3>, const T1 *, T2 *)","1","7","(256, 1, 1)","(1, 2, 64)","0","8.0","Command line profiler metrics","gpu__time_duration.sum","nsecond","6144"
"35","583630","python3.8","127.0.0.1","void cudnn::ops::nchwToNhwcKernel<float, float, float, (bool)0, (bool)1, (cudnnKernelDataType_t)2>(cudnn::ops::nchw2nhwc_params_t<T3>, const T1 *, T2 *)","1","7","(256, 1, 1)","(1, 2, 64)","0","8.0","Command line profiler metrics","lts__t_sectors.avg.pct_of_peak_sustained_elapsed","%","1.61"
"36","583630","python3.8","127.0.0.1","sm80_xmma_fprop_implicit_gemm_indexed_tf32f32_tf32f32_f32_nhwckrsc_nchw_tilesize256x64x32_stage3_warpsize4x2x1_g1_tensor16x8x8_execute_kernel_cudnn","1","7","(256, 1, 1)","(1, 784, 1)","0","8.0","Command line profiler metrics","dram__throughput.avg.pct_of_peak_sustained_elapsed","%","11.33"
"36","583630","python3.8","127.0.0.1","sm80_xmma_fprop_implicit_gemm_indexed_tf32f32_tf32f32_f32_nhwckrsc_nchw_tilesize256x64x32_stage3_warpsize4x2x1_g1_tensor16x8x8_execute_kernel_cudnn","1","7","(256, 1, 1)","(1, 784, 1)","0","8.0","Command line profiler metrics","gpu__time_duration.sum","nsecond","409024"
"36","583630","python3.8","127.0.0.1","sm80_xmma_fprop_implicit_gemm_indexed_tf32f32_tf32f32_f32_nhwckrsc_nchw_tilesize256x64x32_stage3_warpsize4x2x1_g1_tensor16x8x8_execute_kernel_cudnn","1","7","(256, 1, 1)","(1, 784, 1)","0","8.0","Command line profiler metrics","lts__t_sectors.avg.pct_of_peak_sustained_elapsed","%","22.52"
"37","583630","python3.8","127.0.0.1","void cudnn::bn_fw_inf_1C11_kernel_NCHW<float, float, (bool)1, (int)1>(T2, T2, cudnnTensorStruct, const T1 *, cudnnTensorStruct, T1 *, cudnnTensorStruct, const T2 *, const T2 *, const T2 *, const T2 *, T2)","1","7","(512, 1, 1)","(64, 64, 1)","0","8.0","Command line profiler metrics","dram__throughput.avg.pct_of_peak_sustained_elapsed","%","37.45"
"37","583630","python3.8","127.0.0.1","void cudnn::bn_fw_inf_1C11_kernel_NCHW<float, float, (bool)1, (int)1>(T2, T2, cudnnTensorStruct, const T1 *, cudnnTensorStruct, T1 *, cudnnTensorStruct, const T2 *, const T2 *, const T2 *, const T2 *, T2)","1","7","(512, 1, 1)","(64, 64, 1)","0","8.0","Command line profiler metrics","gpu__time_duration.sum","nsecond","124160"
"37","583630","python3.8","127.0.0.1","void cudnn::bn_fw_inf_1C11_kernel_NCHW<float, float, (bool)1, (int)1>(T2, T2, cudnnTensorStruct, const T1 *, cudnnTensorStruct, T1 *, cudnnTensorStruct, const T2 *, const T2 *, const T2 *, const T2 *, T2)","1","7","(512, 1, 1)","(64, 64, 1)","0","8.0","Command line profiler metrics","lts__t_sectors.avg.pct_of_peak_sustained_elapsed","%","20.01"
"38","583630","python3.8","127.0.0.1","void at::native::vectorized_elementwise_kernel<(int)4, at::native::<unnamed>::launch_clamp_scalar(at::TensorIteratorBase &, c10::Scalar, c10::Scalar, at::native::detail::ClampLimits)::[lambda() (instance 1)]::operator ()() const::[lambda() (instance 14)]::operator ()() const::[lambda(float) (instance 1)], at::detail::Array<char *, (int)2>>(int, T2, T3)","1","7","(128, 1, 1)","(25088, 1, 1)","0","8.0","Command line profiler metrics","dram__throughput.avg.pct_of_peak_sustained_elapsed","%","71.18"
"38","583630","python3.8","127.0.0.1","void at::native::vectorized_elementwise_kernel<(int)4, at::native::<unnamed>::launch_clamp_scalar(at::TensorIteratorBase &, c10::Scalar, c10::Scalar, at::native::detail::ClampLimits)::[lambda() (instance 1)]::operator ()() const::[lambda() (instance 14)]::operator ()() const::[lambda(float) (instance 1)], at::detail::Array<char *, (int)2>>(int, T2, T3)","1","7","(128, 1, 1)","(25088, 1, 1)","0","8.0","Command line profiler metrics","gpu__time_duration.sum","nsecond","61280"
"38","583630","python3.8","127.0.0.1","void at::native::vectorized_elementwise_kernel<(int)4, at::native::<unnamed>::launch_clamp_scalar(at::TensorIteratorBase &, c10::Scalar, c10::Scalar, at::native::detail::ClampLimits)::[lambda() (instance 1)]::operator ()() const::[lambda() (instance 14)]::operator ()() const::[lambda(float) (instance 1)], at::detail::Array<char *, (int)2>>(int, T2, T3)","1","7","(128, 1, 1)","(25088, 1, 1)","0","8.0","Command line profiler metrics","lts__t_sectors.avg.pct_of_peak_sustained_elapsed","%","34.92"
"39","583630","python3.8","127.0.0.1","void cutlass::Kernel<cutlass_80_tensorop_s1688gemm_256x64_16x4_nn_align4>(T1::Params)","1","7","(128, 1, 1)","(32, 2, 64)","0","8.0","Command line profiler metrics","dram__throughput.avg.pct_of_peak_sustained_elapsed","%","39.42"
"39","583630","python3.8","127.0.0.1","void cutlass::Kernel<cutlass_80_tensorop_s1688gemm_256x64_16x4_nn_align4>(T1::Params)","1","7","(128, 1, 1)","(32, 2, 64)","0","8.0","Command line profiler metrics","gpu__time_duration.sum","nsecond","312448"
"39","583630","python3.8","127.0.0.1","void cutlass::Kernel<cutlass_80_tensorop_s1688gemm_256x64_16x4_nn_align4>(T1::Params)","1","7","(128, 1, 1)","(32, 2, 64)","0","8.0","Command line profiler metrics","lts__t_sectors.avg.pct_of_peak_sustained_elapsed","%","30.93"
"40","583630","python3.8","127.0.0.1","void cudnn::bn_fw_inf_1C11_kernel_NCHW<float, float, (bool)1, (int)1>(T2, T2, cudnnTensorStruct, const T1 *, cudnnTensorStruct, T1 *, cudnnTensorStruct, const T2 *, const T2 *, const T2 *, const T2 *, T2)","1","7","(512, 1, 1)","(256, 64, 1)","0","8.0","Command line profiler metrics","dram__throughput.avg.pct_of_peak_sustained_elapsed","%","42.19"
"40","583630","python3.8","127.0.0.1","void cudnn::bn_fw_inf_1C11_kernel_NCHW<float, float, (bool)1, (int)1>(T2, T2, cudnnTensorStruct, const T1 *, cudnnTensorStruct, T1 *, cudnnTensorStruct, const T2 *, const T2 *, const T2 *, const T2 *, T2)","1","7","(512, 1, 1)","(256, 64, 1)","0","8.0","Command line profiler metrics","gpu__time_duration.sum","nsecond","487584"
"40","583630","python3.8","127.0.0.1","void cudnn::bn_fw_inf_1C11_kernel_NCHW<float, float, (bool)1, (int)1>(T2, T2, cudnnTensorStruct, const T1 *, cudnnTensorStruct, T1 *, cudnnTensorStruct, const T2 *, const T2 *, const T2 *, const T2 *, T2)","1","7","(512, 1, 1)","(256, 64, 1)","0","8.0","Command line profiler metrics","lts__t_sectors.avg.pct_of_peak_sustained_elapsed","%","21.24"
"41","583630","python3.8","127.0.0.1","void at::native::vectorized_elementwise_kernel<(int)4, at::native::CUDAFunctor_add<float>, at::detail::Array<char *, (int)3>>(int, T2, T3)","1","7","(128, 1, 1)","(100352, 1, 1)","0","8.0","Command line profiler metrics","dram__throughput.avg.pct_of_peak_sustained_elapsed","%","87.37"
"41","583630","python3.8","127.0.0.1","void at::native::vectorized_elementwise_kernel<(int)4, at::native::CUDAFunctor_add<float>, at::detail::Array<char *, (int)3>>(int, T2, T3)","1","7","(128, 1, 1)","(100352, 1, 1)","0","8.0","Command line profiler metrics","gpu__time_duration.sum","nsecond","356288"
"41","583630","python3.8","127.0.0.1","void at::native::vectorized_elementwise_kernel<(int)4, at::native::CUDAFunctor_add<float>, at::detail::Array<char *, (int)3>>(int, T2, T3)","1","7","(128, 1, 1)","(100352, 1, 1)","0","8.0","Command line profiler metrics","lts__t_sectors.avg.pct_of_peak_sustained_elapsed","%","40.16"
"42","583630","python3.8","127.0.0.1","void at::native::vectorized_elementwise_kernel<(int)4, at::native::<unnamed>::launch_clamp_scalar(at::TensorIteratorBase &, c10::Scalar, c10::Scalar, at::native::detail::ClampLimits)::[lambda() (instance 1)]::operator ()() const::[lambda() (instance 14)]::operator ()() const::[lambda(float) (instance 1)], at::detail::Array<char *, (int)2>>(int, T2, T3)","1","7","(128, 1, 1)","(100352, 1, 1)","0","8.0","Command line profiler metrics","dram__throughput.avg.pct_of_peak_sustained_elapsed","%","83.62"
"42","583630","python3.8","127.0.0.1","void at::native::vectorized_elementwise_kernel<(int)4, at::native::<unnamed>::launch_clamp_scalar(at::TensorIteratorBase &, c10::Scalar, c10::Scalar, at::native::detail::ClampLimits)::[lambda() (instance 1)]::operator ()() const::[lambda() (instance 14)]::operator ()() const::[lambda(float) (instance 1)], at::detail::Array<char *, (int)2>>(int, T2, T3)","1","7","(128, 1, 1)","(100352, 1, 1)","0","8.0","Command line profiler metrics","gpu__time_duration.sum","nsecond","242592"
"42","583630","python3.8","127.0.0.1","void at::native::vectorized_elementwise_kernel<(int)4, at::native::<unnamed>::launch_clamp_scalar(at::TensorIteratorBase &, c10::Scalar, c10::Scalar, at::native::detail::ClampLimits)::[lambda() (instance 1)]::operator ()() const::[lambda() (instance 14)]::operator ()() const::[lambda(float) (instance 1)], at::detail::Array<char *, (int)2>>(int, T2, T3)","1","7","(128, 1, 1)","(100352, 1, 1)","0","8.0","Command line profiler metrics","lts__t_sectors.avg.pct_of_peak_sustained_elapsed","%","37.23"
"43","583630","python3.8","127.0.0.1","void cutlass::Kernel<cutlass_80_tensorop_s1688gemm_256x64_16x4_nn_align4>(T1::Params)","1","7","(128, 1, 1)","(16, 2, 64)","0","8.0","Command line profiler metrics","dram__throughput.avg.pct_of_peak_sustained_elapsed","%","43.04"
"43","583630","python3.8","127.0.0.1","void cutlass::Kernel<cutlass_80_tensorop_s1688gemm_256x64_16x4_nn_align4>(T1::Params)","1","7","(128, 1, 1)","(16, 2, 64)","0","8.0","Command line profiler metrics","gpu__time_duration.sum","nsecond","358848"
"43","583630","python3.8","127.0.0.1","void cutlass::Kernel<cutlass_80_tensorop_s1688gemm_256x64_16x4_nn_align4>(T1::Params)","1","7","(128, 1, 1)","(16, 2, 64)","0","8.0","Command line profiler metrics","lts__t_sectors.avg.pct_of_peak_sustained_elapsed","%","36.45"
"44","583630","python3.8","127.0.0.1","void cudnn::bn_fw_inf_1C11_kernel_NCHW<float, float, (bool)1, (int)1>(T2, T2, cudnnTensorStruct, const T1 *, cudnnTensorStruct, T1 *, cudnnTensorStruct, const T2 *, const T2 *, const T2 *, const T2 *, T2)","1","7","(512, 1, 1)","(128, 64, 1)","0","8.0","Command line profiler metrics","dram__throughput.avg.pct_of_peak_sustained_elapsed","%","40.69"
"44","583630","python3.8","127.0.0.1","void cudnn::bn_fw_inf_1C11_kernel_NCHW<float, float, (bool)1, (int)1>(T2, T2, cudnnTensorStruct, const T1 *, cudnnTensorStruct, T1 *, cudnnTensorStruct, const T2 *, const T2 *, const T2 *, const T2 *, T2)","1","7","(512, 1, 1)","(128, 64, 1)","0","8.0","Command line profiler metrics","gpu__time_duration.sum","nsecond","244640"
"44","583630","python3.8","127.0.0.1","void cudnn::bn_fw_inf_1C11_kernel_NCHW<float, float, (bool)1, (int)1>(T2, T2, cudnnTensorStruct, const T1 *, cudnnTensorStruct, T1 *, cudnnTensorStruct, const T2 *, const T2 *, const T2 *, const T2 *, T2)","1","7","(512, 1, 1)","(128, 64, 1)","0","8.0","Command line profiler metrics","lts__t_sectors.avg.pct_of_peak_sustained_elapsed","%","20.85"
"45","583630","python3.8","127.0.0.1","void at::native::vectorized_elementwise_kernel<(int)4, at::native::<unnamed>::launch_clamp_scalar(at::TensorIteratorBase &, c10::Scalar, c10::Scalar, at::native::detail::ClampLimits)::[lambda() (instance 1)]::operator ()() const::[lambda() (instance 14)]::operator ()() const::[lambda(float) (instance 1)], at::detail::Array<char *, (int)2>>(int, T2, T3)","1","7","(128, 1, 1)","(50176, 1, 1)","0","8.0","Command line profiler metrics","dram__throughput.avg.pct_of_peak_sustained_elapsed","%","79.68"
"45","583630","python3.8","127.0.0.1","void at::native::vectorized_elementwise_kernel<(int)4, at::native::<unnamed>::launch_clamp_scalar(at::TensorIteratorBase &, c10::Scalar, c10::Scalar, at::native::detail::ClampLimits)::[lambda() (instance 1)]::operator ()() const::[lambda() (instance 14)]::operator ()() const::[lambda(float) (instance 1)], at::detail::Array<char *, (int)2>>(int, T2, T3)","1","7","(128, 1, 1)","(50176, 1, 1)","0","8.0","Command line profiler metrics","gpu__time_duration.sum","nsecond","121376"
"45","583630","python3.8","127.0.0.1","void at::native::vectorized_elementwise_kernel<(int)4, at::native::<unnamed>::launch_clamp_scalar(at::TensorIteratorBase &, c10::Scalar, c10::Scalar, at::native::detail::ClampLimits)::[lambda() (instance 1)]::operator ()() const::[lambda() (instance 14)]::operator ()() const::[lambda(float) (instance 1)], at::detail::Array<char *, (int)2>>(int, T2, T3)","1","7","(128, 1, 1)","(50176, 1, 1)","0","8.0","Command line profiler metrics","lts__t_sectors.avg.pct_of_peak_sustained_elapsed","%","36.63"
"46","583630","python3.8","127.0.0.1","void cudnn::ops::nchwToNhwcKernel<float, float, float, (bool)0, (bool)1, (cudnnKernelDataType_t)2>(cudnn::ops::nchw2nhwc_params_t<T3>, const T1 *, T2 *)","1","7","(256, 1, 1)","(98, 4, 64)","0","8.0","Command line profiler metrics","dram__throughput.avg.pct_of_peak_sustained_elapsed","%","65.66"
"46","583630","python3.8","127.0.0.1","void cudnn::ops::nchwToNhwcKernel<float, float, float, (bool)0, (bool)1, (cudnnKernelDataType_t)2>(cudnn::ops::nchw2nhwc_params_t<T3>, const T1 *, T2 *)","1","7","(256, 1, 1)","(98, 4, 64)","0","8.0","Command line profiler metrics","gpu__time_duration.sum","nsecond","150912"
"46","583630","python3.8","127.0.0.1","void cudnn::ops::nchwToNhwcKernel<float, float, float, (bool)0, (bool)1, (cudnnKernelDataType_t)2>(cudnn::ops::nchw2nhwc_params_t<T3>, const T1 *, T2 *)","1","7","(256, 1, 1)","(98, 4, 64)","0","8.0","Command line profiler metrics","lts__t_sectors.avg.pct_of_peak_sustained_elapsed","%","34.07"
"47","583630","python3.8","127.0.0.1","void cudnn::ops::nchwToNhwcKernel<float, float, float, (bool)0, (bool)1, (cudnnKernelDataType_t)2>(cudnn::ops::nchw2nhwc_params_t<T3>, const T1 *, T2 *)","1","7","(256, 1, 1)","(1, 4, 128)","0","8.0","Command line profiler metrics","dram__throughput.avg.pct_of_peak_sustained_elapsed","%","3.84"
"47","583630","python3.8","127.0.0.1","void cudnn::ops::nchwToNhwcKernel<float, float, float, (bool)0, (bool)1, (cudnnKernelDataType_t)2>(cudnn::ops::nchw2nhwc_params_t<T3>, const T1 *, T2 *)","1","7","(256, 1, 1)","(1, 4, 128)","0","8.0","Command line profiler metrics","gpu__time_duration.sum","nsecond","8128"
"47","583630","python3.8","127.0.0.1","void cudnn::ops::nchwToNhwcKernel<float, float, float, (bool)0, (bool)1, (cudnnKernelDataType_t)2>(cudnn::ops::nchw2nhwc_params_t<T3>, const T1 *, T2 *)","1","7","(256, 1, 1)","(1, 4, 128)","0","8.0","Command line profiler metrics","lts__t_sectors.avg.pct_of_peak_sustained_elapsed","%","3.47"
"48","583630","python3.8","127.0.0.1","sm80_xmma_fprop_implicit_gemm_indexed_tf32f32_tf32f32_f32_nhwckrsc_nchw_tilesize128x128x16_stage4_warpsize2x2x1_g1_tensor16x8x8_execute_kernel_cudnn","1","7","(128, 1, 1)","(1, 392, 1)","0","8.0","Command line profiler metrics","dram__throughput.avg.pct_of_peak_sustained_elapsed","%","20.68"
"48","583630","python3.8","127.0.0.1","sm80_xmma_fprop_implicit_gemm_indexed_tf32f32_tf32f32_f32_nhwckrsc_nchw_tilesize128x128x16_stage4_warpsize2x2x1_g1_tensor16x8x8_execute_kernel_cudnn","1","7","(128, 1, 1)","(1, 392, 1)","0","8.0","Command line profiler metrics","gpu__time_duration.sum","nsecond","307872"
"48","583630","python3.8","127.0.0.1","sm80_xmma_fprop_implicit_gemm_indexed_tf32f32_tf32f32_f32_nhwckrsc_nchw_tilesize128x128x16_stage4_warpsize2x2x1_g1_tensor16x8x8_execute_kernel_cudnn","1","7","(128, 1, 1)","(1, 392, 1)","0","8.0","Command line profiler metrics","lts__t_sectors.avg.pct_of_peak_sustained_elapsed","%","25.18"
"49","583630","python3.8","127.0.0.1","void cudnn::bn_fw_inf_1C11_kernel_NCHW<float, float, (bool)1, (int)1>(T2, T2, cudnnTensorStruct, const T1 *, cudnnTensorStruct, T1 *, cudnnTensorStruct, const T2 *, const T2 *, const T2 *, const T2 *, T2)","1","7","(256, 1, 1)","(128, 64, 1)","0","8.0","Command line profiler metrics","dram__throughput.avg.pct_of_peak_sustained_elapsed","%","29.85"
"49","583630","python3.8","127.0.0.1","void cudnn::bn_fw_inf_1C11_kernel_NCHW<float, float, (bool)1, (int)1>(T2, T2, cudnnTensorStruct, const T1 *, cudnnTensorStruct, T1 *, cudnnTensorStruct, const T2 *, const T2 *, const T2 *, const T2 *, T2)","1","7","(256, 1, 1)","(128, 64, 1)","0","8.0","Command line profiler metrics","gpu__time_duration.sum","nsecond","66976"
"49","583630","python3.8","127.0.0.1","void cudnn::bn_fw_inf_1C11_kernel_NCHW<float, float, (bool)1, (int)1>(T2, T2, cudnnTensorStruct, const T1 *, cudnnTensorStruct, T1 *, cudnnTensorStruct, const T2 *, const T2 *, const T2 *, const T2 *, T2)","1","7","(256, 1, 1)","(128, 64, 1)","0","8.0","Command line profiler metrics","lts__t_sectors.avg.pct_of_peak_sustained_elapsed","%","17.41"
"50","583630","python3.8","127.0.0.1","void at::native::vectorized_elementwise_kernel<(int)4, at::native::<unnamed>::launch_clamp_scalar(at::TensorIteratorBase &, c10::Scalar, c10::Scalar, at::native::detail::ClampLimits)::[lambda() (instance 1)]::operator ()() const::[lambda() (instance 14)]::operator ()() const::[lambda(float) (instance 1)], at::detail::Array<char *, (int)2>>(int, T2, T3)","1","7","(128, 1, 1)","(12544, 1, 1)","0","8.0","Command line profiler metrics","dram__throughput.avg.pct_of_peak_sustained_elapsed","%","54.61"
"50","583630","python3.8","127.0.0.1","void at::native::vectorized_elementwise_kernel<(int)4, at::native::<unnamed>::launch_clamp_scalar(at::TensorIteratorBase &, c10::Scalar, c10::Scalar, at::native::detail::ClampLimits)::[lambda() (instance 1)]::operator ()() const::[lambda() (instance 14)]::operator ()() const::[lambda(float) (instance 1)], at::detail::Array<char *, (int)2>>(int, T2, T3)","1","7","(128, 1, 1)","(12544, 1, 1)","0","8.0","Command line profiler metrics","gpu__time_duration.sum","nsecond","31136"
"50","583630","python3.8","127.0.0.1","void at::native::vectorized_elementwise_kernel<(int)4, at::native::<unnamed>::launch_clamp_scalar(at::TensorIteratorBase &, c10::Scalar, c10::Scalar, at::native::detail::ClampLimits)::[lambda() (instance 1)]::operator ()() const::[lambda() (instance 14)]::operator ()() const::[lambda(float) (instance 1)], at::detail::Array<char *, (int)2>>(int, T2, T3)","1","7","(128, 1, 1)","(12544, 1, 1)","0","8.0","Command line profiler metrics","lts__t_sectors.avg.pct_of_peak_sustained_elapsed","%","32.41"
"51","583630","python3.8","127.0.0.1","void cutlass::Kernel<cutlass_80_tensorop_s1688gemm_256x64_16x4_nn_align4>(T1::Params)","1","7","(128, 1, 1)","(32, 1, 64)","0","8.0","Command line profiler metrics","dram__throughput.avg.pct_of_peak_sustained_elapsed","%","20.66"
"51","583630","python3.8","127.0.0.1","void cutlass::Kernel<cutlass_80_tensorop_s1688gemm_256x64_16x4_nn_align4>(T1::Params)","1","7","(128, 1, 1)","(32, 1, 64)","0","8.0","Command line profiler metrics","gpu__time_duration.sum","nsecond","276736"
"51","583630","python3.8","127.0.0.1","void cutlass::Kernel<cutlass_80_tensorop_s1688gemm_256x64_16x4_nn_align4>(T1::Params)","1","7","(128, 1, 1)","(32, 1, 64)","0","8.0","Command line profiler metrics","lts__t_sectors.avg.pct_of_peak_sustained_elapsed","%","23.99"
"52","583630","python3.8","127.0.0.1","void cudnn::bn_fw_inf_1C11_kernel_NCHW<float, float, (bool)1, (int)1>(T2, T2, cudnnTensorStruct, const T1 *, cudnnTensorStruct, T1 *, cudnnTensorStruct, const T2 *, const T2 *, const T2 *, const T2 *, T2)","1","7","(256, 1, 1)","(512, 64, 1)","0","8.0","Command line profiler metrics","dram__throughput.avg.pct_of_peak_sustained_elapsed","%","35.11"
"52","583630","python3.8","127.0.0.1","void cudnn::bn_fw_inf_1C11_kernel_NCHW<float, float, (bool)1, (int)1>(T2, T2, cudnnTensorStruct, const T1 *, cudnnTensorStruct, T1 *, cudnnTensorStruct, const T2 *, const T2 *, const T2 *, const T2 *, T2)","1","7","(256, 1, 1)","(512, 64, 1)","0","8.0","Command line profiler metrics","gpu__time_duration.sum","nsecond","284000"
"52","583630","python3.8","127.0.0.1","void cudnn::bn_fw_inf_1C11_kernel_NCHW<float, float, (bool)1, (int)1>(T2, T2, cudnnTensorStruct, const T1 *, cudnnTensorStruct, T1 *, cudnnTensorStruct, const T2 *, const T2 *, const T2 *, const T2 *, T2)","1","7","(256, 1, 1)","(512, 64, 1)","0","8.0","Command line profiler metrics","lts__t_sectors.avg.pct_of_peak_sustained_elapsed","%","18.09"
"53","583630","python3.8","127.0.0.1","void cudnn::ops::nchwToNhwcKernel<float, float, float, (bool)0, (bool)1, (cudnnKernelDataType_t)2>(cudnn::ops::nchw2nhwc_params_t<T3>, const T1 *, T2 *)","1","7","(256, 1, 1)","(98, 8, 64)","0","8.0","Command line profiler metrics","dram__throughput.avg.pct_of_peak_sustained_elapsed","%","71.47"
"53","583630","python3.8","127.0.0.1","void cudnn::ops::nchwToNhwcKernel<float, float, float, (bool)0, (bool)1, (cudnnKernelDataType_t)2>(cudnn::ops::nchw2nhwc_params_t<T3>, const T1 *, T2 *)","1","7","(256, 1, 1)","(98, 8, 64)","0","8.0","Command line profiler metrics","gpu__time_duration.sum","nsecond","287104"
"53","583630","python3.8","127.0.0.1","void cudnn::ops::nchwToNhwcKernel<float, float, float, (bool)0, (bool)1, (cudnnKernelDataType_t)2>(cudnn::ops::nchw2nhwc_params_t<T3>, const T1 *, T2 *)","1","7","(256, 1, 1)","(98, 8, 64)","0","8.0","Command line profiler metrics","lts__t_sectors.avg.pct_of_peak_sustained_elapsed","%","36.20"
"54","583630","python3.8","127.0.0.1","void cudnn::ops::nchwToNhwcKernel<float, float, float, (bool)0, (bool)1, (cudnnKernelDataType_t)2>(cudnn::ops::nchw2nhwc_params_t<T3>, const T1 *, T2 *)","1","7","(256, 1, 1)","(1, 8, 512)","0","8.0","Command line profiler metrics","dram__throughput.avg.pct_of_peak_sustained_elapsed","%","1.21"
"54","583630","python3.8","127.0.0.1","void cudnn::ops::nchwToNhwcKernel<float, float, float, (bool)0, (bool)1, (cudnnKernelDataType_t)2>(cudnn::ops::nchw2nhwc_params_t<T3>, const T1 *, T2 *)","1","7","(256, 1, 1)","(1, 8, 512)","0","8.0","Command line profiler metrics","gpu__time_duration.sum","nsecond","22816"
"54","583630","python3.8","127.0.0.1","void cudnn::ops::nchwToNhwcKernel<float, float, float, (bool)0, (bool)1, (cudnnKernelDataType_t)2>(cudnn::ops::nchw2nhwc_params_t<T3>, const T1 *, T2 *)","1","7","(256, 1, 1)","(1, 8, 512)","0","8.0","Command line profiler metrics","lts__t_sectors.avg.pct_of_peak_sustained_elapsed","%","1.22"
"55","583630","python3.8","127.0.0.1","sm80_xmma_fprop_implicit_gemm_indexed_tf32f32_tf32f32_f32_nhwckrsc_nchw_tilesize128x128x16_stage4_warpsize2x2x1_g1_tensor16x8x8_execute_kernel_cudnn","1","7","(128, 1, 1)","(4, 392, 1)","0","8.0","Command line profiler metrics","dram__throughput.avg.pct_of_peak_sustained_elapsed","%","19.16"
"55","583630","python3.8","127.0.0.1","sm80_xmma_fprop_implicit_gemm_indexed_tf32f32_tf32f32_f32_nhwckrsc_nchw_tilesize128x128x16_stage4_warpsize2x2x1_g1_tensor16x8x8_execute_kernel_cudnn","1","7","(128, 1, 1)","(4, 392, 1)","0","8.0","Command line profiler metrics","gpu__time_duration.sum","nsecond","372800"
"55","583630","python3.8","127.0.0.1","sm80_xmma_fprop_implicit_gemm_indexed_tf32f32_tf32f32_f32_nhwckrsc_nchw_tilesize128x128x16_stage4_warpsize2x2x1_g1_tensor16x8x8_execute_kernel_cudnn","1","7","(128, 1, 1)","(4, 392, 1)","0","8.0","Command line profiler metrics","lts__t_sectors.avg.pct_of_peak_sustained_elapsed","%","23.94"
"56","583630","python3.8","127.0.0.1","void cudnn::bn_fw_inf_1C11_kernel_NCHW<float, float, (bool)1, (int)1>(T2, T2, cudnnTensorStruct, const T1 *, cudnnTensorStruct, T1 *, cudnnTensorStruct, const T2 *, const T2 *, const T2 *, const T2 *, T2)","1","7","(256, 1, 1)","(512, 64, 1)","0","8.0","Command line profiler metrics","dram__throughput.avg.pct_of_peak_sustained_elapsed","%","34.99"
"56","583630","python3.8","127.0.0.1","void cudnn::bn_fw_inf_1C11_kernel_NCHW<float, float, (bool)1, (int)1>(T2, T2, cudnnTensorStruct, const T1 *, cudnnTensorStruct, T1 *, cudnnTensorStruct, const T2 *, const T2 *, const T2 *, const T2 *, T2)","1","7","(256, 1, 1)","(512, 64, 1)","0","8.0","Command line profiler metrics","gpu__time_duration.sum","nsecond","284960"
"56","583630","python3.8","127.0.0.1","void cudnn::bn_fw_inf_1C11_kernel_NCHW<float, float, (bool)1, (int)1>(T2, T2, cudnnTensorStruct, const T1 *, cudnnTensorStruct, T1 *, cudnnTensorStruct, const T2 *, const T2 *, const T2 *, const T2 *, T2)","1","7","(256, 1, 1)","(512, 64, 1)","0","8.0","Command line profiler metrics","lts__t_sectors.avg.pct_of_peak_sustained_elapsed","%","18.04"
"57","583630","python3.8","127.0.0.1","void at::native::vectorized_elementwise_kernel<(int)4, at::native::CUDAFunctor_add<float>, at::detail::Array<char *, (int)3>>(int, T2, T3)","1","7","(128, 1, 1)","(50176, 1, 1)","0","8.0","Command line profiler metrics","dram__throughput.avg.pct_of_peak_sustained_elapsed","%","86.86"
"57","583630","python3.8","127.0.0.1","void at::native::vectorized_elementwise_kernel<(int)4, at::native::CUDAFunctor_add<float>, at::detail::Array<char *, (int)3>>(int, T2, T3)","1","7","(128, 1, 1)","(50176, 1, 1)","0","8.0","Command line profiler metrics","gpu__time_duration.sum","nsecond","175552"
"57","583630","python3.8","127.0.0.1","void at::native::vectorized_elementwise_kernel<(int)4, at::native::CUDAFunctor_add<float>, at::detail::Array<char *, (int)3>>(int, T2, T3)","1","7","(128, 1, 1)","(50176, 1, 1)","0","8.0","Command line profiler metrics","lts__t_sectors.avg.pct_of_peak_sustained_elapsed","%","40.26"
"58","583630","python3.8","127.0.0.1","void at::native::vectorized_elementwise_kernel<(int)4, at::native::<unnamed>::launch_clamp_scalar(at::TensorIteratorBase &, c10::Scalar, c10::Scalar, at::native::detail::ClampLimits)::[lambda() (instance 1)]::operator ()() const::[lambda() (instance 14)]::operator ()() const::[lambda(float) (instance 1)], at::detail::Array<char *, (int)2>>(int, T2, T3)","1","7","(128, 1, 1)","(50176, 1, 1)","0","8.0","Command line profiler metrics","dram__throughput.avg.pct_of_peak_sustained_elapsed","%","79.45"
"58","583630","python3.8","127.0.0.1","void at::native::vectorized_elementwise_kernel<(int)4, at::native::<unnamed>::launch_clamp_scalar(at::TensorIteratorBase &, c10::Scalar, c10::Scalar, at::native::detail::ClampLimits)::[lambda() (instance 1)]::operator ()() const::[lambda() (instance 14)]::operator ()() const::[lambda(float) (instance 1)], at::detail::Array<char *, (int)2>>(int, T2, T3)","1","7","(128, 1, 1)","(50176, 1, 1)","0","8.0","Command line profiler metrics","gpu__time_duration.sum","nsecond","121728"
"58","583630","python3.8","127.0.0.1","void at::native::vectorized_elementwise_kernel<(int)4, at::native::<unnamed>::launch_clamp_scalar(at::TensorIteratorBase &, c10::Scalar, c10::Scalar, at::native::detail::ClampLimits)::[lambda() (instance 1)]::operator ()() const::[lambda() (instance 14)]::operator ()() const::[lambda(float) (instance 1)], at::detail::Array<char *, (int)2>>(int, T2, T3)","1","7","(128, 1, 1)","(50176, 1, 1)","0","8.0","Command line profiler metrics","lts__t_sectors.avg.pct_of_peak_sustained_elapsed","%","36.60"
"59","583630","python3.8","127.0.0.1","void cutlass::Kernel<cutlass_80_tensorop_s1688gemm_256x64_16x4_nn_align4>(T1::Params)","1","7","(128, 1, 1)","(8, 1, 64)","0","8.0","Command line profiler metrics","dram__throughput.avg.pct_of_peak_sustained_elapsed","%","31.21"
"59","583630","python3.8","127.0.0.1","void cutlass::Kernel<cutlass_80_tensorop_s1688gemm_256x64_16x4_nn_align4>(T1::Params)","1","7","(128, 1, 1)","(8, 1, 64)","0","8.0","Command line profiler metrics","gpu__time_duration.sum","nsecond","204512"
"59","583630","python3.8","127.0.0.1","void cutlass::Kernel<cutlass_80_tensorop_s1688gemm_256x64_16x4_nn_align4>(T1::Params)","1","7","(128, 1, 1)","(8, 1, 64)","0","8.0","Command line profiler metrics","lts__t_sectors.avg.pct_of_peak_sustained_elapsed","%","29.31"
"60","583630","python3.8","127.0.0.1","void cudnn::bn_fw_inf_1C11_kernel_NCHW<float, float, (bool)1, (int)1>(T2, T2, cudnnTensorStruct, const T1 *, cudnnTensorStruct, T1 *, cudnnTensorStruct, const T2 *, const T2 *, const T2 *, const T2 *, T2)","1","7","(256, 1, 1)","(128, 64, 1)","0","8.0","Command line profiler metrics","dram__throughput.avg.pct_of_peak_sustained_elapsed","%","30.01"
"60","583630","python3.8","127.0.0.1","void cudnn::bn_fw_inf_1C11_kernel_NCHW<float, float, (bool)1, (int)1>(T2, T2, cudnnTensorStruct, const T1 *, cudnnTensorStruct, T1 *, cudnnTensorStruct, const T2 *, const T2 *, const T2 *, const T2 *, T2)","1","7","(256, 1, 1)","(128, 64, 1)","0","8.0","Command line profiler metrics","gpu__time_duration.sum","nsecond","66816"
"60","583630","python3.8","127.0.0.1","void cudnn::bn_fw_inf_1C11_kernel_NCHW<float, float, (bool)1, (int)1>(T2, T2, cudnnTensorStruct, const T1 *, cudnnTensorStruct, T1 *, cudnnTensorStruct, const T2 *, const T2 *, const T2 *, const T2 *, T2)","1","7","(256, 1, 1)","(128, 64, 1)","0","8.0","Command line profiler metrics","lts__t_sectors.avg.pct_of_peak_sustained_elapsed","%","17.36"
"61","583630","python3.8","127.0.0.1","void at::native::vectorized_elementwise_kernel<(int)4, at::native::<unnamed>::launch_clamp_scalar(at::TensorIteratorBase &, c10::Scalar, c10::Scalar, at::native::detail::ClampLimits)::[lambda() (instance 1)]::operator ()() const::[lambda() (instance 14)]::operator ()() const::[lambda(float) (instance 1)], at::detail::Array<char *, (int)2>>(int, T2, T3)","1","7","(128, 1, 1)","(12544, 1, 1)","0","8.0","Command line profiler metrics","dram__throughput.avg.pct_of_peak_sustained_elapsed","%","54.26"
"61","583630","python3.8","127.0.0.1","void at::native::vectorized_elementwise_kernel<(int)4, at::native::<unnamed>::launch_clamp_scalar(at::TensorIteratorBase &, c10::Scalar, c10::Scalar, at::native::detail::ClampLimits)::[lambda() (instance 1)]::operator ()() const::[lambda() (instance 14)]::operator ()() const::[lambda(float) (instance 1)], at::detail::Array<char *, (int)2>>(int, T2, T3)","1","7","(128, 1, 1)","(12544, 1, 1)","0","8.0","Command line profiler metrics","gpu__time_duration.sum","nsecond","31392"
"61","583630","python3.8","127.0.0.1","void at::native::vectorized_elementwise_kernel<(int)4, at::native::<unnamed>::launch_clamp_scalar(at::TensorIteratorBase &, c10::Scalar, c10::Scalar, at::native::detail::ClampLimits)::[lambda() (instance 1)]::operator ()() const::[lambda() (instance 14)]::operator ()() const::[lambda(float) (instance 1)], at::detail::Array<char *, (int)2>>(int, T2, T3)","1","7","(128, 1, 1)","(12544, 1, 1)","0","8.0","Command line profiler metrics","lts__t_sectors.avg.pct_of_peak_sustained_elapsed","%","32.33"
"62","583630","python3.8","127.0.0.1","void cudnn::ops::nchwToNhwcKernel<float, float, float, (bool)0, (bool)1, (cudnnKernelDataType_t)2>(cudnn::ops::nchw2nhwc_params_t<T3>, const T1 *, T2 *)","1","7","(256, 1, 1)","(25, 4, 64)","0","8.0","Command line profiler metrics","dram__throughput.avg.pct_of_peak_sustained_elapsed","%","50.78"
"62","583630","python3.8","127.0.0.1","void cudnn::ops::nchwToNhwcKernel<float, float, float, (bool)0, (bool)1, (cudnnKernelDataType_t)2>(cudnn::ops::nchw2nhwc_params_t<T3>, const T1 *, T2 *)","1","7","(256, 1, 1)","(25, 4, 64)","0","8.0","Command line profiler metrics","gpu__time_duration.sum","nsecond","39296"
"62","583630","python3.8","127.0.0.1","void cudnn::ops::nchwToNhwcKernel<float, float, float, (bool)0, (bool)1, (cudnnKernelDataType_t)2>(cudnn::ops::nchw2nhwc_params_t<T3>, const T1 *, T2 *)","1","7","(256, 1, 1)","(25, 4, 64)","0","8.0","Command line profiler metrics","lts__t_sectors.avg.pct_of_peak_sustained_elapsed","%","31.75"
"63","583630","python3.8","127.0.0.1","void cudnn::ops::nchwToNhwcKernel<float, float, float, (bool)0, (bool)1, (cudnnKernelDataType_t)2>(cudnn::ops::nchw2nhwc_params_t<T3>, const T1 *, T2 *)","1","7","(256, 1, 1)","(1, 4, 128)","0","8.0","Command line profiler metrics","dram__throughput.avg.pct_of_peak_sustained_elapsed","%","3.96"
"63","583630","python3.8","127.0.0.1","void cudnn::ops::nchwToNhwcKernel<float, float, float, (bool)0, (bool)1, (cudnnKernelDataType_t)2>(cudnn::ops::nchw2nhwc_params_t<T3>, const T1 *, T2 *)","1","7","(256, 1, 1)","(1, 4, 128)","0","8.0","Command line profiler metrics","gpu__time_duration.sum","nsecond","7904"
"63","583630","python3.8","127.0.0.1","void cudnn::ops::nchwToNhwcKernel<float, float, float, (bool)0, (bool)1, (cudnnKernelDataType_t)2>(cudnn::ops::nchw2nhwc_params_t<T3>, const T1 *, T2 *)","1","7","(256, 1, 1)","(1, 4, 128)","0","8.0","Command line profiler metrics","lts__t_sectors.avg.pct_of_peak_sustained_elapsed","%","3.44"
"64","583630","python3.8","127.0.0.1","sm80_xmma_fprop_implicit_gemm_indexed_tf32f32_tf32f32_f32_nhwckrsc_nchw_tilesize128x128x16_stage4_warpsize2x2x1_g1_tensor16x8x8_execute_kernel_cudnn","1","7","(128, 1, 1)","(1, 392, 1)","0","8.0","Command line profiler metrics","dram__throughput.avg.pct_of_peak_sustained_elapsed","%","6.57"
"64","583630","python3.8","127.0.0.1","sm80_xmma_fprop_implicit_gemm_indexed_tf32f32_tf32f32_f32_nhwckrsc_nchw_tilesize128x128x16_stage4_warpsize2x2x1_g1_tensor16x8x8_execute_kernel_cudnn","1","7","(128, 1, 1)","(1, 392, 1)","0","8.0","Command line profiler metrics","gpu__time_duration.sum","nsecond","304320"
"64","583630","python3.8","127.0.0.1","sm80_xmma_fprop_implicit_gemm_indexed_tf32f32_tf32f32_f32_nhwckrsc_nchw_tilesize128x128x16_stage4_warpsize2x2x1_g1_tensor16x8x8_execute_kernel_cudnn","1","7","(128, 1, 1)","(1, 392, 1)","0","8.0","Command line profiler metrics","lts__t_sectors.avg.pct_of_peak_sustained_elapsed","%","22.00"
"65","583630","python3.8","127.0.0.1","void cudnn::bn_fw_inf_1C11_kernel_NCHW<float, float, (bool)1, (int)1>(T2, T2, cudnnTensorStruct, const T1 *, cudnnTensorStruct, T1 *, cudnnTensorStruct, const T2 *, const T2 *, const T2 *, const T2 *, T2)","1","7","(256, 1, 1)","(128, 64, 1)","0","8.0","Command line profiler metrics","dram__throughput.avg.pct_of_peak_sustained_elapsed","%","29.96"
"65","583630","python3.8","127.0.0.1","void cudnn::bn_fw_inf_1C11_kernel_NCHW<float, float, (bool)1, (int)1>(T2, T2, cudnnTensorStruct, const T1 *, cudnnTensorStruct, T1 *, cudnnTensorStruct, const T2 *, const T2 *, const T2 *, const T2 *, T2)","1","7","(256, 1, 1)","(128, 64, 1)","0","8.0","Command line profiler metrics","gpu__time_duration.sum","nsecond","67040"
"65","583630","python3.8","127.0.0.1","void cudnn::bn_fw_inf_1C11_kernel_NCHW<float, float, (bool)1, (int)1>(T2, T2, cudnnTensorStruct, const T1 *, cudnnTensorStruct, T1 *, cudnnTensorStruct, const T2 *, const T2 *, const T2 *, const T2 *, T2)","1","7","(256, 1, 1)","(128, 64, 1)","0","8.0","Command line profiler metrics","lts__t_sectors.avg.pct_of_peak_sustained_elapsed","%","17.62"
"66","583630","python3.8","127.0.0.1","void at::native::vectorized_elementwise_kernel<(int)4, at::native::<unnamed>::launch_clamp_scalar(at::TensorIteratorBase &, c10::Scalar, c10::Scalar, at::native::detail::ClampLimits)::[lambda() (instance 1)]::operator ()() const::[lambda() (instance 14)]::operator ()() const::[lambda(float) (instance 1)], at::detail::Array<char *, (int)2>>(int, T2, T3)","1","7","(128, 1, 1)","(12544, 1, 1)","0","8.0","Command line profiler metrics","dram__throughput.avg.pct_of_peak_sustained_elapsed","%","55.02"
"66","583630","python3.8","127.0.0.1","void at::native::vectorized_elementwise_kernel<(int)4, at::native::<unnamed>::launch_clamp_scalar(at::TensorIteratorBase &, c10::Scalar, c10::Scalar, at::native::detail::ClampLimits)::[lambda() (instance 1)]::operator ()() const::[lambda() (instance 14)]::operator ()() const::[lambda(float) (instance 1)], at::detail::Array<char *, (int)2>>(int, T2, T3)","1","7","(128, 1, 1)","(12544, 1, 1)","0","8.0","Command line profiler metrics","gpu__time_duration.sum","nsecond","30912"
"66","583630","python3.8","127.0.0.1","void at::native::vectorized_elementwise_kernel<(int)4, at::native::<unnamed>::launch_clamp_scalar(at::TensorIteratorBase &, c10::Scalar, c10::Scalar, at::native::detail::ClampLimits)::[lambda() (instance 1)]::operator ()() const::[lambda() (instance 14)]::operator ()() const::[lambda(float) (instance 1)], at::detail::Array<char *, (int)2>>(int, T2, T3)","1","7","(128, 1, 1)","(12544, 1, 1)","0","8.0","Command line profiler metrics","lts__t_sectors.avg.pct_of_peak_sustained_elapsed","%","32.78"
"67","583630","python3.8","127.0.0.1","void cutlass::Kernel<cutlass_80_tensorop_s1688gemm_256x64_16x4_nn_align4>(T1::Params)","1","7","(128, 1, 1)","(32, 1, 64)","0","8.0","Command line profiler metrics","dram__throughput.avg.pct_of_peak_sustained_elapsed","%","20.64"
"67","583630","python3.8","127.0.0.1","void cutlass::Kernel<cutlass_80_tensorop_s1688gemm_256x64_16x4_nn_align4>(T1::Params)","1","7","(128, 1, 1)","(32, 1, 64)","0","8.0","Command line profiler metrics","gpu__time_duration.sum","nsecond","276672"
"67","583630","python3.8","127.0.0.1","void cutlass::Kernel<cutlass_80_tensorop_s1688gemm_256x64_16x4_nn_align4>(T1::Params)","1","7","(128, 1, 1)","(32, 1, 64)","0","8.0","Command line profiler metrics","lts__t_sectors.avg.pct_of_peak_sustained_elapsed","%","23.97"
"68","583630","python3.8","127.0.0.1","void cudnn::bn_fw_inf_1C11_kernel_NCHW<float, float, (bool)1, (int)1>(T2, T2, cudnnTensorStruct, const T1 *, cudnnTensorStruct, T1 *, cudnnTensorStruct, const T2 *, const T2 *, const T2 *, const T2 *, T2)","1","7","(256, 1, 1)","(512, 64, 1)","0","8.0","Command line profiler metrics","dram__throughput.avg.pct_of_peak_sustained_elapsed","%","35.00"
"68","583630","python3.8","127.0.0.1","void cudnn::bn_fw_inf_1C11_kernel_NCHW<float, float, (bool)1, (int)1>(T2, T2, cudnnTensorStruct, const T1 *, cudnnTensorStruct, T1 *, cudnnTensorStruct, const T2 *, const T2 *, const T2 *, const T2 *, T2)","1","7","(256, 1, 1)","(512, 64, 1)","0","8.0","Command line profiler metrics","gpu__time_duration.sum","nsecond","284544"
"68","583630","python3.8","127.0.0.1","void cudnn::bn_fw_inf_1C11_kernel_NCHW<float, float, (bool)1, (int)1>(T2, T2, cudnnTensorStruct, const T1 *, cudnnTensorStruct, T1 *, cudnnTensorStruct, const T2 *, const T2 *, const T2 *, const T2 *, T2)","1","7","(256, 1, 1)","(512, 64, 1)","0","8.0","Command line profiler metrics","lts__t_sectors.avg.pct_of_peak_sustained_elapsed","%","18.07"
"69","583630","python3.8","127.0.0.1","void at::native::vectorized_elementwise_kernel<(int)4, at::native::CUDAFunctor_add<float>, at::detail::Array<char *, (int)3>>(int, T2, T3)","1","7","(128, 1, 1)","(50176, 1, 1)","0","8.0","Command line profiler metrics","dram__throughput.avg.pct_of_peak_sustained_elapsed","%","86.80"
"69","583630","python3.8","127.0.0.1","void at::native::vectorized_elementwise_kernel<(int)4, at::native::CUDAFunctor_add<float>, at::detail::Array<char *, (int)3>>(int, T2, T3)","1","7","(128, 1, 1)","(50176, 1, 1)","0","8.0","Command line profiler metrics","gpu__time_duration.sum","nsecond","175360"
"69","583630","python3.8","127.0.0.1","void at::native::vectorized_elementwise_kernel<(int)4, at::native::CUDAFunctor_add<float>, at::detail::Array<char *, (int)3>>(int, T2, T3)","1","7","(128, 1, 1)","(50176, 1, 1)","0","8.0","Command line profiler metrics","lts__t_sectors.avg.pct_of_peak_sustained_elapsed","%","40.40"
"70","583630","python3.8","127.0.0.1","void at::native::vectorized_elementwise_kernel<(int)4, at::native::<unnamed>::launch_clamp_scalar(at::TensorIteratorBase &, c10::Scalar, c10::Scalar, at::native::detail::ClampLimits)::[lambda() (instance 1)]::operator ()() const::[lambda() (instance 14)]::operator ()() const::[lambda(float) (instance 1)], at::detail::Array<char *, (int)2>>(int, T2, T3)","1","7","(128, 1, 1)","(50176, 1, 1)","0","8.0","Command line profiler metrics","dram__throughput.avg.pct_of_peak_sustained_elapsed","%","79.40"
"70","583630","python3.8","127.0.0.1","void at::native::vectorized_elementwise_kernel<(int)4, at::native::<unnamed>::launch_clamp_scalar(at::TensorIteratorBase &, c10::Scalar, c10::Scalar, at::native::detail::ClampLimits)::[lambda() (instance 1)]::operator ()() const::[lambda() (instance 14)]::operator ()() const::[lambda(float) (instance 1)], at::detail::Array<char *, (int)2>>(int, T2, T3)","1","7","(128, 1, 1)","(50176, 1, 1)","0","8.0","Command line profiler metrics","gpu__time_duration.sum","nsecond","121760"
"70","583630","python3.8","127.0.0.1","void at::native::vectorized_elementwise_kernel<(int)4, at::native::<unnamed>::launch_clamp_scalar(at::TensorIteratorBase &, c10::Scalar, c10::Scalar, at::native::detail::ClampLimits)::[lambda() (instance 1)]::operator ()() const::[lambda() (instance 14)]::operator ()() const::[lambda(float) (instance 1)], at::detail::Array<char *, (int)2>>(int, T2, T3)","1","7","(128, 1, 1)","(50176, 1, 1)","0","8.0","Command line profiler metrics","lts__t_sectors.avg.pct_of_peak_sustained_elapsed","%","36.59"
"71","583630","python3.8","127.0.0.1","void cutlass::Kernel<cutlass_80_tensorop_s1688gemm_256x64_16x4_nn_align4>(T1::Params)","1","7","(128, 1, 1)","(8, 1, 64)","0","8.0","Command line profiler metrics","dram__throughput.avg.pct_of_peak_sustained_elapsed","%","31.35"
"71","583630","python3.8","127.0.0.1","void cutlass::Kernel<cutlass_80_tensorop_s1688gemm_256x64_16x4_nn_align4>(T1::Params)","1","7","(128, 1, 1)","(8, 1, 64)","0","8.0","Command line profiler metrics","gpu__time_duration.sum","nsecond","204320"
"71","583630","python3.8","127.0.0.1","void cutlass::Kernel<cutlass_80_tensorop_s1688gemm_256x64_16x4_nn_align4>(T1::Params)","1","7","(128, 1, 1)","(8, 1, 64)","0","8.0","Command line profiler metrics","lts__t_sectors.avg.pct_of_peak_sustained_elapsed","%","29.20"
"72","583630","python3.8","127.0.0.1","void cudnn::bn_fw_inf_1C11_kernel_NCHW<float, float, (bool)1, (int)1>(T2, T2, cudnnTensorStruct, const T1 *, cudnnTensorStruct, T1 *, cudnnTensorStruct, const T2 *, const T2 *, const T2 *, const T2 *, T2)","1","7","(256, 1, 1)","(128, 64, 1)","0","8.0","Command line profiler metrics","dram__throughput.avg.pct_of_peak_sustained_elapsed","%","29.79"
"72","583630","python3.8","127.0.0.1","void cudnn::bn_fw_inf_1C11_kernel_NCHW<float, float, (bool)1, (int)1>(T2, T2, cudnnTensorStruct, const T1 *, cudnnTensorStruct, T1 *, cudnnTensorStruct, const T2 *, const T2 *, const T2 *, const T2 *, T2)","1","7","(256, 1, 1)","(128, 64, 1)","0","8.0","Command line profiler metrics","gpu__time_duration.sum","nsecond","67200"
"72","583630","python3.8","127.0.0.1","void cudnn::bn_fw_inf_1C11_kernel_NCHW<float, float, (bool)1, (int)1>(T2, T2, cudnnTensorStruct, const T1 *, cudnnTensorStruct, T1 *, cudnnTensorStruct, const T2 *, const T2 *, const T2 *, const T2 *, T2)","1","7","(256, 1, 1)","(128, 64, 1)","0","8.0","Command line profiler metrics","lts__t_sectors.avg.pct_of_peak_sustained_elapsed","%","17.36"
"73","583630","python3.8","127.0.0.1","void at::native::vectorized_elementwise_kernel<(int)4, at::native::<unnamed>::launch_clamp_scalar(at::TensorIteratorBase &, c10::Scalar, c10::Scalar, at::native::detail::ClampLimits)::[lambda() (instance 1)]::operator ()() const::[lambda() (instance 14)]::operator ()() const::[lambda(float) (instance 1)], at::detail::Array<char *, (int)2>>(int, T2, T3)","1","7","(128, 1, 1)","(12544, 1, 1)","0","8.0","Command line profiler metrics","dram__throughput.avg.pct_of_peak_sustained_elapsed","%","54.03"
"73","583630","python3.8","127.0.0.1","void at::native::vectorized_elementwise_kernel<(int)4, at::native::<unnamed>::launch_clamp_scalar(at::TensorIteratorBase &, c10::Scalar, c10::Scalar, at::native::detail::ClampLimits)::[lambda() (instance 1)]::operator ()() const::[lambda() (instance 14)]::operator ()() const::[lambda(float) (instance 1)], at::detail::Array<char *, (int)2>>(int, T2, T3)","1","7","(128, 1, 1)","(12544, 1, 1)","0","8.0","Command line profiler metrics","gpu__time_duration.sum","nsecond","31520"
"73","583630","python3.8","127.0.0.1","void at::native::vectorized_elementwise_kernel<(int)4, at::native::<unnamed>::launch_clamp_scalar(at::TensorIteratorBase &, c10::Scalar, c10::Scalar, at::native::detail::ClampLimits)::[lambda() (instance 1)]::operator ()() const::[lambda() (instance 14)]::operator ()() const::[lambda(float) (instance 1)], at::detail::Array<char *, (int)2>>(int, T2, T3)","1","7","(128, 1, 1)","(12544, 1, 1)","0","8.0","Command line profiler metrics","lts__t_sectors.avg.pct_of_peak_sustained_elapsed","%","32.06"
"74","583630","python3.8","127.0.0.1","void cudnn::ops::nchwToNhwcKernel<float, float, float, (bool)0, (bool)1, (cudnnKernelDataType_t)2>(cudnn::ops::nchw2nhwc_params_t<T3>, const T1 *, T2 *)","1","7","(256, 1, 1)","(25, 4, 64)","0","8.0","Command line profiler metrics","dram__throughput.avg.pct_of_peak_sustained_elapsed","%","49.80"
"74","583630","python3.8","127.0.0.1","void cudnn::ops::nchwToNhwcKernel<float, float, float, (bool)0, (bool)1, (cudnnKernelDataType_t)2>(cudnn::ops::nchw2nhwc_params_t<T3>, const T1 *, T2 *)","1","7","(256, 1, 1)","(25, 4, 64)","0","8.0","Command line profiler metrics","gpu__time_duration.sum","nsecond","40128"
"74","583630","python3.8","127.0.0.1","void cudnn::ops::nchwToNhwcKernel<float, float, float, (bool)0, (bool)1, (cudnnKernelDataType_t)2>(cudnn::ops::nchw2nhwc_params_t<T3>, const T1 *, T2 *)","1","7","(256, 1, 1)","(25, 4, 64)","0","8.0","Command line profiler metrics","lts__t_sectors.avg.pct_of_peak_sustained_elapsed","%","31.17"
"75","583630","python3.8","127.0.0.1","void cudnn::ops::nchwToNhwcKernel<float, float, float, (bool)0, (bool)1, (cudnnKernelDataType_t)2>(cudnn::ops::nchw2nhwc_params_t<T3>, const T1 *, T2 *)","1","7","(256, 1, 1)","(1, 4, 128)","0","8.0","Command line profiler metrics","dram__throughput.avg.pct_of_peak_sustained_elapsed","%","4.02"
"75","583630","python3.8","127.0.0.1","void cudnn::ops::nchwToNhwcKernel<float, float, float, (bool)0, (bool)1, (cudnnKernelDataType_t)2>(cudnn::ops::nchw2nhwc_params_t<T3>, const T1 *, T2 *)","1","7","(256, 1, 1)","(1, 4, 128)","0","8.0","Command line profiler metrics","gpu__time_duration.sum","nsecond","7744"
"75","583630","python3.8","127.0.0.1","void cudnn::ops::nchwToNhwcKernel<float, float, float, (bool)0, (bool)1, (cudnnKernelDataType_t)2>(cudnn::ops::nchw2nhwc_params_t<T3>, const T1 *, T2 *)","1","7","(256, 1, 1)","(1, 4, 128)","0","8.0","Command line profiler metrics","lts__t_sectors.avg.pct_of_peak_sustained_elapsed","%","3.66"
"76","583630","python3.8","127.0.0.1","sm80_xmma_fprop_implicit_gemm_indexed_tf32f32_tf32f32_f32_nhwckrsc_nchw_tilesize128x128x16_stage4_warpsize2x2x1_g1_tensor16x8x8_execute_kernel_cudnn","1","7","(128, 1, 1)","(1, 392, 1)","0","8.0","Command line profiler metrics","dram__throughput.avg.pct_of_peak_sustained_elapsed","%","6.56"
"76","583630","python3.8","127.0.0.1","sm80_xmma_fprop_implicit_gemm_indexed_tf32f32_tf32f32_f32_nhwckrsc_nchw_tilesize128x128x16_stage4_warpsize2x2x1_g1_tensor16x8x8_execute_kernel_cudnn","1","7","(128, 1, 1)","(1, 392, 1)","0","8.0","Command line profiler metrics","gpu__time_duration.sum","nsecond","304384"
"76","583630","python3.8","127.0.0.1","sm80_xmma_fprop_implicit_gemm_indexed_tf32f32_tf32f32_f32_nhwckrsc_nchw_tilesize128x128x16_stage4_warpsize2x2x1_g1_tensor16x8x8_execute_kernel_cudnn","1","7","(128, 1, 1)","(1, 392, 1)","0","8.0","Command line profiler metrics","lts__t_sectors.avg.pct_of_peak_sustained_elapsed","%","22.01"
"77","583630","python3.8","127.0.0.1","void cudnn::bn_fw_inf_1C11_kernel_NCHW<float, float, (bool)1, (int)1>(T2, T2, cudnnTensorStruct, const T1 *, cudnnTensorStruct, T1 *, cudnnTensorStruct, const T2 *, const T2 *, const T2 *, const T2 *, T2)","1","7","(256, 1, 1)","(128, 64, 1)","0","8.0","Command line profiler metrics","dram__throughput.avg.pct_of_peak_sustained_elapsed","%","30.02"
"77","583630","python3.8","127.0.0.1","void cudnn::bn_fw_inf_1C11_kernel_NCHW<float, float, (bool)1, (int)1>(T2, T2, cudnnTensorStruct, const T1 *, cudnnTensorStruct, T1 *, cudnnTensorStruct, const T2 *, const T2 *, const T2 *, const T2 *, T2)","1","7","(256, 1, 1)","(128, 64, 1)","0","8.0","Command line profiler metrics","gpu__time_duration.sum","nsecond","67104"
"77","583630","python3.8","127.0.0.1","void cudnn::bn_fw_inf_1C11_kernel_NCHW<float, float, (bool)1, (int)1>(T2, T2, cudnnTensorStruct, const T1 *, cudnnTensorStruct, T1 *, cudnnTensorStruct, const T2 *, const T2 *, const T2 *, const T2 *, T2)","1","7","(256, 1, 1)","(128, 64, 1)","0","8.0","Command line profiler metrics","lts__t_sectors.avg.pct_of_peak_sustained_elapsed","%","17.63"
"78","583630","python3.8","127.0.0.1","void at::native::vectorized_elementwise_kernel<(int)4, at::native::<unnamed>::launch_clamp_scalar(at::TensorIteratorBase &, c10::Scalar, c10::Scalar, at::native::detail::ClampLimits)::[lambda() (instance 1)]::operator ()() const::[lambda() (instance 14)]::operator ()() const::[lambda(float) (instance 1)], at::detail::Array<char *, (int)2>>(int, T2, T3)","1","7","(128, 1, 1)","(12544, 1, 1)","0","8.0","Command line profiler metrics","dram__throughput.avg.pct_of_peak_sustained_elapsed","%","54.50"
"78","583630","python3.8","127.0.0.1","void at::native::vectorized_elementwise_kernel<(int)4, at::native::<unnamed>::launch_clamp_scalar(at::TensorIteratorBase &, c10::Scalar, c10::Scalar, at::native::detail::ClampLimits)::[lambda() (instance 1)]::operator ()() const::[lambda() (instance 14)]::operator ()() const::[lambda(float) (instance 1)], at::detail::Array<char *, (int)2>>(int, T2, T3)","1","7","(128, 1, 1)","(12544, 1, 1)","0","8.0","Command line profiler metrics","gpu__time_duration.sum","nsecond","31232"
"78","583630","python3.8","127.0.0.1","void at::native::vectorized_elementwise_kernel<(int)4, at::native::<unnamed>::launch_clamp_scalar(at::TensorIteratorBase &, c10::Scalar, c10::Scalar, at::native::detail::ClampLimits)::[lambda() (instance 1)]::operator ()() const::[lambda() (instance 14)]::operator ()() const::[lambda(float) (instance 1)], at::detail::Array<char *, (int)2>>(int, T2, T3)","1","7","(128, 1, 1)","(12544, 1, 1)","0","8.0","Command line profiler metrics","lts__t_sectors.avg.pct_of_peak_sustained_elapsed","%","32.22"
"79","583630","python3.8","127.0.0.1","void cutlass::Kernel<cutlass_80_tensorop_s1688gemm_256x64_16x4_nn_align4>(T1::Params)","1","7","(128, 1, 1)","(32, 1, 64)","0","8.0","Command line profiler metrics","dram__throughput.avg.pct_of_peak_sustained_elapsed","%","20.61"
"79","583630","python3.8","127.0.0.1","void cutlass::Kernel<cutlass_80_tensorop_s1688gemm_256x64_16x4_nn_align4>(T1::Params)","1","7","(128, 1, 1)","(32, 1, 64)","0","8.0","Command line profiler metrics","gpu__time_duration.sum","nsecond","277312"
"79","583630","python3.8","127.0.0.1","void cutlass::Kernel<cutlass_80_tensorop_s1688gemm_256x64_16x4_nn_align4>(T1::Params)","1","7","(128, 1, 1)","(32, 1, 64)","0","8.0","Command line profiler metrics","lts__t_sectors.avg.pct_of_peak_sustained_elapsed","%","23.92"
"80","583630","python3.8","127.0.0.1","void cudnn::bn_fw_inf_1C11_kernel_NCHW<float, float, (bool)1, (int)1>(T2, T2, cudnnTensorStruct, const T1 *, cudnnTensorStruct, T1 *, cudnnTensorStruct, const T2 *, const T2 *, const T2 *, const T2 *, T2)","1","7","(256, 1, 1)","(512, 64, 1)","0","8.0","Command line profiler metrics","dram__throughput.avg.pct_of_peak_sustained_elapsed","%","35.01"
"80","583630","python3.8","127.0.0.1","void cudnn::bn_fw_inf_1C11_kernel_NCHW<float, float, (bool)1, (int)1>(T2, T2, cudnnTensorStruct, const T1 *, cudnnTensorStruct, T1 *, cudnnTensorStruct, const T2 *, const T2 *, const T2 *, const T2 *, T2)","1","7","(256, 1, 1)","(512, 64, 1)","0","8.0","Command line profiler metrics","gpu__time_duration.sum","nsecond","284640"
"80","583630","python3.8","127.0.0.1","void cudnn::bn_fw_inf_1C11_kernel_NCHW<float, float, (bool)1, (int)1>(T2, T2, cudnnTensorStruct, const T1 *, cudnnTensorStruct, T1 *, cudnnTensorStruct, const T2 *, const T2 *, const T2 *, const T2 *, T2)","1","7","(256, 1, 1)","(512, 64, 1)","0","8.0","Command line profiler metrics","lts__t_sectors.avg.pct_of_peak_sustained_elapsed","%","18.07"
"81","583630","python3.8","127.0.0.1","void at::native::vectorized_elementwise_kernel<(int)4, at::native::CUDAFunctor_add<float>, at::detail::Array<char *, (int)3>>(int, T2, T3)","1","7","(128, 1, 1)","(50176, 1, 1)","0","8.0","Command line profiler metrics","dram__throughput.avg.pct_of_peak_sustained_elapsed","%","87.21"
"81","583630","python3.8","127.0.0.1","void at::native::vectorized_elementwise_kernel<(int)4, at::native::CUDAFunctor_add<float>, at::detail::Array<char *, (int)3>>(int, T2, T3)","1","7","(128, 1, 1)","(50176, 1, 1)","0","8.0","Command line profiler metrics","gpu__time_duration.sum","nsecond","174656"
"81","583630","python3.8","127.0.0.1","void at::native::vectorized_elementwise_kernel<(int)4, at::native::CUDAFunctor_add<float>, at::detail::Array<char *, (int)3>>(int, T2, T3)","1","7","(128, 1, 1)","(50176, 1, 1)","0","8.0","Command line profiler metrics","lts__t_sectors.avg.pct_of_peak_sustained_elapsed","%","40.49"
"82","583630","python3.8","127.0.0.1","void at::native::vectorized_elementwise_kernel<(int)4, at::native::<unnamed>::launch_clamp_scalar(at::TensorIteratorBase &, c10::Scalar, c10::Scalar, at::native::detail::ClampLimits)::[lambda() (instance 1)]::operator ()() const::[lambda() (instance 14)]::operator ()() const::[lambda(float) (instance 1)], at::detail::Array<char *, (int)2>>(int, T2, T3)","1","7","(128, 1, 1)","(50176, 1, 1)","0","8.0","Command line profiler metrics","dram__throughput.avg.pct_of_peak_sustained_elapsed","%","79.18"
"82","583630","python3.8","127.0.0.1","void at::native::vectorized_elementwise_kernel<(int)4, at::native::<unnamed>::launch_clamp_scalar(at::TensorIteratorBase &, c10::Scalar, c10::Scalar, at::native::detail::ClampLimits)::[lambda() (instance 1)]::operator ()() const::[lambda() (instance 14)]::operator ()() const::[lambda(float) (instance 1)], at::detail::Array<char *, (int)2>>(int, T2, T3)","1","7","(128, 1, 1)","(50176, 1, 1)","0","8.0","Command line profiler metrics","gpu__time_duration.sum","nsecond","122144"
"82","583630","python3.8","127.0.0.1","void at::native::vectorized_elementwise_kernel<(int)4, at::native::<unnamed>::launch_clamp_scalar(at::TensorIteratorBase &, c10::Scalar, c10::Scalar, at::native::detail::ClampLimits)::[lambda() (instance 1)]::operator ()() const::[lambda() (instance 14)]::operator ()() const::[lambda(float) (instance 1)], at::detail::Array<char *, (int)2>>(int, T2, T3)","1","7","(128, 1, 1)","(50176, 1, 1)","0","8.0","Command line profiler metrics","lts__t_sectors.avg.pct_of_peak_sustained_elapsed","%","36.43"
"83","583630","python3.8","127.0.0.1","void cutlass::Kernel<cutlass_80_tensorop_s1688gemm_256x64_16x4_nn_align4>(T1::Params)","1","7","(128, 1, 1)","(8, 1, 64)","0","8.0","Command line profiler metrics","dram__throughput.avg.pct_of_peak_sustained_elapsed","%","31.29"
"83","583630","python3.8","127.0.0.1","void cutlass::Kernel<cutlass_80_tensorop_s1688gemm_256x64_16x4_nn_align4>(T1::Params)","1","7","(128, 1, 1)","(8, 1, 64)","0","8.0","Command line profiler metrics","gpu__time_duration.sum","nsecond","204288"
"83","583630","python3.8","127.0.0.1","void cutlass::Kernel<cutlass_80_tensorop_s1688gemm_256x64_16x4_nn_align4>(T1::Params)","1","7","(128, 1, 1)","(8, 1, 64)","0","8.0","Command line profiler metrics","lts__t_sectors.avg.pct_of_peak_sustained_elapsed","%","29.48"
"84","583630","python3.8","127.0.0.1","void cudnn::bn_fw_inf_1C11_kernel_NCHW<float, float, (bool)1, (int)1>(T2, T2, cudnnTensorStruct, const T1 *, cudnnTensorStruct, T1 *, cudnnTensorStruct, const T2 *, const T2 *, const T2 *, const T2 *, T2)","1","7","(256, 1, 1)","(128, 64, 1)","0","8.0","Command line profiler metrics","dram__throughput.avg.pct_of_peak_sustained_elapsed","%","29.69"
"84","583630","python3.8","127.0.0.1","void cudnn::bn_fw_inf_1C11_kernel_NCHW<float, float, (bool)1, (int)1>(T2, T2, cudnnTensorStruct, const T1 *, cudnnTensorStruct, T1 *, cudnnTensorStruct, const T2 *, const T2 *, const T2 *, const T2 *, T2)","1","7","(256, 1, 1)","(128, 64, 1)","0","8.0","Command line profiler metrics","gpu__time_duration.sum","nsecond","67168"
"84","583630","python3.8","127.0.0.1","void cudnn::bn_fw_inf_1C11_kernel_NCHW<float, float, (bool)1, (int)1>(T2, T2, cudnnTensorStruct, const T1 *, cudnnTensorStruct, T1 *, cudnnTensorStruct, const T2 *, const T2 *, const T2 *, const T2 *, T2)","1","7","(256, 1, 1)","(128, 64, 1)","0","8.0","Command line profiler metrics","lts__t_sectors.avg.pct_of_peak_sustained_elapsed","%","17.34"
"85","583630","python3.8","127.0.0.1","void at::native::vectorized_elementwise_kernel<(int)4, at::native::<unnamed>::launch_clamp_scalar(at::TensorIteratorBase &, c10::Scalar, c10::Scalar, at::native::detail::ClampLimits)::[lambda() (instance 1)]::operator ()() const::[lambda() (instance 14)]::operator ()() const::[lambda(float) (instance 1)], at::detail::Array<char *, (int)2>>(int, T2, T3)","1","7","(128, 1, 1)","(12544, 1, 1)","0","8.0","Command line profiler metrics","dram__throughput.avg.pct_of_peak_sustained_elapsed","%","54.09"
"85","583630","python3.8","127.0.0.1","void at::native::vectorized_elementwise_kernel<(int)4, at::native::<unnamed>::launch_clamp_scalar(at::TensorIteratorBase &, c10::Scalar, c10::Scalar, at::native::detail::ClampLimits)::[lambda() (instance 1)]::operator ()() const::[lambda() (instance 14)]::operator ()() const::[lambda(float) (instance 1)], at::detail::Array<char *, (int)2>>(int, T2, T3)","1","7","(128, 1, 1)","(12544, 1, 1)","0","8.0","Command line profiler metrics","gpu__time_duration.sum","nsecond","31424"
"85","583630","python3.8","127.0.0.1","void at::native::vectorized_elementwise_kernel<(int)4, at::native::<unnamed>::launch_clamp_scalar(at::TensorIteratorBase &, c10::Scalar, c10::Scalar, at::native::detail::ClampLimits)::[lambda() (instance 1)]::operator ()() const::[lambda() (instance 14)]::operator ()() const::[lambda(float) (instance 1)], at::detail::Array<char *, (int)2>>(int, T2, T3)","1","7","(128, 1, 1)","(12544, 1, 1)","0","8.0","Command line profiler metrics","lts__t_sectors.avg.pct_of_peak_sustained_elapsed","%","32.33"
"86","583630","python3.8","127.0.0.1","void cudnn::ops::nchwToNhwcKernel<float, float, float, (bool)0, (bool)1, (cudnnKernelDataType_t)2>(cudnn::ops::nchw2nhwc_params_t<T3>, const T1 *, T2 *)","1","7","(256, 1, 1)","(25, 4, 64)","0","8.0","Command line profiler metrics","dram__throughput.avg.pct_of_peak_sustained_elapsed","%","50.58"
"86","583630","python3.8","127.0.0.1","void cudnn::ops::nchwToNhwcKernel<float, float, float, (bool)0, (bool)1, (cudnnKernelDataType_t)2>(cudnn::ops::nchw2nhwc_params_t<T3>, const T1 *, T2 *)","1","7","(256, 1, 1)","(25, 4, 64)","0","8.0","Command line profiler metrics","gpu__time_duration.sum","nsecond","39328"
"86","583630","python3.8","127.0.0.1","void cudnn::ops::nchwToNhwcKernel<float, float, float, (bool)0, (bool)1, (cudnnKernelDataType_t)2>(cudnn::ops::nchw2nhwc_params_t<T3>, const T1 *, T2 *)","1","7","(256, 1, 1)","(25, 4, 64)","0","8.0","Command line profiler metrics","lts__t_sectors.avg.pct_of_peak_sustained_elapsed","%","31.69"
"87","583630","python3.8","127.0.0.1","void cudnn::ops::nchwToNhwcKernel<float, float, float, (bool)0, (bool)1, (cudnnKernelDataType_t)2>(cudnn::ops::nchw2nhwc_params_t<T3>, const T1 *, T2 *)","1","7","(256, 1, 1)","(1, 4, 128)","0","8.0","Command line profiler metrics","dram__throughput.avg.pct_of_peak_sustained_elapsed","%","3.78"
"87","583630","python3.8","127.0.0.1","void cudnn::ops::nchwToNhwcKernel<float, float, float, (bool)0, (bool)1, (cudnnKernelDataType_t)2>(cudnn::ops::nchw2nhwc_params_t<T3>, const T1 *, T2 *)","1","7","(256, 1, 1)","(1, 4, 128)","0","8.0","Command line profiler metrics","gpu__time_duration.sum","nsecond","8256"
"87","583630","python3.8","127.0.0.1","void cudnn::ops::nchwToNhwcKernel<float, float, float, (bool)0, (bool)1, (cudnnKernelDataType_t)2>(cudnn::ops::nchw2nhwc_params_t<T3>, const T1 *, T2 *)","1","7","(256, 1, 1)","(1, 4, 128)","0","8.0","Command line profiler metrics","lts__t_sectors.avg.pct_of_peak_sustained_elapsed","%","3.44"
"88","583630","python3.8","127.0.0.1","sm80_xmma_fprop_implicit_gemm_indexed_tf32f32_tf32f32_f32_nhwckrsc_nchw_tilesize128x128x16_stage4_warpsize2x2x1_g1_tensor16x8x8_execute_kernel_cudnn","1","7","(128, 1, 1)","(1, 392, 1)","0","8.0","Command line profiler metrics","dram__throughput.avg.pct_of_peak_sustained_elapsed","%","6.60"
"88","583630","python3.8","127.0.0.1","sm80_xmma_fprop_implicit_gemm_indexed_tf32f32_tf32f32_f32_nhwckrsc_nchw_tilesize128x128x16_stage4_warpsize2x2x1_g1_tensor16x8x8_execute_kernel_cudnn","1","7","(128, 1, 1)","(1, 392, 1)","0","8.0","Command line profiler metrics","gpu__time_duration.sum","nsecond","303584"
"88","583630","python3.8","127.0.0.1","sm80_xmma_fprop_implicit_gemm_indexed_tf32f32_tf32f32_f32_nhwckrsc_nchw_tilesize128x128x16_stage4_warpsize2x2x1_g1_tensor16x8x8_execute_kernel_cudnn","1","7","(128, 1, 1)","(1, 392, 1)","0","8.0","Command line profiler metrics","lts__t_sectors.avg.pct_of_peak_sustained_elapsed","%","22.07"
"89","583630","python3.8","127.0.0.1","void cudnn::bn_fw_inf_1C11_kernel_NCHW<float, float, (bool)1, (int)1>(T2, T2, cudnnTensorStruct, const T1 *, cudnnTensorStruct, T1 *, cudnnTensorStruct, const T2 *, const T2 *, const T2 *, const T2 *, T2)","1","7","(256, 1, 1)","(128, 64, 1)","0","8.0","Command line profiler metrics","dram__throughput.avg.pct_of_peak_sustained_elapsed","%","30.05"
"89","583630","python3.8","127.0.0.1","void cudnn::bn_fw_inf_1C11_kernel_NCHW<float, float, (bool)1, (int)1>(T2, T2, cudnnTensorStruct, const T1 *, cudnnTensorStruct, T1 *, cudnnTensorStruct, const T2 *, const T2 *, const T2 *, const T2 *, T2)","1","7","(256, 1, 1)","(128, 64, 1)","0","8.0","Command line profiler metrics","gpu__time_duration.sum","nsecond","67232"
"89","583630","python3.8","127.0.0.1","void cudnn::bn_fw_inf_1C11_kernel_NCHW<float, float, (bool)1, (int)1>(T2, T2, cudnnTensorStruct, const T1 *, cudnnTensorStruct, T1 *, cudnnTensorStruct, const T2 *, const T2 *, const T2 *, const T2 *, T2)","1","7","(256, 1, 1)","(128, 64, 1)","0","8.0","Command line profiler metrics","lts__t_sectors.avg.pct_of_peak_sustained_elapsed","%","17.56"
"90","583630","python3.8","127.0.0.1","void at::native::vectorized_elementwise_kernel<(int)4, at::native::<unnamed>::launch_clamp_scalar(at::TensorIteratorBase &, c10::Scalar, c10::Scalar, at::native::detail::ClampLimits)::[lambda() (instance 1)]::operator ()() const::[lambda() (instance 14)]::operator ()() const::[lambda(float) (instance 1)], at::detail::Array<char *, (int)2>>(int, T2, T3)","1","7","(128, 1, 1)","(12544, 1, 1)","0","8.0","Command line profiler metrics","dram__throughput.avg.pct_of_peak_sustained_elapsed","%","54.23"
"90","583630","python3.8","127.0.0.1","void at::native::vectorized_elementwise_kernel<(int)4, at::native::<unnamed>::launch_clamp_scalar(at::TensorIteratorBase &, c10::Scalar, c10::Scalar, at::native::detail::ClampLimits)::[lambda() (instance 1)]::operator ()() const::[lambda() (instance 14)]::operator ()() const::[lambda(float) (instance 1)], at::detail::Array<char *, (int)2>>(int, T2, T3)","1","7","(128, 1, 1)","(12544, 1, 1)","0","8.0","Command line profiler metrics","gpu__time_duration.sum","nsecond","31392"
"90","583630","python3.8","127.0.0.1","void at::native::vectorized_elementwise_kernel<(int)4, at::native::<unnamed>::launch_clamp_scalar(at::TensorIteratorBase &, c10::Scalar, c10::Scalar, at::native::detail::ClampLimits)::[lambda() (instance 1)]::operator ()() const::[lambda() (instance 14)]::operator ()() const::[lambda(float) (instance 1)], at::detail::Array<char *, (int)2>>(int, T2, T3)","1","7","(128, 1, 1)","(12544, 1, 1)","0","8.0","Command line profiler metrics","lts__t_sectors.avg.pct_of_peak_sustained_elapsed","%","32.20"
"91","583630","python3.8","127.0.0.1","void cutlass::Kernel<cutlass_80_tensorop_s1688gemm_256x64_16x4_nn_align4>(T1::Params)","1","7","(128, 1, 1)","(32, 1, 64)","0","8.0","Command line profiler metrics","dram__throughput.avg.pct_of_peak_sustained_elapsed","%","20.59"
"91","583630","python3.8","127.0.0.1","void cutlass::Kernel<cutlass_80_tensorop_s1688gemm_256x64_16x4_nn_align4>(T1::Params)","1","7","(128, 1, 1)","(32, 1, 64)","0","8.0","Command line profiler metrics","gpu__time_duration.sum","nsecond","277472"
"91","583630","python3.8","127.0.0.1","void cutlass::Kernel<cutlass_80_tensorop_s1688gemm_256x64_16x4_nn_align4>(T1::Params)","1","7","(128, 1, 1)","(32, 1, 64)","0","8.0","Command line profiler metrics","lts__t_sectors.avg.pct_of_peak_sustained_elapsed","%","23.90"
"92","583630","python3.8","127.0.0.1","void cudnn::bn_fw_inf_1C11_kernel_NCHW<float, float, (bool)1, (int)1>(T2, T2, cudnnTensorStruct, const T1 *, cudnnTensorStruct, T1 *, cudnnTensorStruct, const T2 *, const T2 *, const T2 *, const T2 *, T2)","1","7","(256, 1, 1)","(512, 64, 1)","0","8.0","Command line profiler metrics","dram__throughput.avg.pct_of_peak_sustained_elapsed","%","35.05"
"92","583630","python3.8","127.0.0.1","void cudnn::bn_fw_inf_1C11_kernel_NCHW<float, float, (bool)1, (int)1>(T2, T2, cudnnTensorStruct, const T1 *, cudnnTensorStruct, T1 *, cudnnTensorStruct, const T2 *, const T2 *, const T2 *, const T2 *, T2)","1","7","(256, 1, 1)","(512, 64, 1)","0","8.0","Command line profiler metrics","gpu__time_duration.sum","nsecond","284512"
"92","583630","python3.8","127.0.0.1","void cudnn::bn_fw_inf_1C11_kernel_NCHW<float, float, (bool)1, (int)1>(T2, T2, cudnnTensorStruct, const T1 *, cudnnTensorStruct, T1 *, cudnnTensorStruct, const T2 *, const T2 *, const T2 *, const T2 *, T2)","1","7","(256, 1, 1)","(512, 64, 1)","0","8.0","Command line profiler metrics","lts__t_sectors.avg.pct_of_peak_sustained_elapsed","%","18.04"
"93","583630","python3.8","127.0.0.1","void at::native::vectorized_elementwise_kernel<(int)4, at::native::CUDAFunctor_add<float>, at::detail::Array<char *, (int)3>>(int, T2, T3)","1","7","(128, 1, 1)","(50176, 1, 1)","0","8.0","Command line profiler metrics","dram__throughput.avg.pct_of_peak_sustained_elapsed","%","87.36"
"93","583630","python3.8","127.0.0.1","void at::native::vectorized_elementwise_kernel<(int)4, at::native::CUDAFunctor_add<float>, at::detail::Array<char *, (int)3>>(int, T2, T3)","1","7","(128, 1, 1)","(50176, 1, 1)","0","8.0","Command line profiler metrics","gpu__time_duration.sum","nsecond","174368"
"93","583630","python3.8","127.0.0.1","void at::native::vectorized_elementwise_kernel<(int)4, at::native::CUDAFunctor_add<float>, at::detail::Array<char *, (int)3>>(int, T2, T3)","1","7","(128, 1, 1)","(50176, 1, 1)","0","8.0","Command line profiler metrics","lts__t_sectors.avg.pct_of_peak_sustained_elapsed","%","40.75"
"94","583630","python3.8","127.0.0.1","void at::native::vectorized_elementwise_kernel<(int)4, at::native::<unnamed>::launch_clamp_scalar(at::TensorIteratorBase &, c10::Scalar, c10::Scalar, at::native::detail::ClampLimits)::[lambda() (instance 1)]::operator ()() const::[lambda() (instance 14)]::operator ()() const::[lambda(float) (instance 1)], at::detail::Array<char *, (int)2>>(int, T2, T3)","1","7","(128, 1, 1)","(50176, 1, 1)","0","8.0","Command line profiler metrics","dram__throughput.avg.pct_of_peak_sustained_elapsed","%","79.57"
"94","583630","python3.8","127.0.0.1","void at::native::vectorized_elementwise_kernel<(int)4, at::native::<unnamed>::launch_clamp_scalar(at::TensorIteratorBase &, c10::Scalar, c10::Scalar, at::native::detail::ClampLimits)::[lambda() (instance 1)]::operator ()() const::[lambda() (instance 14)]::operator ()() const::[lambda(float) (instance 1)], at::detail::Array<char *, (int)2>>(int, T2, T3)","1","7","(128, 1, 1)","(50176, 1, 1)","0","8.0","Command line profiler metrics","gpu__time_duration.sum","nsecond","121504"
"94","583630","python3.8","127.0.0.1","void at::native::vectorized_elementwise_kernel<(int)4, at::native::<unnamed>::launch_clamp_scalar(at::TensorIteratorBase &, c10::Scalar, c10::Scalar, at::native::detail::ClampLimits)::[lambda() (instance 1)]::operator ()() const::[lambda() (instance 14)]::operator ()() const::[lambda(float) (instance 1)], at::detail::Array<char *, (int)2>>(int, T2, T3)","1","7","(128, 1, 1)","(50176, 1, 1)","0","8.0","Command line profiler metrics","lts__t_sectors.avg.pct_of_peak_sustained_elapsed","%","36.67"
"95","583630","python3.8","127.0.0.1","void cutlass::Kernel<cutlass_80_tensorop_s1688gemm_256x64_16x4_nn_align4>(T1::Params)","1","7","(128, 1, 1)","(16, 1, 64)","0","8.0","Command line profiler metrics","dram__throughput.avg.pct_of_peak_sustained_elapsed","%","19.67"
"95","583630","python3.8","127.0.0.1","void cutlass::Kernel<cutlass_80_tensorop_s1688gemm_256x64_16x4_nn_align4>(T1::Params)","1","7","(128, 1, 1)","(16, 1, 64)","0","8.0","Command line profiler metrics","gpu__time_duration.sum","nsecond","385696"
"95","583630","python3.8","127.0.0.1","void cutlass::Kernel<cutlass_80_tensorop_s1688gemm_256x64_16x4_nn_align4>(T1::Params)","1","7","(128, 1, 1)","(16, 1, 64)","0","8.0","Command line profiler metrics","lts__t_sectors.avg.pct_of_peak_sustained_elapsed","%","27.49"
"96","583630","python3.8","127.0.0.1","void cudnn::bn_fw_inf_1C11_kernel_NCHW<float, float, (bool)1, (int)1>(T2, T2, cudnnTensorStruct, const T1 *, cudnnTensorStruct, T1 *, cudnnTensorStruct, const T2 *, const T2 *, const T2 *, const T2 *, T2)","1","7","(256, 1, 1)","(256, 64, 1)","0","8.0","Command line profiler metrics","dram__throughput.avg.pct_of_peak_sustained_elapsed","%","33.94"
"96","583630","python3.8","127.0.0.1","void cudnn::bn_fw_inf_1C11_kernel_NCHW<float, float, (bool)1, (int)1>(T2, T2, cudnnTensorStruct, const T1 *, cudnnTensorStruct, T1 *, cudnnTensorStruct, const T2 *, const T2 *, const T2 *, const T2 *, T2)","1","7","(256, 1, 1)","(256, 64, 1)","0","8.0","Command line profiler metrics","gpu__time_duration.sum","nsecond","137376"
"96","583630","python3.8","127.0.0.1","void cudnn::bn_fw_inf_1C11_kernel_NCHW<float, float, (bool)1, (int)1>(T2, T2, cudnnTensorStruct, const T1 *, cudnnTensorStruct, T1 *, cudnnTensorStruct, const T2 *, const T2 *, const T2 *, const T2 *, T2)","1","7","(256, 1, 1)","(256, 64, 1)","0","8.0","Command line profiler metrics","lts__t_sectors.avg.pct_of_peak_sustained_elapsed","%","18.16"
"97","583630","python3.8","127.0.0.1","void at::native::vectorized_elementwise_kernel<(int)4, at::native::<unnamed>::launch_clamp_scalar(at::TensorIteratorBase &, c10::Scalar, c10::Scalar, at::native::detail::ClampLimits)::[lambda() (instance 1)]::operator ()() const::[lambda() (instance 14)]::operator ()() const::[lambda(float) (instance 1)], at::detail::Array<char *, (int)2>>(int, T2, T3)","1","7","(128, 1, 1)","(25088, 1, 1)","0","8.0","Command line profiler metrics","dram__throughput.avg.pct_of_peak_sustained_elapsed","%","70.95"
"97","583630","python3.8","127.0.0.1","void at::native::vectorized_elementwise_kernel<(int)4, at::native::<unnamed>::launch_clamp_scalar(at::TensorIteratorBase &, c10::Scalar, c10::Scalar, at::native::detail::ClampLimits)::[lambda() (instance 1)]::operator ()() const::[lambda() (instance 14)]::operator ()() const::[lambda(float) (instance 1)], at::detail::Array<char *, (int)2>>(int, T2, T3)","1","7","(128, 1, 1)","(25088, 1, 1)","0","8.0","Command line profiler metrics","gpu__time_duration.sum","nsecond","61408"
"97","583630","python3.8","127.0.0.1","void at::native::vectorized_elementwise_kernel<(int)4, at::native::<unnamed>::launch_clamp_scalar(at::TensorIteratorBase &, c10::Scalar, c10::Scalar, at::native::detail::ClampLimits)::[lambda() (instance 1)]::operator ()() const::[lambda() (instance 14)]::operator ()() const::[lambda(float) (instance 1)], at::detail::Array<char *, (int)2>>(int, T2, T3)","1","7","(128, 1, 1)","(25088, 1, 1)","0","8.0","Command line profiler metrics","lts__t_sectors.avg.pct_of_peak_sustained_elapsed","%","35.01"
"98","583630","python3.8","127.0.0.1","void cudnn::ops::nchwToNhwcKernel<float, float, float, (bool)0, (bool)1, (cudnnKernelDataType_t)2>(cudnn::ops::nchw2nhwc_params_t<T3>, const T1 *, T2 *)","1","7","(256, 1, 1)","(25, 8, 64)","0","8.0","Command line profiler metrics","dram__throughput.avg.pct_of_peak_sustained_elapsed","%","62.96"
"98","583630","python3.8","127.0.0.1","void cudnn::ops::nchwToNhwcKernel<float, float, float, (bool)0, (bool)1, (cudnnKernelDataType_t)2>(cudnn::ops::nchw2nhwc_params_t<T3>, const T1 *, T2 *)","1","7","(256, 1, 1)","(25, 8, 64)","0","8.0","Command line profiler metrics","gpu__time_duration.sum","nsecond","73696"
"98","583630","python3.8","127.0.0.1","void cudnn::ops::nchwToNhwcKernel<float, float, float, (bool)0, (bool)1, (cudnnKernelDataType_t)2>(cudnn::ops::nchw2nhwc_params_t<T3>, const T1 *, T2 *)","1","7","(256, 1, 1)","(25, 8, 64)","0","8.0","Command line profiler metrics","lts__t_sectors.avg.pct_of_peak_sustained_elapsed","%","36.28"
"99","583630","python3.8","127.0.0.1","void cudnn::ops::nchwToNhwcKernel<float, float, float, (bool)0, (bool)1, (cudnnKernelDataType_t)2>(cudnn::ops::nchw2nhwc_params_t<T3>, const T1 *, T2 *)","1","7","(256, 1, 1)","(1, 8, 256)","0","8.0","Command line profiler metrics","dram__throughput.avg.pct_of_peak_sustained_elapsed","%","8.30"
"99","583630","python3.8","127.0.0.1","void cudnn::ops::nchwToNhwcKernel<float, float, float, (bool)0, (bool)1, (cudnnKernelDataType_t)2>(cudnn::ops::nchw2nhwc_params_t<T3>, const T1 *, T2 *)","1","7","(256, 1, 1)","(1, 8, 256)","0","8.0","Command line profiler metrics","gpu__time_duration.sum","nsecond","14816"
"99","583630","python3.8","127.0.0.1","void cudnn::ops::nchwToNhwcKernel<float, float, float, (bool)0, (bool)1, (cudnnKernelDataType_t)2>(cudnn::ops::nchw2nhwc_params_t<T3>, const T1 *, T2 *)","1","7","(256, 1, 1)","(1, 8, 256)","0","8.0","Command line profiler metrics","lts__t_sectors.avg.pct_of_peak_sustained_elapsed","%","6.61"
"100","583630","python3.8","127.0.0.1","sm80_xmma_fprop_implicit_gemm_tf32f32_tf32f32_f32_nhwckrsc_nchw_tilesize256x128x32_stage3_warpsize4x2x1_g1_tensor16x8x8_execute_kernel_cudnn","1","7","(256, 1, 1)","(2, 49, 1)","0","8.0","Command line profiler metrics","dram__throughput.avg.pct_of_peak_sustained_elapsed","%","10.54"
"100","583630","python3.8","127.0.0.1","sm80_xmma_fprop_implicit_gemm_tf32f32_tf32f32_f32_nhwckrsc_nchw_tilesize256x128x32_stage3_warpsize4x2x1_g1_tensor16x8x8_execute_kernel_cudnn","1","7","(256, 1, 1)","(2, 49, 1)","0","8.0","Command line profiler metrics","gpu__time_duration.sum","nsecond","317536"
"100","583630","python3.8","127.0.0.1","sm80_xmma_fprop_implicit_gemm_tf32f32_tf32f32_f32_nhwckrsc_nchw_tilesize256x128x32_stage3_warpsize4x2x1_g1_tensor16x8x8_execute_kernel_cudnn","1","7","(256, 1, 1)","(2, 49, 1)","0","8.0","Command line profiler metrics","lts__t_sectors.avg.pct_of_peak_sustained_elapsed","%","17.21"
"101","583630","python3.8","127.0.0.1","void cudnn::bn_fw_inf_1C11_kernel_NCHW<float, float, (bool)1, (int)1>(T2, T2, cudnnTensorStruct, const T1 *, cudnnTensorStruct, T1 *, cudnnTensorStruct, const T2 *, const T2 *, const T2 *, const T2 *, T2)","1","7","(64, 1, 1)","(256, 64, 1)","0","8.0","Command line profiler metrics","dram__throughput.avg.pct_of_peak_sustained_elapsed","%","20.72"
"101","583630","python3.8","127.0.0.1","void cudnn::bn_fw_inf_1C11_kernel_NCHW<float, float, (bool)1, (int)1>(T2, T2, cudnnTensorStruct, const T1 *, cudnnTensorStruct, T1 *, cudnnTensorStruct, const T2 *, const T2 *, const T2 *, const T2 *, T2)","1","7","(64, 1, 1)","(256, 64, 1)","0","8.0","Command line profiler metrics","gpu__time_duration.sum","nsecond","35232"
"101","583630","python3.8","127.0.0.1","void cudnn::bn_fw_inf_1C11_kernel_NCHW<float, float, (bool)1, (int)1>(T2, T2, cudnnTensorStruct, const T1 *, cudnnTensorStruct, T1 *, cudnnTensorStruct, const T2 *, const T2 *, const T2 *, const T2 *, T2)","1","7","(64, 1, 1)","(256, 64, 1)","0","8.0","Command line profiler metrics","lts__t_sectors.avg.pct_of_peak_sustained_elapsed","%","15.58"
"102","583630","python3.8","127.0.0.1","void at::native::vectorized_elementwise_kernel<(int)4, at::native::<unnamed>::launch_clamp_scalar(at::TensorIteratorBase &, c10::Scalar, c10::Scalar, at::native::detail::ClampLimits)::[lambda() (instance 1)]::operator ()() const::[lambda() (instance 14)]::operator ()() const::[lambda(float) (instance 1)], at::detail::Array<char *, (int)2>>(int, T2, T3)","1","7","(128, 1, 1)","(6272, 1, 1)","0","8.0","Command line profiler metrics","dram__throughput.avg.pct_of_peak_sustained_elapsed","%","38.31"
"102","583630","python3.8","127.0.0.1","void at::native::vectorized_elementwise_kernel<(int)4, at::native::<unnamed>::launch_clamp_scalar(at::TensorIteratorBase &, c10::Scalar, c10::Scalar, at::native::detail::ClampLimits)::[lambda() (instance 1)]::operator ()() const::[lambda() (instance 14)]::operator ()() const::[lambda(float) (instance 1)], at::detail::Array<char *, (int)2>>(int, T2, T3)","1","7","(128, 1, 1)","(6272, 1, 1)","0","8.0","Command line profiler metrics","gpu__time_duration.sum","nsecond","17440"
"102","583630","python3.8","127.0.0.1","void at::native::vectorized_elementwise_kernel<(int)4, at::native::<unnamed>::launch_clamp_scalar(at::TensorIteratorBase &, c10::Scalar, c10::Scalar, at::native::detail::ClampLimits)::[lambda() (instance 1)]::operator ()() const::[lambda() (instance 14)]::operator ()() const::[lambda(float) (instance 1)], at::detail::Array<char *, (int)2>>(int, T2, T3)","1","7","(128, 1, 1)","(6272, 1, 1)","0","8.0","Command line profiler metrics","lts__t_sectors.avg.pct_of_peak_sustained_elapsed","%","29.34"
"103","583630","python3.8","127.0.0.1","void cutlass::Kernel<cutlass_80_tensorop_s1688gemm_256x64_16x4_nn_align4>(T1::Params)","1","7","(128, 1, 1)","(16, 1, 64)","0","8.0","Command line profiler metrics","dram__throughput.avg.pct_of_peak_sustained_elapsed","%","9.90"
"103","583630","python3.8","127.0.0.1","void cutlass::Kernel<cutlass_80_tensorop_s1688gemm_256x64_16x4_nn_align4>(T1::Params)","1","7","(128, 1, 1)","(16, 1, 64)","0","8.0","Command line profiler metrics","gpu__time_duration.sum","nsecond","249088"
"103","583630","python3.8","127.0.0.1","void cutlass::Kernel<cutlass_80_tensorop_s1688gemm_256x64_16x4_nn_align4>(T1::Params)","1","7","(128, 1, 1)","(16, 1, 64)","0","8.0","Command line profiler metrics","lts__t_sectors.avg.pct_of_peak_sustained_elapsed","%","25.65"
"104","583630","python3.8","127.0.0.1","void cudnn::bn_fw_inf_1C11_kernel_NCHW<float, float, (bool)1, (int)1>(T2, T2, cudnnTensorStruct, const T1 *, cudnnTensorStruct, T1 *, cudnnTensorStruct, const T2 *, const T2 *, const T2 *, const T2 *, T2)","1","7","(64, 1, 1)","(1024, 64, 1)","0","8.0","Command line profiler metrics","dram__throughput.avg.pct_of_peak_sustained_elapsed","%","32.63"
"104","583630","python3.8","127.0.0.1","void cudnn::bn_fw_inf_1C11_kernel_NCHW<float, float, (bool)1, (int)1>(T2, T2, cudnnTensorStruct, const T1 *, cudnnTensorStruct, T1 *, cudnnTensorStruct, const T2 *, const T2 *, const T2 *, const T2 *, T2)","1","7","(64, 1, 1)","(1024, 64, 1)","0","8.0","Command line profiler metrics","gpu__time_duration.sum","nsecond","143744"
"104","583630","python3.8","127.0.0.1","void cudnn::bn_fw_inf_1C11_kernel_NCHW<float, float, (bool)1, (int)1>(T2, T2, cudnnTensorStruct, const T1 *, cudnnTensorStruct, T1 *, cudnnTensorStruct, const T2 *, const T2 *, const T2 *, const T2 *, T2)","1","7","(64, 1, 1)","(1024, 64, 1)","0","8.0","Command line profiler metrics","lts__t_sectors.avg.pct_of_peak_sustained_elapsed","%","18.79"
"105","583630","python3.8","127.0.0.1","void cudnn::ops::nchwToNhwcKernel<float, float, float, (bool)0, (bool)1, (cudnnKernelDataType_t)2>(cudnn::ops::nchw2nhwc_params_t<T3>, const T1 *, T2 *)","1","7","(256, 1, 1)","(25, 16, 64)","0","8.0","Command line profiler metrics","dram__throughput.avg.pct_of_peak_sustained_elapsed","%","68.25"
"105","583630","python3.8","127.0.0.1","void cudnn::ops::nchwToNhwcKernel<float, float, float, (bool)0, (bool)1, (cudnnKernelDataType_t)2>(cudnn::ops::nchw2nhwc_params_t<T3>, const T1 *, T2 *)","1","7","(256, 1, 1)","(25, 16, 64)","0","8.0","Command line profiler metrics","gpu__time_duration.sum","nsecond","145760"
"105","583630","python3.8","127.0.0.1","void cudnn::ops::nchwToNhwcKernel<float, float, float, (bool)0, (bool)1, (cudnnKernelDataType_t)2>(cudnn::ops::nchw2nhwc_params_t<T3>, const T1 *, T2 *)","1","7","(256, 1, 1)","(25, 16, 64)","0","8.0","Command line profiler metrics","lts__t_sectors.avg.pct_of_peak_sustained_elapsed","%","37.51"
"106","583630","python3.8","127.0.0.1","void cudnn::ops::nchwToNhwcKernel<float, float, float, (bool)0, (bool)1, (cudnnKernelDataType_t)2>(cudnn::ops::nchw2nhwc_params_t<T3>, const T1 *, T2 *)","1","7","(256, 1, 1)","(1, 16, 1024)","0","8.0","Command line profiler metrics","dram__throughput.avg.pct_of_peak_sustained_elapsed","%","1.44"
"106","583630","python3.8","127.0.0.1","void cudnn::ops::nchwToNhwcKernel<float, float, float, (bool)0, (bool)1, (cudnnKernelDataType_t)2>(cudnn::ops::nchw2nhwc_params_t<T3>, const T1 *, T2 *)","1","7","(256, 1, 1)","(1, 16, 1024)","0","8.0","Command line profiler metrics","gpu__time_duration.sum","nsecond","75616"
"106","583630","python3.8","127.0.0.1","void cudnn::ops::nchwToNhwcKernel<float, float, float, (bool)0, (bool)1, (cudnnKernelDataType_t)2>(cudnn::ops::nchw2nhwc_params_t<T3>, const T1 *, T2 *)","1","7","(256, 1, 1)","(1, 16, 1024)","0","8.0","Command line profiler metrics","lts__t_sectors.avg.pct_of_peak_sustained_elapsed","%","1.21"
"107","583630","python3.8","127.0.0.1","sm80_xmma_fprop_implicit_gemm_indexed_tf32f32_tf32f32_f32_nhwckrsc_nchw_tilesize128x128x16_stage4_warpsize2x2x1_g1_tensor16x8x8_execute_kernel_cudnn","1","7","(128, 1, 1)","(8, 98, 1)","0","8.0","Command line profiler metrics","dram__throughput.avg.pct_of_peak_sustained_elapsed","%","10.70"
"107","583630","python3.8","127.0.0.1","sm80_xmma_fprop_implicit_gemm_indexed_tf32f32_tf32f32_f32_nhwckrsc_nchw_tilesize128x128x16_stage4_warpsize2x2x1_g1_tensor16x8x8_execute_kernel_cudnn","1","7","(128, 1, 1)","(8, 98, 1)","0","8.0","Command line profiler metrics","gpu__time_duration.sum","nsecond","311616"
"107","583630","python3.8","127.0.0.1","sm80_xmma_fprop_implicit_gemm_indexed_tf32f32_tf32f32_f32_nhwckrsc_nchw_tilesize128x128x16_stage4_warpsize2x2x1_g1_tensor16x8x8_execute_kernel_cudnn","1","7","(128, 1, 1)","(8, 98, 1)","0","8.0","Command line profiler metrics","lts__t_sectors.avg.pct_of_peak_sustained_elapsed","%","23.07"
"108","583630","python3.8","127.0.0.1","void cudnn::bn_fw_inf_1C11_kernel_NCHW<float, float, (bool)1, (int)1>(T2, T2, cudnnTensorStruct, const T1 *, cudnnTensorStruct, T1 *, cudnnTensorStruct, const T2 *, const T2 *, const T2 *, const T2 *, T2)","1","7","(64, 1, 1)","(1024, 64, 1)","0","8.0","Command line profiler metrics","dram__throughput.avg.pct_of_peak_sustained_elapsed","%","32.68"
"108","583630","python3.8","127.0.0.1","void cudnn::bn_fw_inf_1C11_kernel_NCHW<float, float, (bool)1, (int)1>(T2, T2, cudnnTensorStruct, const T1 *, cudnnTensorStruct, T1 *, cudnnTensorStruct, const T2 *, const T2 *, const T2 *, const T2 *, T2)","1","7","(64, 1, 1)","(1024, 64, 1)","0","8.0","Command line profiler metrics","gpu__time_duration.sum","nsecond","143392"
"108","583630","python3.8","127.0.0.1","void cudnn::bn_fw_inf_1C11_kernel_NCHW<float, float, (bool)1, (int)1>(T2, T2, cudnnTensorStruct, const T1 *, cudnnTensorStruct, T1 *, cudnnTensorStruct, const T2 *, const T2 *, const T2 *, const T2 *, T2)","1","7","(64, 1, 1)","(1024, 64, 1)","0","8.0","Command line profiler metrics","lts__t_sectors.avg.pct_of_peak_sustained_elapsed","%","18.70"
"109","583630","python3.8","127.0.0.1","void at::native::vectorized_elementwise_kernel<(int)4, at::native::CUDAFunctor_add<float>, at::detail::Array<char *, (int)3>>(int, T2, T3)","1","7","(128, 1, 1)","(25088, 1, 1)","0","8.0","Command line profiler metrics","dram__throughput.avg.pct_of_peak_sustained_elapsed","%","85.94"
"109","583630","python3.8","127.0.0.1","void at::native::vectorized_elementwise_kernel<(int)4, at::native::CUDAFunctor_add<float>, at::detail::Array<char *, (int)3>>(int, T2, T3)","1","7","(128, 1, 1)","(25088, 1, 1)","0","8.0","Command line profiler metrics","gpu__time_duration.sum","nsecond","83648"
"109","583630","python3.8","127.0.0.1","void at::native::vectorized_elementwise_kernel<(int)4, at::native::CUDAFunctor_add<float>, at::detail::Array<char *, (int)3>>(int, T2, T3)","1","7","(128, 1, 1)","(25088, 1, 1)","0","8.0","Command line profiler metrics","lts__t_sectors.avg.pct_of_peak_sustained_elapsed","%","41.63"
"110","583630","python3.8","127.0.0.1","void at::native::vectorized_elementwise_kernel<(int)4, at::native::<unnamed>::launch_clamp_scalar(at::TensorIteratorBase &, c10::Scalar, c10::Scalar, at::native::detail::ClampLimits)::[lambda() (instance 1)]::operator ()() const::[lambda() (instance 14)]::operator ()() const::[lambda(float) (instance 1)], at::detail::Array<char *, (int)2>>(int, T2, T3)","1","7","(128, 1, 1)","(25088, 1, 1)","0","8.0","Command line profiler metrics","dram__throughput.avg.pct_of_peak_sustained_elapsed","%","70.76"
"110","583630","python3.8","127.0.0.1","void at::native::vectorized_elementwise_kernel<(int)4, at::native::<unnamed>::launch_clamp_scalar(at::TensorIteratorBase &, c10::Scalar, c10::Scalar, at::native::detail::ClampLimits)::[lambda() (instance 1)]::operator ()() const::[lambda() (instance 14)]::operator ()() const::[lambda(float) (instance 1)], at::detail::Array<char *, (int)2>>(int, T2, T3)","1","7","(128, 1, 1)","(25088, 1, 1)","0","8.0","Command line profiler metrics","gpu__time_duration.sum","nsecond","61568"
"110","583630","python3.8","127.0.0.1","void at::native::vectorized_elementwise_kernel<(int)4, at::native::<unnamed>::launch_clamp_scalar(at::TensorIteratorBase &, c10::Scalar, c10::Scalar, at::native::detail::ClampLimits)::[lambda() (instance 1)]::operator ()() const::[lambda() (instance 14)]::operator ()() const::[lambda(float) (instance 1)], at::detail::Array<char *, (int)2>>(int, T2, T3)","1","7","(128, 1, 1)","(25088, 1, 1)","0","8.0","Command line profiler metrics","lts__t_sectors.avg.pct_of_peak_sustained_elapsed","%","34.88"
"111","583630","python3.8","127.0.0.1","void cutlass::Kernel<cutlass_80_tensorop_s1688gemm_256x64_16x4_nn_align4>(T1::Params)","1","7","(128, 1, 1)","(4, 1, 64)","0","8.0","Command line profiler metrics","dram__throughput.avg.pct_of_peak_sustained_elapsed","%","14.37"
"111","583630","python3.8","127.0.0.1","void cutlass::Kernel<cutlass_80_tensorop_s1688gemm_256x64_16x4_nn_align4>(T1::Params)","1","7","(128, 1, 1)","(4, 1, 64)","0","8.0","Command line profiler metrics","gpu__time_duration.sum","nsecond","217152"
"111","583630","python3.8","127.0.0.1","void cutlass::Kernel<cutlass_80_tensorop_s1688gemm_256x64_16x4_nn_align4>(T1::Params)","1","7","(128, 1, 1)","(4, 1, 64)","0","8.0","Command line profiler metrics","lts__t_sectors.avg.pct_of_peak_sustained_elapsed","%","28.32"
"112","583630","python3.8","127.0.0.1","void cudnn::bn_fw_inf_1C11_kernel_NCHW<float, float, (bool)1, (int)1>(T2, T2, cudnnTensorStruct, const T1 *, cudnnTensorStruct, T1 *, cudnnTensorStruct, const T2 *, const T2 *, const T2 *, const T2 *, T2)","1","7","(64, 1, 1)","(256, 64, 1)","0","8.0","Command line profiler metrics","dram__throughput.avg.pct_of_peak_sustained_elapsed","%","20.53"
"112","583630","python3.8","127.0.0.1","void cudnn::bn_fw_inf_1C11_kernel_NCHW<float, float, (bool)1, (int)1>(T2, T2, cudnnTensorStruct, const T1 *, cudnnTensorStruct, T1 *, cudnnTensorStruct, const T2 *, const T2 *, const T2 *, const T2 *, T2)","1","7","(64, 1, 1)","(256, 64, 1)","0","8.0","Command line profiler metrics","gpu__time_duration.sum","nsecond","35072"
"112","583630","python3.8","127.0.0.1","void cudnn::bn_fw_inf_1C11_kernel_NCHW<float, float, (bool)1, (int)1>(T2, T2, cudnnTensorStruct, const T1 *, cudnnTensorStruct, T1 *, cudnnTensorStruct, const T2 *, const T2 *, const T2 *, const T2 *, T2)","1","7","(64, 1, 1)","(256, 64, 1)","0","8.0","Command line profiler metrics","lts__t_sectors.avg.pct_of_peak_sustained_elapsed","%","15.69"
"113","583630","python3.8","127.0.0.1","void at::native::vectorized_elementwise_kernel<(int)4, at::native::<unnamed>::launch_clamp_scalar(at::TensorIteratorBase &, c10::Scalar, c10::Scalar, at::native::detail::ClampLimits)::[lambda() (instance 1)]::operator ()() const::[lambda() (instance 14)]::operator ()() const::[lambda(float) (instance 1)], at::detail::Array<char *, (int)2>>(int, T2, T3)","1","7","(128, 1, 1)","(6272, 1, 1)","0","8.0","Command line profiler metrics","dram__throughput.avg.pct_of_peak_sustained_elapsed","%","38.28"
"113","583630","python3.8","127.0.0.1","void at::native::vectorized_elementwise_kernel<(int)4, at::native::<unnamed>::launch_clamp_scalar(at::TensorIteratorBase &, c10::Scalar, c10::Scalar, at::native::detail::ClampLimits)::[lambda() (instance 1)]::operator ()() const::[lambda() (instance 14)]::operator ()() const::[lambda(float) (instance 1)], at::detail::Array<char *, (int)2>>(int, T2, T3)","1","7","(128, 1, 1)","(6272, 1, 1)","0","8.0","Command line profiler metrics","gpu__time_duration.sum","nsecond","17440"
"113","583630","python3.8","127.0.0.1","void at::native::vectorized_elementwise_kernel<(int)4, at::native::<unnamed>::launch_clamp_scalar(at::TensorIteratorBase &, c10::Scalar, c10::Scalar, at::native::detail::ClampLimits)::[lambda() (instance 1)]::operator ()() const::[lambda() (instance 14)]::operator ()() const::[lambda(float) (instance 1)], at::detail::Array<char *, (int)2>>(int, T2, T3)","1","7","(128, 1, 1)","(6272, 1, 1)","0","8.0","Command line profiler metrics","lts__t_sectors.avg.pct_of_peak_sustained_elapsed","%","29.42"
"114","583630","python3.8","127.0.0.1","void cudnn::ops::nchwToNhwcKernel<float, float, float, (bool)0, (bool)1, (cudnnKernelDataType_t)2>(cudnn::ops::nchw2nhwc_params_t<T3>, const T1 *, T2 *)","1","7","(256, 1, 1)","(7, 8, 64)","0","8.0","Command line profiler metrics","dram__throughput.avg.pct_of_peak_sustained_elapsed","%","31.97"
"114","583630","python3.8","127.0.0.1","void cudnn::ops::nchwToNhwcKernel<float, float, float, (bool)0, (bool)1, (cudnnKernelDataType_t)2>(cudnn::ops::nchw2nhwc_params_t<T3>, const T1 *, T2 *)","1","7","(256, 1, 1)","(7, 8, 64)","0","8.0","Command line profiler metrics","gpu__time_duration.sum","nsecond","22688"
"114","583630","python3.8","127.0.0.1","void cudnn::ops::nchwToNhwcKernel<float, float, float, (bool)0, (bool)1, (cudnnKernelDataType_t)2>(cudnn::ops::nchw2nhwc_params_t<T3>, const T1 *, T2 *)","1","7","(256, 1, 1)","(7, 8, 64)","0","8.0","Command line profiler metrics","lts__t_sectors.avg.pct_of_peak_sustained_elapsed","%","26.03"
"115","583630","python3.8","127.0.0.1","void cudnn::ops::nchwToNhwcKernel<float, float, float, (bool)0, (bool)1, (cudnnKernelDataType_t)2>(cudnn::ops::nchw2nhwc_params_t<T3>, const T1 *, T2 *)","1","7","(256, 1, 1)","(1, 8, 256)","0","8.0","Command line profiler metrics","dram__throughput.avg.pct_of_peak_sustained_elapsed","%","7.95"
"115","583630","python3.8","127.0.0.1","void cudnn::ops::nchwToNhwcKernel<float, float, float, (bool)0, (bool)1, (cudnnKernelDataType_t)2>(cudnn::ops::nchw2nhwc_params_t<T3>, const T1 *, T2 *)","1","7","(256, 1, 1)","(1, 8, 256)","0","8.0","Command line profiler metrics","gpu__time_duration.sum","nsecond","15456"
"115","583630","python3.8","127.0.0.1","void cudnn::ops::nchwToNhwcKernel<float, float, float, (bool)0, (bool)1, (cudnnKernelDataType_t)2>(cudnn::ops::nchw2nhwc_params_t<T3>, const T1 *, T2 *)","1","7","(256, 1, 1)","(1, 8, 256)","0","8.0","Command line profiler metrics","lts__t_sectors.avg.pct_of_peak_sustained_elapsed","%","6.69"
"116","583630","python3.8","127.0.0.1","sm80_xmma_fprop_implicit_gemm_tf32f32_tf32f32_f32_nhwckrsc_nchw_tilesize256x128x32_stage3_warpsize4x2x1_g1_tensor16x8x8_execute_kernel_cudnn","1","7","(256, 1, 1)","(2, 49, 1)","0","8.0","Command line profiler metrics","dram__throughput.avg.pct_of_peak_sustained_elapsed","%","2.74"
"116","583630","python3.8","127.0.0.1","sm80_xmma_fprop_implicit_gemm_tf32f32_tf32f32_f32_nhwckrsc_nchw_tilesize256x128x32_stage3_warpsize4x2x1_g1_tensor16x8x8_execute_kernel_cudnn","1","7","(256, 1, 1)","(2, 49, 1)","0","8.0","Command line profiler metrics","gpu__time_duration.sum","nsecond","317184"
"116","583630","python3.8","127.0.0.1","sm80_xmma_fprop_implicit_gemm_tf32f32_tf32f32_f32_nhwckrsc_nchw_tilesize256x128x32_stage3_warpsize4x2x1_g1_tensor16x8x8_execute_kernel_cudnn","1","7","(256, 1, 1)","(2, 49, 1)","0","8.0","Command line profiler metrics","lts__t_sectors.avg.pct_of_peak_sustained_elapsed","%","14.56"
"117","583630","python3.8","127.0.0.1","void cudnn::bn_fw_inf_1C11_kernel_NCHW<float, float, (bool)1, (int)1>(T2, T2, cudnnTensorStruct, const T1 *, cudnnTensorStruct, T1 *, cudnnTensorStruct, const T2 *, const T2 *, const T2 *, const T2 *, T2)","1","7","(64, 1, 1)","(256, 64, 1)","0","8.0","Command line profiler metrics","dram__throughput.avg.pct_of_peak_sustained_elapsed","%","20.45"
"117","583630","python3.8","127.0.0.1","void cudnn::bn_fw_inf_1C11_kernel_NCHW<float, float, (bool)1, (int)1>(T2, T2, cudnnTensorStruct, const T1 *, cudnnTensorStruct, T1 *, cudnnTensorStruct, const T2 *, const T2 *, const T2 *, const T2 *, T2)","1","7","(64, 1, 1)","(256, 64, 1)","0","8.0","Command line profiler metrics","gpu__time_duration.sum","nsecond","35616"
"117","583630","python3.8","127.0.0.1","void cudnn::bn_fw_inf_1C11_kernel_NCHW<float, float, (bool)1, (int)1>(T2, T2, cudnnTensorStruct, const T1 *, cudnnTensorStruct, T1 *, cudnnTensorStruct, const T2 *, const T2 *, const T2 *, const T2 *, T2)","1","7","(64, 1, 1)","(256, 64, 1)","0","8.0","Command line profiler metrics","lts__t_sectors.avg.pct_of_peak_sustained_elapsed","%","15.81"
"118","583630","python3.8","127.0.0.1","void at::native::vectorized_elementwise_kernel<(int)4, at::native::<unnamed>::launch_clamp_scalar(at::TensorIteratorBase &, c10::Scalar, c10::Scalar, at::native::detail::ClampLimits)::[lambda() (instance 1)]::operator ()() const::[lambda() (instance 14)]::operator ()() const::[lambda(float) (instance 1)], at::detail::Array<char *, (int)2>>(int, T2, T3)","1","7","(128, 1, 1)","(6272, 1, 1)","0","8.0","Command line profiler metrics","dram__throughput.avg.pct_of_peak_sustained_elapsed","%","38.11"
"118","583630","python3.8","127.0.0.1","void at::native::vectorized_elementwise_kernel<(int)4, at::native::<unnamed>::launch_clamp_scalar(at::TensorIteratorBase &, c10::Scalar, c10::Scalar, at::native::detail::ClampLimits)::[lambda() (instance 1)]::operator ()() const::[lambda() (instance 14)]::operator ()() const::[lambda(float) (instance 1)], at::detail::Array<char *, (int)2>>(int, T2, T3)","1","7","(128, 1, 1)","(6272, 1, 1)","0","8.0","Command line profiler metrics","gpu__time_duration.sum","nsecond","17504"
"118","583630","python3.8","127.0.0.1","void at::native::vectorized_elementwise_kernel<(int)4, at::native::<unnamed>::launch_clamp_scalar(at::TensorIteratorBase &, c10::Scalar, c10::Scalar, at::native::detail::ClampLimits)::[lambda() (instance 1)]::operator ()() const::[lambda() (instance 14)]::operator ()() const::[lambda(float) (instance 1)], at::detail::Array<char *, (int)2>>(int, T2, T3)","1","7","(128, 1, 1)","(6272, 1, 1)","0","8.0","Command line profiler metrics","lts__t_sectors.avg.pct_of_peak_sustained_elapsed","%","29.22"
"119","583630","python3.8","127.0.0.1","void cutlass::Kernel<cutlass_80_tensorop_s1688gemm_256x64_16x4_nn_align4>(T1::Params)","1","7","(128, 1, 1)","(16, 1, 64)","0","8.0","Command line profiler metrics","dram__throughput.avg.pct_of_peak_sustained_elapsed","%","10.00"
"119","583630","python3.8","127.0.0.1","void cutlass::Kernel<cutlass_80_tensorop_s1688gemm_256x64_16x4_nn_align4>(T1::Params)","1","7","(128, 1, 1)","(16, 1, 64)","0","8.0","Command line profiler metrics","gpu__time_duration.sum","nsecond","246688"
"119","583630","python3.8","127.0.0.1","void cutlass::Kernel<cutlass_80_tensorop_s1688gemm_256x64_16x4_nn_align4>(T1::Params)","1","7","(128, 1, 1)","(16, 1, 64)","0","8.0","Command line profiler metrics","lts__t_sectors.avg.pct_of_peak_sustained_elapsed","%","25.95"
"120","583630","python3.8","127.0.0.1","void cudnn::bn_fw_inf_1C11_kernel_NCHW<float, float, (bool)1, (int)1>(T2, T2, cudnnTensorStruct, const T1 *, cudnnTensorStruct, T1 *, cudnnTensorStruct, const T2 *, const T2 *, const T2 *, const T2 *, T2)","1","7","(64, 1, 1)","(1024, 64, 1)","0","8.0","Command line profiler metrics","dram__throughput.avg.pct_of_peak_sustained_elapsed","%","32.58"
"120","583630","python3.8","127.0.0.1","void cudnn::bn_fw_inf_1C11_kernel_NCHW<float, float, (bool)1, (int)1>(T2, T2, cudnnTensorStruct, const T1 *, cudnnTensorStruct, T1 *, cudnnTensorStruct, const T2 *, const T2 *, const T2 *, const T2 *, T2)","1","7","(64, 1, 1)","(1024, 64, 1)","0","8.0","Command line profiler metrics","gpu__time_duration.sum","nsecond","143648"
"120","583630","python3.8","127.0.0.1","void cudnn::bn_fw_inf_1C11_kernel_NCHW<float, float, (bool)1, (int)1>(T2, T2, cudnnTensorStruct, const T1 *, cudnnTensorStruct, T1 *, cudnnTensorStruct, const T2 *, const T2 *, const T2 *, const T2 *, T2)","1","7","(64, 1, 1)","(1024, 64, 1)","0","8.0","Command line profiler metrics","lts__t_sectors.avg.pct_of_peak_sustained_elapsed","%","18.86"
"121","583630","python3.8","127.0.0.1","void at::native::vectorized_elementwise_kernel<(int)4, at::native::CUDAFunctor_add<float>, at::detail::Array<char *, (int)3>>(int, T2, T3)","1","7","(128, 1, 1)","(25088, 1, 1)","0","8.0","Command line profiler metrics","dram__throughput.avg.pct_of_peak_sustained_elapsed","%","85.54"
"121","583630","python3.8","127.0.0.1","void at::native::vectorized_elementwise_kernel<(int)4, at::native::CUDAFunctor_add<float>, at::detail::Array<char *, (int)3>>(int, T2, T3)","1","7","(128, 1, 1)","(25088, 1, 1)","0","8.0","Command line profiler metrics","gpu__time_duration.sum","nsecond","84032"
"121","583630","python3.8","127.0.0.1","void at::native::vectorized_elementwise_kernel<(int)4, at::native::CUDAFunctor_add<float>, at::detail::Array<char *, (int)3>>(int, T2, T3)","1","7","(128, 1, 1)","(25088, 1, 1)","0","8.0","Command line profiler metrics","lts__t_sectors.avg.pct_of_peak_sustained_elapsed","%","41.68"
"122","583630","python3.8","127.0.0.1","void at::native::vectorized_elementwise_kernel<(int)4, at::native::<unnamed>::launch_clamp_scalar(at::TensorIteratorBase &, c10::Scalar, c10::Scalar, at::native::detail::ClampLimits)::[lambda() (instance 1)]::operator ()() const::[lambda() (instance 14)]::operator ()() const::[lambda(float) (instance 1)], at::detail::Array<char *, (int)2>>(int, T2, T3)","1","7","(128, 1, 1)","(25088, 1, 1)","0","8.0","Command line profiler metrics","dram__throughput.avg.pct_of_peak_sustained_elapsed","%","71.65"
"122","583630","python3.8","127.0.0.1","void at::native::vectorized_elementwise_kernel<(int)4, at::native::<unnamed>::launch_clamp_scalar(at::TensorIteratorBase &, c10::Scalar, c10::Scalar, at::native::detail::ClampLimits)::[lambda() (instance 1)]::operator ()() const::[lambda() (instance 14)]::operator ()() const::[lambda(float) (instance 1)], at::detail::Array<char *, (int)2>>(int, T2, T3)","1","7","(128, 1, 1)","(25088, 1, 1)","0","8.0","Command line profiler metrics","gpu__time_duration.sum","nsecond","60832"
"122","583630","python3.8","127.0.0.1","void at::native::vectorized_elementwise_kernel<(int)4, at::native::<unnamed>::launch_clamp_scalar(at::TensorIteratorBase &, c10::Scalar, c10::Scalar, at::native::detail::ClampLimits)::[lambda() (instance 1)]::operator ()() const::[lambda() (instance 14)]::operator ()() const::[lambda(float) (instance 1)], at::detail::Array<char *, (int)2>>(int, T2, T3)","1","7","(128, 1, 1)","(25088, 1, 1)","0","8.0","Command line profiler metrics","lts__t_sectors.avg.pct_of_peak_sustained_elapsed","%","35.39"
"123","583630","python3.8","127.0.0.1","void cutlass::Kernel<cutlass_80_tensorop_s1688gemm_256x64_16x4_nn_align4>(T1::Params)","1","7","(128, 1, 1)","(4, 1, 64)","0","8.0","Command line profiler metrics","dram__throughput.avg.pct_of_peak_sustained_elapsed","%","14.29"
"123","583630","python3.8","127.0.0.1","void cutlass::Kernel<cutlass_80_tensorop_s1688gemm_256x64_16x4_nn_align4>(T1::Params)","1","7","(128, 1, 1)","(4, 1, 64)","0","8.0","Command line profiler metrics","gpu__time_duration.sum","nsecond","218240"
"123","583630","python3.8","127.0.0.1","void cutlass::Kernel<cutlass_80_tensorop_s1688gemm_256x64_16x4_nn_align4>(T1::Params)","1","7","(128, 1, 1)","(4, 1, 64)","0","8.0","Command line profiler metrics","lts__t_sectors.avg.pct_of_peak_sustained_elapsed","%","28.12"
"124","583630","python3.8","127.0.0.1","void cudnn::bn_fw_inf_1C11_kernel_NCHW<float, float, (bool)1, (int)1>(T2, T2, cudnnTensorStruct, const T1 *, cudnnTensorStruct, T1 *, cudnnTensorStruct, const T2 *, const T2 *, const T2 *, const T2 *, T2)","1","7","(64, 1, 1)","(256, 64, 1)","0","8.0","Command line profiler metrics","dram__throughput.avg.pct_of_peak_sustained_elapsed","%","20.23"
"124","583630","python3.8","127.0.0.1","void cudnn::bn_fw_inf_1C11_kernel_NCHW<float, float, (bool)1, (int)1>(T2, T2, cudnnTensorStruct, const T1 *, cudnnTensorStruct, T1 *, cudnnTensorStruct, const T2 *, const T2 *, const T2 *, const T2 *, T2)","1","7","(64, 1, 1)","(256, 64, 1)","0","8.0","Command line profiler metrics","gpu__time_duration.sum","nsecond","35456"
"124","583630","python3.8","127.0.0.1","void cudnn::bn_fw_inf_1C11_kernel_NCHW<float, float, (bool)1, (int)1>(T2, T2, cudnnTensorStruct, const T1 *, cudnnTensorStruct, T1 *, cudnnTensorStruct, const T2 *, const T2 *, const T2 *, const T2 *, T2)","1","7","(64, 1, 1)","(256, 64, 1)","0","8.0","Command line profiler metrics","lts__t_sectors.avg.pct_of_peak_sustained_elapsed","%","15.51"
"125","583630","python3.8","127.0.0.1","void at::native::vectorized_elementwise_kernel<(int)4, at::native::<unnamed>::launch_clamp_scalar(at::TensorIteratorBase &, c10::Scalar, c10::Scalar, at::native::detail::ClampLimits)::[lambda() (instance 1)]::operator ()() const::[lambda() (instance 14)]::operator ()() const::[lambda(float) (instance 1)], at::detail::Array<char *, (int)2>>(int, T2, T3)","1","7","(128, 1, 1)","(6272, 1, 1)","0","8.0","Command line profiler metrics","dram__throughput.avg.pct_of_peak_sustained_elapsed","%","38.34"
"125","583630","python3.8","127.0.0.1","void at::native::vectorized_elementwise_kernel<(int)4, at::native::<unnamed>::launch_clamp_scalar(at::TensorIteratorBase &, c10::Scalar, c10::Scalar, at::native::detail::ClampLimits)::[lambda() (instance 1)]::operator ()() const::[lambda() (instance 14)]::operator ()() const::[lambda(float) (instance 1)], at::detail::Array<char *, (int)2>>(int, T2, T3)","1","7","(128, 1, 1)","(6272, 1, 1)","0","8.0","Command line profiler metrics","gpu__time_duration.sum","nsecond","17408"
"125","583630","python3.8","127.0.0.1","void at::native::vectorized_elementwise_kernel<(int)4, at::native::<unnamed>::launch_clamp_scalar(at::TensorIteratorBase &, c10::Scalar, c10::Scalar, at::native::detail::ClampLimits)::[lambda() (instance 1)]::operator ()() const::[lambda() (instance 14)]::operator ()() const::[lambda(float) (instance 1)], at::detail::Array<char *, (int)2>>(int, T2, T3)","1","7","(128, 1, 1)","(6272, 1, 1)","0","8.0","Command line profiler metrics","lts__t_sectors.avg.pct_of_peak_sustained_elapsed","%","29.58"
"126","583630","python3.8","127.0.0.1","void cudnn::ops::nchwToNhwcKernel<float, float, float, (bool)0, (bool)1, (cudnnKernelDataType_t)2>(cudnn::ops::nchw2nhwc_params_t<T3>, const T1 *, T2 *)","1","7","(256, 1, 1)","(7, 8, 64)","0","8.0","Command line profiler metrics","dram__throughput.avg.pct_of_peak_sustained_elapsed","%","31.49"
"126","583630","python3.8","127.0.0.1","void cudnn::ops::nchwToNhwcKernel<float, float, float, (bool)0, (bool)1, (cudnnKernelDataType_t)2>(cudnn::ops::nchw2nhwc_params_t<T3>, const T1 *, T2 *)","1","7","(256, 1, 1)","(7, 8, 64)","0","8.0","Command line profiler metrics","gpu__time_duration.sum","nsecond","22880"
"126","583630","python3.8","127.0.0.1","void cudnn::ops::nchwToNhwcKernel<float, float, float, (bool)0, (bool)1, (cudnnKernelDataType_t)2>(cudnn::ops::nchw2nhwc_params_t<T3>, const T1 *, T2 *)","1","7","(256, 1, 1)","(7, 8, 64)","0","8.0","Command line profiler metrics","lts__t_sectors.avg.pct_of_peak_sustained_elapsed","%","26.21"
"127","583630","python3.8","127.0.0.1","void cudnn::ops::nchwToNhwcKernel<float, float, float, (bool)0, (bool)1, (cudnnKernelDataType_t)2>(cudnn::ops::nchw2nhwc_params_t<T3>, const T1 *, T2 *)","1","7","(256, 1, 1)","(1, 8, 256)","0","8.0","Command line profiler metrics","dram__throughput.avg.pct_of_peak_sustained_elapsed","%","8.08"
"127","583630","python3.8","127.0.0.1","void cudnn::ops::nchwToNhwcKernel<float, float, float, (bool)0, (bool)1, (cudnnKernelDataType_t)2>(cudnn::ops::nchw2nhwc_params_t<T3>, const T1 *, T2 *)","1","7","(256, 1, 1)","(1, 8, 256)","0","8.0","Command line profiler metrics","gpu__time_duration.sum","nsecond","15200"
"127","583630","python3.8","127.0.0.1","void cudnn::ops::nchwToNhwcKernel<float, float, float, (bool)0, (bool)1, (cudnnKernelDataType_t)2>(cudnn::ops::nchw2nhwc_params_t<T3>, const T1 *, T2 *)","1","7","(256, 1, 1)","(1, 8, 256)","0","8.0","Command line profiler metrics","lts__t_sectors.avg.pct_of_peak_sustained_elapsed","%","6.74"
"128","583630","python3.8","127.0.0.1","sm80_xmma_fprop_implicit_gemm_tf32f32_tf32f32_f32_nhwckrsc_nchw_tilesize256x128x32_stage3_warpsize4x2x1_g1_tensor16x8x8_execute_kernel_cudnn","1","7","(256, 1, 1)","(2, 49, 1)","0","8.0","Command line profiler metrics","dram__throughput.avg.pct_of_peak_sustained_elapsed","%","2.68"
"128","583630","python3.8","127.0.0.1","sm80_xmma_fprop_implicit_gemm_tf32f32_tf32f32_f32_nhwckrsc_nchw_tilesize256x128x32_stage3_warpsize4x2x1_g1_tensor16x8x8_execute_kernel_cudnn","1","7","(256, 1, 1)","(2, 49, 1)","0","8.0","Command line profiler metrics","gpu__time_duration.sum","nsecond","317216"
"128","583630","python3.8","127.0.0.1","sm80_xmma_fprop_implicit_gemm_tf32f32_tf32f32_f32_nhwckrsc_nchw_tilesize256x128x32_stage3_warpsize4x2x1_g1_tensor16x8x8_execute_kernel_cudnn","1","7","(256, 1, 1)","(2, 49, 1)","0","8.0","Command line profiler metrics","lts__t_sectors.avg.pct_of_peak_sustained_elapsed","%","14.58"
"129","583630","python3.8","127.0.0.1","void cudnn::bn_fw_inf_1C11_kernel_NCHW<float, float, (bool)1, (int)1>(T2, T2, cudnnTensorStruct, const T1 *, cudnnTensorStruct, T1 *, cudnnTensorStruct, const T2 *, const T2 *, const T2 *, const T2 *, T2)","1","7","(64, 1, 1)","(256, 64, 1)","0","8.0","Command line profiler metrics","dram__throughput.avg.pct_of_peak_sustained_elapsed","%","20.55"
"129","583630","python3.8","127.0.0.1","void cudnn::bn_fw_inf_1C11_kernel_NCHW<float, float, (bool)1, (int)1>(T2, T2, cudnnTensorStruct, const T1 *, cudnnTensorStruct, T1 *, cudnnTensorStruct, const T2 *, const T2 *, const T2 *, const T2 *, T2)","1","7","(64, 1, 1)","(256, 64, 1)","0","8.0","Command line profiler metrics","gpu__time_duration.sum","nsecond","35072"
"129","583630","python3.8","127.0.0.1","void cudnn::bn_fw_inf_1C11_kernel_NCHW<float, float, (bool)1, (int)1>(T2, T2, cudnnTensorStruct, const T1 *, cudnnTensorStruct, T1 *, cudnnTensorStruct, const T2 *, const T2 *, const T2 *, const T2 *, T2)","1","7","(64, 1, 1)","(256, 64, 1)","0","8.0","Command line profiler metrics","lts__t_sectors.avg.pct_of_peak_sustained_elapsed","%","16.09"
"130","583630","python3.8","127.0.0.1","void at::native::vectorized_elementwise_kernel<(int)4, at::native::<unnamed>::launch_clamp_scalar(at::TensorIteratorBase &, c10::Scalar, c10::Scalar, at::native::detail::ClampLimits)::[lambda() (instance 1)]::operator ()() const::[lambda() (instance 14)]::operator ()() const::[lambda(float) (instance 1)], at::detail::Array<char *, (int)2>>(int, T2, T3)","1","7","(128, 1, 1)","(6272, 1, 1)","0","8.0","Command line profiler metrics","dram__throughput.avg.pct_of_peak_sustained_elapsed","%","38.57"
"130","583630","python3.8","127.0.0.1","void at::native::vectorized_elementwise_kernel<(int)4, at::native::<unnamed>::launch_clamp_scalar(at::TensorIteratorBase &, c10::Scalar, c10::Scalar, at::native::detail::ClampLimits)::[lambda() (instance 1)]::operator ()() const::[lambda() (instance 14)]::operator ()() const::[lambda(float) (instance 1)], at::detail::Array<char *, (int)2>>(int, T2, T3)","1","7","(128, 1, 1)","(6272, 1, 1)","0","8.0","Command line profiler metrics","gpu__time_duration.sum","nsecond","17312"
"130","583630","python3.8","127.0.0.1","void at::native::vectorized_elementwise_kernel<(int)4, at::native::<unnamed>::launch_clamp_scalar(at::TensorIteratorBase &, c10::Scalar, c10::Scalar, at::native::detail::ClampLimits)::[lambda() (instance 1)]::operator ()() const::[lambda() (instance 14)]::operator ()() const::[lambda(float) (instance 1)], at::detail::Array<char *, (int)2>>(int, T2, T3)","1","7","(128, 1, 1)","(6272, 1, 1)","0","8.0","Command line profiler metrics","lts__t_sectors.avg.pct_of_peak_sustained_elapsed","%","29.60"
"131","583630","python3.8","127.0.0.1","void cutlass::Kernel<cutlass_80_tensorop_s1688gemm_256x64_16x4_nn_align4>(T1::Params)","1","7","(128, 1, 1)","(16, 1, 64)","0","8.0","Command line profiler metrics","dram__throughput.avg.pct_of_peak_sustained_elapsed","%","10.00"
"131","583630","python3.8","127.0.0.1","void cutlass::Kernel<cutlass_80_tensorop_s1688gemm_256x64_16x4_nn_align4>(T1::Params)","1","7","(128, 1, 1)","(16, 1, 64)","0","8.0","Command line profiler metrics","gpu__time_duration.sum","nsecond","247072"
"131","583630","python3.8","127.0.0.1","void cutlass::Kernel<cutlass_80_tensorop_s1688gemm_256x64_16x4_nn_align4>(T1::Params)","1","7","(128, 1, 1)","(16, 1, 64)","0","8.0","Command line profiler metrics","lts__t_sectors.avg.pct_of_peak_sustained_elapsed","%","25.91"
"132","583630","python3.8","127.0.0.1","void cudnn::bn_fw_inf_1C11_kernel_NCHW<float, float, (bool)1, (int)1>(T2, T2, cudnnTensorStruct, const T1 *, cudnnTensorStruct, T1 *, cudnnTensorStruct, const T2 *, const T2 *, const T2 *, const T2 *, T2)","1","7","(64, 1, 1)","(1024, 64, 1)","0","8.0","Command line profiler metrics","dram__throughput.avg.pct_of_peak_sustained_elapsed","%","32.61"
"132","583630","python3.8","127.0.0.1","void cudnn::bn_fw_inf_1C11_kernel_NCHW<float, float, (bool)1, (int)1>(T2, T2, cudnnTensorStruct, const T1 *, cudnnTensorStruct, T1 *, cudnnTensorStruct, const T2 *, const T2 *, const T2 *, const T2 *, T2)","1","7","(64, 1, 1)","(1024, 64, 1)","0","8.0","Command line profiler metrics","gpu__time_duration.sum","nsecond","143456"
"132","583630","python3.8","127.0.0.1","void cudnn::bn_fw_inf_1C11_kernel_NCHW<float, float, (bool)1, (int)1>(T2, T2, cudnnTensorStruct, const T1 *, cudnnTensorStruct, T1 *, cudnnTensorStruct, const T2 *, const T2 *, const T2 *, const T2 *, T2)","1","7","(64, 1, 1)","(1024, 64, 1)","0","8.0","Command line profiler metrics","lts__t_sectors.avg.pct_of_peak_sustained_elapsed","%","18.85"
"133","583630","python3.8","127.0.0.1","void at::native::vectorized_elementwise_kernel<(int)4, at::native::CUDAFunctor_add<float>, at::detail::Array<char *, (int)3>>(int, T2, T3)","1","7","(128, 1, 1)","(25088, 1, 1)","0","8.0","Command line profiler metrics","dram__throughput.avg.pct_of_peak_sustained_elapsed","%","85.79"
"133","583630","python3.8","127.0.0.1","void at::native::vectorized_elementwise_kernel<(int)4, at::native::CUDAFunctor_add<float>, at::detail::Array<char *, (int)3>>(int, T2, T3)","1","7","(128, 1, 1)","(25088, 1, 1)","0","8.0","Command line profiler metrics","gpu__time_duration.sum","nsecond","83840"
"133","583630","python3.8","127.0.0.1","void at::native::vectorized_elementwise_kernel<(int)4, at::native::CUDAFunctor_add<float>, at::detail::Array<char *, (int)3>>(int, T2, T3)","1","7","(128, 1, 1)","(25088, 1, 1)","0","8.0","Command line profiler metrics","lts__t_sectors.avg.pct_of_peak_sustained_elapsed","%","41.72"
"134","583630","python3.8","127.0.0.1","void at::native::vectorized_elementwise_kernel<(int)4, at::native::<unnamed>::launch_clamp_scalar(at::TensorIteratorBase &, c10::Scalar, c10::Scalar, at::native::detail::ClampLimits)::[lambda() (instance 1)]::operator ()() const::[lambda() (instance 14)]::operator ()() const::[lambda(float) (instance 1)], at::detail::Array<char *, (int)2>>(int, T2, T3)","1","7","(128, 1, 1)","(25088, 1, 1)","0","8.0","Command line profiler metrics","dram__throughput.avg.pct_of_peak_sustained_elapsed","%","70.79"
"134","583630","python3.8","127.0.0.1","void at::native::vectorized_elementwise_kernel<(int)4, at::native::<unnamed>::launch_clamp_scalar(at::TensorIteratorBase &, c10::Scalar, c10::Scalar, at::native::detail::ClampLimits)::[lambda() (instance 1)]::operator ()() const::[lambda() (instance 14)]::operator ()() const::[lambda(float) (instance 1)], at::detail::Array<char *, (int)2>>(int, T2, T3)","1","7","(128, 1, 1)","(25088, 1, 1)","0","8.0","Command line profiler metrics","gpu__time_duration.sum","nsecond","61536"
"134","583630","python3.8","127.0.0.1","void at::native::vectorized_elementwise_kernel<(int)4, at::native::<unnamed>::launch_clamp_scalar(at::TensorIteratorBase &, c10::Scalar, c10::Scalar, at::native::detail::ClampLimits)::[lambda() (instance 1)]::operator ()() const::[lambda() (instance 14)]::operator ()() const::[lambda(float) (instance 1)], at::detail::Array<char *, (int)2>>(int, T2, T3)","1","7","(128, 1, 1)","(25088, 1, 1)","0","8.0","Command line profiler metrics","lts__t_sectors.avg.pct_of_peak_sustained_elapsed","%","34.76"
"135","583630","python3.8","127.0.0.1","void cutlass::Kernel<cutlass_80_tensorop_s1688gemm_256x64_16x4_nn_align4>(T1::Params)","1","7","(128, 1, 1)","(4, 1, 64)","0","8.0","Command line profiler metrics","dram__throughput.avg.pct_of_peak_sustained_elapsed","%","14.42"
"135","583630","python3.8","127.0.0.1","void cutlass::Kernel<cutlass_80_tensorop_s1688gemm_256x64_16x4_nn_align4>(T1::Params)","1","7","(128, 1, 1)","(4, 1, 64)","0","8.0","Command line profiler metrics","gpu__time_duration.sum","nsecond","217216"
"135","583630","python3.8","127.0.0.1","void cutlass::Kernel<cutlass_80_tensorop_s1688gemm_256x64_16x4_nn_align4>(T1::Params)","1","7","(128, 1, 1)","(4, 1, 64)","0","8.0","Command line profiler metrics","lts__t_sectors.avg.pct_of_peak_sustained_elapsed","%","28.36"
"136","583630","python3.8","127.0.0.1","void cudnn::bn_fw_inf_1C11_kernel_NCHW<float, float, (bool)1, (int)1>(T2, T2, cudnnTensorStruct, const T1 *, cudnnTensorStruct, T1 *, cudnnTensorStruct, const T2 *, const T2 *, const T2 *, const T2 *, T2)","1","7","(64, 1, 1)","(256, 64, 1)","0","8.0","Command line profiler metrics","dram__throughput.avg.pct_of_peak_sustained_elapsed","%","20.61"
"136","583630","python3.8","127.0.0.1","void cudnn::bn_fw_inf_1C11_kernel_NCHW<float, float, (bool)1, (int)1>(T2, T2, cudnnTensorStruct, const T1 *, cudnnTensorStruct, T1 *, cudnnTensorStruct, const T2 *, const T2 *, const T2 *, const T2 *, T2)","1","7","(64, 1, 1)","(256, 64, 1)","0","8.0","Command line profiler metrics","gpu__time_duration.sum","nsecond","35168"
"136","583630","python3.8","127.0.0.1","void cudnn::bn_fw_inf_1C11_kernel_NCHW<float, float, (bool)1, (int)1>(T2, T2, cudnnTensorStruct, const T1 *, cudnnTensorStruct, T1 *, cudnnTensorStruct, const T2 *, const T2 *, const T2 *, const T2 *, T2)","1","7","(64, 1, 1)","(256, 64, 1)","0","8.0","Command line profiler metrics","lts__t_sectors.avg.pct_of_peak_sustained_elapsed","%","15.66"
"137","583630","python3.8","127.0.0.1","void at::native::vectorized_elementwise_kernel<(int)4, at::native::<unnamed>::launch_clamp_scalar(at::TensorIteratorBase &, c10::Scalar, c10::Scalar, at::native::detail::ClampLimits)::[lambda() (instance 1)]::operator ()() const::[lambda() (instance 14)]::operator ()() const::[lambda(float) (instance 1)], at::detail::Array<char *, (int)2>>(int, T2, T3)","1","7","(128, 1, 1)","(6272, 1, 1)","0","8.0","Command line profiler metrics","dram__throughput.avg.pct_of_peak_sustained_elapsed","%","38.91"
"137","583630","python3.8","127.0.0.1","void at::native::vectorized_elementwise_kernel<(int)4, at::native::<unnamed>::launch_clamp_scalar(at::TensorIteratorBase &, c10::Scalar, c10::Scalar, at::native::detail::ClampLimits)::[lambda() (instance 1)]::operator ()() const::[lambda() (instance 14)]::operator ()() const::[lambda(float) (instance 1)], at::detail::Array<char *, (int)2>>(int, T2, T3)","1","7","(128, 1, 1)","(6272, 1, 1)","0","8.0","Command line profiler metrics","gpu__time_duration.sum","nsecond","17120"
"137","583630","python3.8","127.0.0.1","void at::native::vectorized_elementwise_kernel<(int)4, at::native::<unnamed>::launch_clamp_scalar(at::TensorIteratorBase &, c10::Scalar, c10::Scalar, at::native::detail::ClampLimits)::[lambda() (instance 1)]::operator ()() const::[lambda() (instance 14)]::operator ()() const::[lambda(float) (instance 1)], at::detail::Array<char *, (int)2>>(int, T2, T3)","1","7","(128, 1, 1)","(6272, 1, 1)","0","8.0","Command line profiler metrics","lts__t_sectors.avg.pct_of_peak_sustained_elapsed","%","29.99"
"138","583630","python3.8","127.0.0.1","void cudnn::ops::nchwToNhwcKernel<float, float, float, (bool)0, (bool)1, (cudnnKernelDataType_t)2>(cudnn::ops::nchw2nhwc_params_t<T3>, const T1 *, T2 *)","1","7","(256, 1, 1)","(7, 8, 64)","0","8.0","Command line profiler metrics","dram__throughput.avg.pct_of_peak_sustained_elapsed","%","31.85"
"138","583630","python3.8","127.0.0.1","void cudnn::ops::nchwToNhwcKernel<float, float, float, (bool)0, (bool)1, (cudnnKernelDataType_t)2>(cudnn::ops::nchw2nhwc_params_t<T3>, const T1 *, T2 *)","1","7","(256, 1, 1)","(7, 8, 64)","0","8.0","Command line profiler metrics","gpu__time_duration.sum","nsecond","22688"
"138","583630","python3.8","127.0.0.1","void cudnn::ops::nchwToNhwcKernel<float, float, float, (bool)0, (bool)1, (cudnnKernelDataType_t)2>(cudnn::ops::nchw2nhwc_params_t<T3>, const T1 *, T2 *)","1","7","(256, 1, 1)","(7, 8, 64)","0","8.0","Command line profiler metrics","lts__t_sectors.avg.pct_of_peak_sustained_elapsed","%","26.20"
"139","583630","python3.8","127.0.0.1","void cudnn::ops::nchwToNhwcKernel<float, float, float, (bool)0, (bool)1, (cudnnKernelDataType_t)2>(cudnn::ops::nchw2nhwc_params_t<T3>, const T1 *, T2 *)","1","7","(256, 1, 1)","(1, 8, 256)","0","8.0","Command line profiler metrics","dram__throughput.avg.pct_of_peak_sustained_elapsed","%","8.19"
"139","583630","python3.8","127.0.0.1","void cudnn::ops::nchwToNhwcKernel<float, float, float, (bool)0, (bool)1, (cudnnKernelDataType_t)2>(cudnn::ops::nchw2nhwc_params_t<T3>, const T1 *, T2 *)","1","7","(256, 1, 1)","(1, 8, 256)","0","8.0","Command line profiler metrics","gpu__time_duration.sum","nsecond","14976"
"139","583630","python3.8","127.0.0.1","void cudnn::ops::nchwToNhwcKernel<float, float, float, (bool)0, (bool)1, (cudnnKernelDataType_t)2>(cudnn::ops::nchw2nhwc_params_t<T3>, const T1 *, T2 *)","1","7","(256, 1, 1)","(1, 8, 256)","0","8.0","Command line profiler metrics","lts__t_sectors.avg.pct_of_peak_sustained_elapsed","%","6.95"
"140","583630","python3.8","127.0.0.1","sm80_xmma_fprop_implicit_gemm_tf32f32_tf32f32_f32_nhwckrsc_nchw_tilesize256x128x32_stage3_warpsize4x2x1_g1_tensor16x8x8_execute_kernel_cudnn","1","7","(256, 1, 1)","(2, 49, 1)","0","8.0","Command line profiler metrics","dram__throughput.avg.pct_of_peak_sustained_elapsed","%","2.68"
"140","583630","python3.8","127.0.0.1","sm80_xmma_fprop_implicit_gemm_tf32f32_tf32f32_f32_nhwckrsc_nchw_tilesize256x128x32_stage3_warpsize4x2x1_g1_tensor16x8x8_execute_kernel_cudnn","1","7","(256, 1, 1)","(2, 49, 1)","0","8.0","Command line profiler metrics","gpu__time_duration.sum","nsecond","317440"
"140","583630","python3.8","127.0.0.1","sm80_xmma_fprop_implicit_gemm_tf32f32_tf32f32_f32_nhwckrsc_nchw_tilesize256x128x32_stage3_warpsize4x2x1_g1_tensor16x8x8_execute_kernel_cudnn","1","7","(256, 1, 1)","(2, 49, 1)","0","8.0","Command line profiler metrics","lts__t_sectors.avg.pct_of_peak_sustained_elapsed","%","14.56"
"141","583630","python3.8","127.0.0.1","void cudnn::bn_fw_inf_1C11_kernel_NCHW<float, float, (bool)1, (int)1>(T2, T2, cudnnTensorStruct, const T1 *, cudnnTensorStruct, T1 *, cudnnTensorStruct, const T2 *, const T2 *, const T2 *, const T2 *, T2)","1","7","(64, 1, 1)","(256, 64, 1)","0","8.0","Command line profiler metrics","dram__throughput.avg.pct_of_peak_sustained_elapsed","%","20.52"
"141","583630","python3.8","127.0.0.1","void cudnn::bn_fw_inf_1C11_kernel_NCHW<float, float, (bool)1, (int)1>(T2, T2, cudnnTensorStruct, const T1 *, cudnnTensorStruct, T1 *, cudnnTensorStruct, const T2 *, const T2 *, const T2 *, const T2 *, T2)","1","7","(64, 1, 1)","(256, 64, 1)","0","8.0","Command line profiler metrics","gpu__time_duration.sum","nsecond","35168"
"141","583630","python3.8","127.0.0.1","void cudnn::bn_fw_inf_1C11_kernel_NCHW<float, float, (bool)1, (int)1>(T2, T2, cudnnTensorStruct, const T1 *, cudnnTensorStruct, T1 *, cudnnTensorStruct, const T2 *, const T2 *, const T2 *, const T2 *, T2)","1","7","(64, 1, 1)","(256, 64, 1)","0","8.0","Command line profiler metrics","lts__t_sectors.avg.pct_of_peak_sustained_elapsed","%","15.95"
"142","583630","python3.8","127.0.0.1","void at::native::vectorized_elementwise_kernel<(int)4, at::native::<unnamed>::launch_clamp_scalar(at::TensorIteratorBase &, c10::Scalar, c10::Scalar, at::native::detail::ClampLimits)::[lambda() (instance 1)]::operator ()() const::[lambda() (instance 14)]::operator ()() const::[lambda(float) (instance 1)], at::detail::Array<char *, (int)2>>(int, T2, T3)","1","7","(128, 1, 1)","(6272, 1, 1)","0","8.0","Command line profiler metrics","dram__throughput.avg.pct_of_peak_sustained_elapsed","%","38.01"
"142","583630","python3.8","127.0.0.1","void at::native::vectorized_elementwise_kernel<(int)4, at::native::<unnamed>::launch_clamp_scalar(at::TensorIteratorBase &, c10::Scalar, c10::Scalar, at::native::detail::ClampLimits)::[lambda() (instance 1)]::operator ()() const::[lambda() (instance 14)]::operator ()() const::[lambda(float) (instance 1)], at::detail::Array<char *, (int)2>>(int, T2, T3)","1","7","(128, 1, 1)","(6272, 1, 1)","0","8.0","Command line profiler metrics","gpu__time_duration.sum","nsecond","17536"
"142","583630","python3.8","127.0.0.1","void at::native::vectorized_elementwise_kernel<(int)4, at::native::<unnamed>::launch_clamp_scalar(at::TensorIteratorBase &, c10::Scalar, c10::Scalar, at::native::detail::ClampLimits)::[lambda() (instance 1)]::operator ()() const::[lambda() (instance 14)]::operator ()() const::[lambda(float) (instance 1)], at::detail::Array<char *, (int)2>>(int, T2, T3)","1","7","(128, 1, 1)","(6272, 1, 1)","0","8.0","Command line profiler metrics","lts__t_sectors.avg.pct_of_peak_sustained_elapsed","%","29.13"
"143","583630","python3.8","127.0.0.1","void cutlass::Kernel<cutlass_80_tensorop_s1688gemm_256x64_16x4_nn_align4>(T1::Params)","1","7","(128, 1, 1)","(16, 1, 64)","0","8.0","Command line profiler metrics","dram__throughput.avg.pct_of_peak_sustained_elapsed","%","9.93"
"143","583630","python3.8","127.0.0.1","void cutlass::Kernel<cutlass_80_tensorop_s1688gemm_256x64_16x4_nn_align4>(T1::Params)","1","7","(128, 1, 1)","(16, 1, 64)","0","8.0","Command line profiler metrics","gpu__time_duration.sum","nsecond","247488"
"143","583630","python3.8","127.0.0.1","void cutlass::Kernel<cutlass_80_tensorop_s1688gemm_256x64_16x4_nn_align4>(T1::Params)","1","7","(128, 1, 1)","(16, 1, 64)","0","8.0","Command line profiler metrics","lts__t_sectors.avg.pct_of_peak_sustained_elapsed","%","25.88"
"144","583630","python3.8","127.0.0.1","void cudnn::bn_fw_inf_1C11_kernel_NCHW<float, float, (bool)1, (int)1>(T2, T2, cudnnTensorStruct, const T1 *, cudnnTensorStruct, T1 *, cudnnTensorStruct, const T2 *, const T2 *, const T2 *, const T2 *, T2)","1","7","(64, 1, 1)","(1024, 64, 1)","0","8.0","Command line profiler metrics","dram__throughput.avg.pct_of_peak_sustained_elapsed","%","32.65"
"144","583630","python3.8","127.0.0.1","void cudnn::bn_fw_inf_1C11_kernel_NCHW<float, float, (bool)1, (int)1>(T2, T2, cudnnTensorStruct, const T1 *, cudnnTensorStruct, T1 *, cudnnTensorStruct, const T2 *, const T2 *, const T2 *, const T2 *, T2)","1","7","(64, 1, 1)","(1024, 64, 1)","0","8.0","Command line profiler metrics","gpu__time_duration.sum","nsecond","143392"
"144","583630","python3.8","127.0.0.1","void cudnn::bn_fw_inf_1C11_kernel_NCHW<float, float, (bool)1, (int)1>(T2, T2, cudnnTensorStruct, const T1 *, cudnnTensorStruct, T1 *, cudnnTensorStruct, const T2 *, const T2 *, const T2 *, const T2 *, T2)","1","7","(64, 1, 1)","(1024, 64, 1)","0","8.0","Command line profiler metrics","lts__t_sectors.avg.pct_of_peak_sustained_elapsed","%","18.91"
"145","583630","python3.8","127.0.0.1","void at::native::vectorized_elementwise_kernel<(int)4, at::native::CUDAFunctor_add<float>, at::detail::Array<char *, (int)3>>(int, T2, T3)","1","7","(128, 1, 1)","(25088, 1, 1)","0","8.0","Command line profiler metrics","dram__throughput.avg.pct_of_peak_sustained_elapsed","%","85.73"
"145","583630","python3.8","127.0.0.1","void at::native::vectorized_elementwise_kernel<(int)4, at::native::CUDAFunctor_add<float>, at::detail::Array<char *, (int)3>>(int, T2, T3)","1","7","(128, 1, 1)","(25088, 1, 1)","0","8.0","Command line profiler metrics","gpu__time_duration.sum","nsecond","83936"
"145","583630","python3.8","127.0.0.1","void at::native::vectorized_elementwise_kernel<(int)4, at::native::CUDAFunctor_add<float>, at::detail::Array<char *, (int)3>>(int, T2, T3)","1","7","(128, 1, 1)","(25088, 1, 1)","0","8.0","Command line profiler metrics","lts__t_sectors.avg.pct_of_peak_sustained_elapsed","%","41.69"
"146","583630","python3.8","127.0.0.1","void at::native::vectorized_elementwise_kernel<(int)4, at::native::<unnamed>::launch_clamp_scalar(at::TensorIteratorBase &, c10::Scalar, c10::Scalar, at::native::detail::ClampLimits)::[lambda() (instance 1)]::operator ()() const::[lambda() (instance 14)]::operator ()() const::[lambda(float) (instance 1)], at::detail::Array<char *, (int)2>>(int, T2, T3)","1","7","(128, 1, 1)","(25088, 1, 1)","0","8.0","Command line profiler metrics","dram__throughput.avg.pct_of_peak_sustained_elapsed","%","71.04"
"146","583630","python3.8","127.0.0.1","void at::native::vectorized_elementwise_kernel<(int)4, at::native::<unnamed>::launch_clamp_scalar(at::TensorIteratorBase &, c10::Scalar, c10::Scalar, at::native::detail::ClampLimits)::[lambda() (instance 1)]::operator ()() const::[lambda() (instance 14)]::operator ()() const::[lambda(float) (instance 1)], at::detail::Array<char *, (int)2>>(int, T2, T3)","1","7","(128, 1, 1)","(25088, 1, 1)","0","8.0","Command line profiler metrics","gpu__time_duration.sum","nsecond","61376"
"146","583630","python3.8","127.0.0.1","void at::native::vectorized_elementwise_kernel<(int)4, at::native::<unnamed>::launch_clamp_scalar(at::TensorIteratorBase &, c10::Scalar, c10::Scalar, at::native::detail::ClampLimits)::[lambda() (instance 1)]::operator ()() const::[lambda() (instance 14)]::operator ()() const::[lambda(float) (instance 1)], at::detail::Array<char *, (int)2>>(int, T2, T3)","1","7","(128, 1, 1)","(25088, 1, 1)","0","8.0","Command line profiler metrics","lts__t_sectors.avg.pct_of_peak_sustained_elapsed","%","34.90"
"147","583630","python3.8","127.0.0.1","void cutlass::Kernel<cutlass_80_tensorop_s1688gemm_256x64_16x4_nn_align4>(T1::Params)","1","7","(128, 1, 1)","(4, 1, 64)","0","8.0","Command line profiler metrics","dram__throughput.avg.pct_of_peak_sustained_elapsed","%","14.39"
"147","583630","python3.8","127.0.0.1","void cutlass::Kernel<cutlass_80_tensorop_s1688gemm_256x64_16x4_nn_align4>(T1::Params)","1","7","(128, 1, 1)","(4, 1, 64)","0","8.0","Command line profiler metrics","gpu__time_duration.sum","nsecond","217216"
"147","583630","python3.8","127.0.0.1","void cutlass::Kernel<cutlass_80_tensorop_s1688gemm_256x64_16x4_nn_align4>(T1::Params)","1","7","(128, 1, 1)","(4, 1, 64)","0","8.0","Command line profiler metrics","lts__t_sectors.avg.pct_of_peak_sustained_elapsed","%","28.30"
"148","583630","python3.8","127.0.0.1","void cudnn::bn_fw_inf_1C11_kernel_NCHW<float, float, (bool)1, (int)1>(T2, T2, cudnnTensorStruct, const T1 *, cudnnTensorStruct, T1 *, cudnnTensorStruct, const T2 *, const T2 *, const T2 *, const T2 *, T2)","1","7","(64, 1, 1)","(256, 64, 1)","0","8.0","Command line profiler metrics","dram__throughput.avg.pct_of_peak_sustained_elapsed","%","20.79"
"148","583630","python3.8","127.0.0.1","void cudnn::bn_fw_inf_1C11_kernel_NCHW<float, float, (bool)1, (int)1>(T2, T2, cudnnTensorStruct, const T1 *, cudnnTensorStruct, T1 *, cudnnTensorStruct, const T2 *, const T2 *, const T2 *, const T2 *, T2)","1","7","(64, 1, 1)","(256, 64, 1)","0","8.0","Command line profiler metrics","gpu__time_duration.sum","nsecond","34976"
"148","583630","python3.8","127.0.0.1","void cudnn::bn_fw_inf_1C11_kernel_NCHW<float, float, (bool)1, (int)1>(T2, T2, cudnnTensorStruct, const T1 *, cudnnTensorStruct, T1 *, cudnnTensorStruct, const T2 *, const T2 *, const T2 *, const T2 *, T2)","1","7","(64, 1, 1)","(256, 64, 1)","0","8.0","Command line profiler metrics","lts__t_sectors.avg.pct_of_peak_sustained_elapsed","%","15.71"
"149","583630","python3.8","127.0.0.1","void at::native::vectorized_elementwise_kernel<(int)4, at::native::<unnamed>::launch_clamp_scalar(at::TensorIteratorBase &, c10::Scalar, c10::Scalar, at::native::detail::ClampLimits)::[lambda() (instance 1)]::operator ()() const::[lambda() (instance 14)]::operator ()() const::[lambda(float) (instance 1)], at::detail::Array<char *, (int)2>>(int, T2, T3)","1","7","(128, 1, 1)","(6272, 1, 1)","0","8.0","Command line profiler metrics","dram__throughput.avg.pct_of_peak_sustained_elapsed","%","38.25"
"149","583630","python3.8","127.0.0.1","void at::native::vectorized_elementwise_kernel<(int)4, at::native::<unnamed>::launch_clamp_scalar(at::TensorIteratorBase &, c10::Scalar, c10::Scalar, at::native::detail::ClampLimits)::[lambda() (instance 1)]::operator ()() const::[lambda() (instance 14)]::operator ()() const::[lambda(float) (instance 1)], at::detail::Array<char *, (int)2>>(int, T2, T3)","1","7","(128, 1, 1)","(6272, 1, 1)","0","8.0","Command line profiler metrics","gpu__time_duration.sum","nsecond","17408"
"149","583630","python3.8","127.0.0.1","void at::native::vectorized_elementwise_kernel<(int)4, at::native::<unnamed>::launch_clamp_scalar(at::TensorIteratorBase &, c10::Scalar, c10::Scalar, at::native::detail::ClampLimits)::[lambda() (instance 1)]::operator ()() const::[lambda() (instance 14)]::operator ()() const::[lambda(float) (instance 1)], at::detail::Array<char *, (int)2>>(int, T2, T3)","1","7","(128, 1, 1)","(6272, 1, 1)","0","8.0","Command line profiler metrics","lts__t_sectors.avg.pct_of_peak_sustained_elapsed","%","29.36"
"150","583630","python3.8","127.0.0.1","void cudnn::ops::nchwToNhwcKernel<float, float, float, (bool)0, (bool)1, (cudnnKernelDataType_t)2>(cudnn::ops::nchw2nhwc_params_t<T3>, const T1 *, T2 *)","1","7","(256, 1, 1)","(7, 8, 64)","0","8.0","Command line profiler metrics","dram__throughput.avg.pct_of_peak_sustained_elapsed","%","31.63"
"150","583630","python3.8","127.0.0.1","void cudnn::ops::nchwToNhwcKernel<float, float, float, (bool)0, (bool)1, (cudnnKernelDataType_t)2>(cudnn::ops::nchw2nhwc_params_t<T3>, const T1 *, T2 *)","1","7","(256, 1, 1)","(7, 8, 64)","0","8.0","Command line profiler metrics","gpu__time_duration.sum","nsecond","23136"
"150","583630","python3.8","127.0.0.1","void cudnn::ops::nchwToNhwcKernel<float, float, float, (bool)0, (bool)1, (cudnnKernelDataType_t)2>(cudnn::ops::nchw2nhwc_params_t<T3>, const T1 *, T2 *)","1","7","(256, 1, 1)","(7, 8, 64)","0","8.0","Command line profiler metrics","lts__t_sectors.avg.pct_of_peak_sustained_elapsed","%","25.77"
"151","583630","python3.8","127.0.0.1","void cudnn::ops::nchwToNhwcKernel<float, float, float, (bool)0, (bool)1, (cudnnKernelDataType_t)2>(cudnn::ops::nchw2nhwc_params_t<T3>, const T1 *, T2 *)","1","7","(256, 1, 1)","(1, 8, 256)","0","8.0","Command line profiler metrics","dram__throughput.avg.pct_of_peak_sustained_elapsed","%","8.08"
"151","583630","python3.8","127.0.0.1","void cudnn::ops::nchwToNhwcKernel<float, float, float, (bool)0, (bool)1, (cudnnKernelDataType_t)2>(cudnn::ops::nchw2nhwc_params_t<T3>, const T1 *, T2 *)","1","7","(256, 1, 1)","(1, 8, 256)","0","8.0","Command line profiler metrics","gpu__time_duration.sum","nsecond","15168"
"151","583630","python3.8","127.0.0.1","void cudnn::ops::nchwToNhwcKernel<float, float, float, (bool)0, (bool)1, (cudnnKernelDataType_t)2>(cudnn::ops::nchw2nhwc_params_t<T3>, const T1 *, T2 *)","1","7","(256, 1, 1)","(1, 8, 256)","0","8.0","Command line profiler metrics","lts__t_sectors.avg.pct_of_peak_sustained_elapsed","%","6.86"
"152","583630","python3.8","127.0.0.1","sm80_xmma_fprop_implicit_gemm_tf32f32_tf32f32_f32_nhwckrsc_nchw_tilesize256x128x32_stage3_warpsize4x2x1_g1_tensor16x8x8_execute_kernel_cudnn","1","7","(256, 1, 1)","(2, 49, 1)","0","8.0","Command line profiler metrics","dram__throughput.avg.pct_of_peak_sustained_elapsed","%","2.72"
"152","583630","python3.8","127.0.0.1","sm80_xmma_fprop_implicit_gemm_tf32f32_tf32f32_f32_nhwckrsc_nchw_tilesize256x128x32_stage3_warpsize4x2x1_g1_tensor16x8x8_execute_kernel_cudnn","1","7","(256, 1, 1)","(2, 49, 1)","0","8.0","Command line profiler metrics","gpu__time_duration.sum","nsecond","317216"
"152","583630","python3.8","127.0.0.1","sm80_xmma_fprop_implicit_gemm_tf32f32_tf32f32_f32_nhwckrsc_nchw_tilesize256x128x32_stage3_warpsize4x2x1_g1_tensor16x8x8_execute_kernel_cudnn","1","7","(256, 1, 1)","(2, 49, 1)","0","8.0","Command line profiler metrics","lts__t_sectors.avg.pct_of_peak_sustained_elapsed","%","14.60"
"153","583630","python3.8","127.0.0.1","void cudnn::bn_fw_inf_1C11_kernel_NCHW<float, float, (bool)1, (int)1>(T2, T2, cudnnTensorStruct, const T1 *, cudnnTensorStruct, T1 *, cudnnTensorStruct, const T2 *, const T2 *, const T2 *, const T2 *, T2)","1","7","(64, 1, 1)","(256, 64, 1)","0","8.0","Command line profiler metrics","dram__throughput.avg.pct_of_peak_sustained_elapsed","%","20.80"
"153","583630","python3.8","127.0.0.1","void cudnn::bn_fw_inf_1C11_kernel_NCHW<float, float, (bool)1, (int)1>(T2, T2, cudnnTensorStruct, const T1 *, cudnnTensorStruct, T1 *, cudnnTensorStruct, const T2 *, const T2 *, const T2 *, const T2 *, T2)","1","7","(64, 1, 1)","(256, 64, 1)","0","8.0","Command line profiler metrics","gpu__time_duration.sum","nsecond","35200"
"153","583630","python3.8","127.0.0.1","void cudnn::bn_fw_inf_1C11_kernel_NCHW<float, float, (bool)1, (int)1>(T2, T2, cudnnTensorStruct, const T1 *, cudnnTensorStruct, T1 *, cudnnTensorStruct, const T2 *, const T2 *, const T2 *, const T2 *, T2)","1","7","(64, 1, 1)","(256, 64, 1)","0","8.0","Command line profiler metrics","lts__t_sectors.avg.pct_of_peak_sustained_elapsed","%","15.97"
"154","583630","python3.8","127.0.0.1","void at::native::vectorized_elementwise_kernel<(int)4, at::native::<unnamed>::launch_clamp_scalar(at::TensorIteratorBase &, c10::Scalar, c10::Scalar, at::native::detail::ClampLimits)::[lambda() (instance 1)]::operator ()() const::[lambda() (instance 14)]::operator ()() const::[lambda(float) (instance 1)], at::detail::Array<char *, (int)2>>(int, T2, T3)","1","7","(128, 1, 1)","(6272, 1, 1)","0","8.0","Command line profiler metrics","dram__throughput.avg.pct_of_peak_sustained_elapsed","%","38.13"
"154","583630","python3.8","127.0.0.1","void at::native::vectorized_elementwise_kernel<(int)4, at::native::<unnamed>::launch_clamp_scalar(at::TensorIteratorBase &, c10::Scalar, c10::Scalar, at::native::detail::ClampLimits)::[lambda() (instance 1)]::operator ()() const::[lambda() (instance 14)]::operator ()() const::[lambda(float) (instance 1)], at::detail::Array<char *, (int)2>>(int, T2, T3)","1","7","(128, 1, 1)","(6272, 1, 1)","0","8.0","Command line profiler metrics","gpu__time_duration.sum","nsecond","17440"
"154","583630","python3.8","127.0.0.1","void at::native::vectorized_elementwise_kernel<(int)4, at::native::<unnamed>::launch_clamp_scalar(at::TensorIteratorBase &, c10::Scalar, c10::Scalar, at::native::detail::ClampLimits)::[lambda() (instance 1)]::operator ()() const::[lambda() (instance 14)]::operator ()() const::[lambda(float) (instance 1)], at::detail::Array<char *, (int)2>>(int, T2, T3)","1","7","(128, 1, 1)","(6272, 1, 1)","0","8.0","Command line profiler metrics","lts__t_sectors.avg.pct_of_peak_sustained_elapsed","%","29.22"
"155","583630","python3.8","127.0.0.1","void cutlass::Kernel<cutlass_80_tensorop_s1688gemm_256x64_16x4_nn_align4>(T1::Params)","1","7","(128, 1, 1)","(16, 1, 64)","0","8.0","Command line profiler metrics","dram__throughput.avg.pct_of_peak_sustained_elapsed","%","9.96"
"155","583630","python3.8","127.0.0.1","void cutlass::Kernel<cutlass_80_tensorop_s1688gemm_256x64_16x4_nn_align4>(T1::Params)","1","7","(128, 1, 1)","(16, 1, 64)","0","8.0","Command line profiler metrics","gpu__time_duration.sum","nsecond","247392"
"155","583630","python3.8","127.0.0.1","void cutlass::Kernel<cutlass_80_tensorop_s1688gemm_256x64_16x4_nn_align4>(T1::Params)","1","7","(128, 1, 1)","(16, 1, 64)","0","8.0","Command line profiler metrics","lts__t_sectors.avg.pct_of_peak_sustained_elapsed","%","25.87"
"156","583630","python3.8","127.0.0.1","void cudnn::bn_fw_inf_1C11_kernel_NCHW<float, float, (bool)1, (int)1>(T2, T2, cudnnTensorStruct, const T1 *, cudnnTensorStruct, T1 *, cudnnTensorStruct, const T2 *, const T2 *, const T2 *, const T2 *, T2)","1","7","(64, 1, 1)","(1024, 64, 1)","0","8.0","Command line profiler metrics","dram__throughput.avg.pct_of_peak_sustained_elapsed","%","32.56"
"156","583630","python3.8","127.0.0.1","void cudnn::bn_fw_inf_1C11_kernel_NCHW<float, float, (bool)1, (int)1>(T2, T2, cudnnTensorStruct, const T1 *, cudnnTensorStruct, T1 *, cudnnTensorStruct, const T2 *, const T2 *, const T2 *, const T2 *, T2)","1","7","(64, 1, 1)","(1024, 64, 1)","0","8.0","Command line profiler metrics","gpu__time_duration.sum","nsecond","143648"
"156","583630","python3.8","127.0.0.1","void cudnn::bn_fw_inf_1C11_kernel_NCHW<float, float, (bool)1, (int)1>(T2, T2, cudnnTensorStruct, const T1 *, cudnnTensorStruct, T1 *, cudnnTensorStruct, const T2 *, const T2 *, const T2 *, const T2 *, T2)","1","7","(64, 1, 1)","(1024, 64, 1)","0","8.0","Command line profiler metrics","lts__t_sectors.avg.pct_of_peak_sustained_elapsed","%","18.86"
"157","583630","python3.8","127.0.0.1","void at::native::vectorized_elementwise_kernel<(int)4, at::native::CUDAFunctor_add<float>, at::detail::Array<char *, (int)3>>(int, T2, T3)","1","7","(128, 1, 1)","(25088, 1, 1)","0","8.0","Command line profiler metrics","dram__throughput.avg.pct_of_peak_sustained_elapsed","%","85.52"
"157","583630","python3.8","127.0.0.1","void at::native::vectorized_elementwise_kernel<(int)4, at::native::CUDAFunctor_add<float>, at::detail::Array<char *, (int)3>>(int, T2, T3)","1","7","(128, 1, 1)","(25088, 1, 1)","0","8.0","Command line profiler metrics","gpu__time_duration.sum","nsecond","84288"
"157","583630","python3.8","127.0.0.1","void at::native::vectorized_elementwise_kernel<(int)4, at::native::CUDAFunctor_add<float>, at::detail::Array<char *, (int)3>>(int, T2, T3)","1","7","(128, 1, 1)","(25088, 1, 1)","0","8.0","Command line profiler metrics","lts__t_sectors.avg.pct_of_peak_sustained_elapsed","%","41.61"
"158","583630","python3.8","127.0.0.1","void at::native::vectorized_elementwise_kernel<(int)4, at::native::<unnamed>::launch_clamp_scalar(at::TensorIteratorBase &, c10::Scalar, c10::Scalar, at::native::detail::ClampLimits)::[lambda() (instance 1)]::operator ()() const::[lambda() (instance 14)]::operator ()() const::[lambda(float) (instance 1)], at::detail::Array<char *, (int)2>>(int, T2, T3)","1","7","(128, 1, 1)","(25088, 1, 1)","0","8.0","Command line profiler metrics","dram__throughput.avg.pct_of_peak_sustained_elapsed","%","71.04"
"158","583630","python3.8","127.0.0.1","void at::native::vectorized_elementwise_kernel<(int)4, at::native::<unnamed>::launch_clamp_scalar(at::TensorIteratorBase &, c10::Scalar, c10::Scalar, at::native::detail::ClampLimits)::[lambda() (instance 1)]::operator ()() const::[lambda() (instance 14)]::operator ()() const::[lambda(float) (instance 1)], at::detail::Array<char *, (int)2>>(int, T2, T3)","1","7","(128, 1, 1)","(25088, 1, 1)","0","8.0","Command line profiler metrics","gpu__time_duration.sum","nsecond","61344"
"158","583630","python3.8","127.0.0.1","void at::native::vectorized_elementwise_kernel<(int)4, at::native::<unnamed>::launch_clamp_scalar(at::TensorIteratorBase &, c10::Scalar, c10::Scalar, at::native::detail::ClampLimits)::[lambda() (instance 1)]::operator ()() const::[lambda() (instance 14)]::operator ()() const::[lambda(float) (instance 1)], at::detail::Array<char *, (int)2>>(int, T2, T3)","1","7","(128, 1, 1)","(25088, 1, 1)","0","8.0","Command line profiler metrics","lts__t_sectors.avg.pct_of_peak_sustained_elapsed","%","34.77"
"159","583630","python3.8","127.0.0.1","void cutlass::Kernel<cutlass_80_tensorop_s1688gemm_256x64_16x4_nn_align4>(T1::Params)","1","7","(128, 1, 1)","(4, 1, 64)","0","8.0","Command line profiler metrics","dram__throughput.avg.pct_of_peak_sustained_elapsed","%","14.30"
"159","583630","python3.8","127.0.0.1","void cutlass::Kernel<cutlass_80_tensorop_s1688gemm_256x64_16x4_nn_align4>(T1::Params)","1","7","(128, 1, 1)","(4, 1, 64)","0","8.0","Command line profiler metrics","gpu__time_duration.sum","nsecond","219040"
"159","583630","python3.8","127.0.0.1","void cutlass::Kernel<cutlass_80_tensorop_s1688gemm_256x64_16x4_nn_align4>(T1::Params)","1","7","(128, 1, 1)","(4, 1, 64)","0","8.0","Command line profiler metrics","lts__t_sectors.avg.pct_of_peak_sustained_elapsed","%","28.15"
"160","583630","python3.8","127.0.0.1","void cudnn::bn_fw_inf_1C11_kernel_NCHW<float, float, (bool)1, (int)1>(T2, T2, cudnnTensorStruct, const T1 *, cudnnTensorStruct, T1 *, cudnnTensorStruct, const T2 *, const T2 *, const T2 *, const T2 *, T2)","1","7","(64, 1, 1)","(256, 64, 1)","0","8.0","Command line profiler metrics","dram__throughput.avg.pct_of_peak_sustained_elapsed","%","20.46"
"160","583630","python3.8","127.0.0.1","void cudnn::bn_fw_inf_1C11_kernel_NCHW<float, float, (bool)1, (int)1>(T2, T2, cudnnTensorStruct, const T1 *, cudnnTensorStruct, T1 *, cudnnTensorStruct, const T2 *, const T2 *, const T2 *, const T2 *, T2)","1","7","(64, 1, 1)","(256, 64, 1)","0","8.0","Command line profiler metrics","gpu__time_duration.sum","nsecond","35456"
"160","583630","python3.8","127.0.0.1","void cudnn::bn_fw_inf_1C11_kernel_NCHW<float, float, (bool)1, (int)1>(T2, T2, cudnnTensorStruct, const T1 *, cudnnTensorStruct, T1 *, cudnnTensorStruct, const T2 *, const T2 *, const T2 *, const T2 *, T2)","1","7","(64, 1, 1)","(256, 64, 1)","0","8.0","Command line profiler metrics","lts__t_sectors.avg.pct_of_peak_sustained_elapsed","%","15.53"
"161","583630","python3.8","127.0.0.1","void at::native::vectorized_elementwise_kernel<(int)4, at::native::<unnamed>::launch_clamp_scalar(at::TensorIteratorBase &, c10::Scalar, c10::Scalar, at::native::detail::ClampLimits)::[lambda() (instance 1)]::operator ()() const::[lambda() (instance 14)]::operator ()() const::[lambda(float) (instance 1)], at::detail::Array<char *, (int)2>>(int, T2, T3)","1","7","(128, 1, 1)","(6272, 1, 1)","0","8.0","Command line profiler metrics","dram__throughput.avg.pct_of_peak_sustained_elapsed","%","38.19"
"161","583630","python3.8","127.0.0.1","void at::native::vectorized_elementwise_kernel<(int)4, at::native::<unnamed>::launch_clamp_scalar(at::TensorIteratorBase &, c10::Scalar, c10::Scalar, at::native::detail::ClampLimits)::[lambda() (instance 1)]::operator ()() const::[lambda() (instance 14)]::operator ()() const::[lambda(float) (instance 1)], at::detail::Array<char *, (int)2>>(int, T2, T3)","1","7","(128, 1, 1)","(6272, 1, 1)","0","8.0","Command line profiler metrics","gpu__time_duration.sum","nsecond","17472"
"161","583630","python3.8","127.0.0.1","void at::native::vectorized_elementwise_kernel<(int)4, at::native::<unnamed>::launch_clamp_scalar(at::TensorIteratorBase &, c10::Scalar, c10::Scalar, at::native::detail::ClampLimits)::[lambda() (instance 1)]::operator ()() const::[lambda() (instance 14)]::operator ()() const::[lambda(float) (instance 1)], at::detail::Array<char *, (int)2>>(int, T2, T3)","1","7","(128, 1, 1)","(6272, 1, 1)","0","8.0","Command line profiler metrics","lts__t_sectors.avg.pct_of_peak_sustained_elapsed","%","29.37"
"162","583630","python3.8","127.0.0.1","void cudnn::ops::nchwToNhwcKernel<float, float, float, (bool)0, (bool)1, (cudnnKernelDataType_t)2>(cudnn::ops::nchw2nhwc_params_t<T3>, const T1 *, T2 *)","1","7","(256, 1, 1)","(7, 8, 64)","0","8.0","Command line profiler metrics","dram__throughput.avg.pct_of_peak_sustained_elapsed","%","32.26"
"162","583630","python3.8","127.0.0.1","void cudnn::ops::nchwToNhwcKernel<float, float, float, (bool)0, (bool)1, (cudnnKernelDataType_t)2>(cudnn::ops::nchw2nhwc_params_t<T3>, const T1 *, T2 *)","1","7","(256, 1, 1)","(7, 8, 64)","0","8.0","Command line profiler metrics","gpu__time_duration.sum","nsecond","22752"
"162","583630","python3.8","127.0.0.1","void cudnn::ops::nchwToNhwcKernel<float, float, float, (bool)0, (bool)1, (cudnnKernelDataType_t)2>(cudnn::ops::nchw2nhwc_params_t<T3>, const T1 *, T2 *)","1","7","(256, 1, 1)","(7, 8, 64)","0","8.0","Command line profiler metrics","lts__t_sectors.avg.pct_of_peak_sustained_elapsed","%","26.17"
"163","583630","python3.8","127.0.0.1","void cudnn::ops::nchwToNhwcKernel<float, float, float, (bool)0, (bool)1, (cudnnKernelDataType_t)2>(cudnn::ops::nchw2nhwc_params_t<T3>, const T1 *, T2 *)","1","7","(256, 1, 1)","(1, 8, 256)","0","8.0","Command line profiler metrics","dram__throughput.avg.pct_of_peak_sustained_elapsed","%","8.12"
"163","583630","python3.8","127.0.0.1","void cudnn::ops::nchwToNhwcKernel<float, float, float, (bool)0, (bool)1, (cudnnKernelDataType_t)2>(cudnn::ops::nchw2nhwc_params_t<T3>, const T1 *, T2 *)","1","7","(256, 1, 1)","(1, 8, 256)","0","8.0","Command line profiler metrics","gpu__time_duration.sum","nsecond","15168"
"163","583630","python3.8","127.0.0.1","void cudnn::ops::nchwToNhwcKernel<float, float, float, (bool)0, (bool)1, (cudnnKernelDataType_t)2>(cudnn::ops::nchw2nhwc_params_t<T3>, const T1 *, T2 *)","1","7","(256, 1, 1)","(1, 8, 256)","0","8.0","Command line profiler metrics","lts__t_sectors.avg.pct_of_peak_sustained_elapsed","%","6.83"
"164","583630","python3.8","127.0.0.1","sm80_xmma_fprop_implicit_gemm_tf32f32_tf32f32_f32_nhwckrsc_nchw_tilesize256x128x32_stage3_warpsize4x2x1_g1_tensor16x8x8_execute_kernel_cudnn","1","7","(256, 1, 1)","(2, 49, 1)","0","8.0","Command line profiler metrics","dram__throughput.avg.pct_of_peak_sustained_elapsed","%","2.71"
"164","583630","python3.8","127.0.0.1","sm80_xmma_fprop_implicit_gemm_tf32f32_tf32f32_f32_nhwckrsc_nchw_tilesize256x128x32_stage3_warpsize4x2x1_g1_tensor16x8x8_execute_kernel_cudnn","1","7","(256, 1, 1)","(2, 49, 1)","0","8.0","Command line profiler metrics","gpu__time_duration.sum","nsecond","316992"
"164","583630","python3.8","127.0.0.1","sm80_xmma_fprop_implicit_gemm_tf32f32_tf32f32_f32_nhwckrsc_nchw_tilesize256x128x32_stage3_warpsize4x2x1_g1_tensor16x8x8_execute_kernel_cudnn","1","7","(256, 1, 1)","(2, 49, 1)","0","8.0","Command line profiler metrics","lts__t_sectors.avg.pct_of_peak_sustained_elapsed","%","14.57"
"165","583630","python3.8","127.0.0.1","void cudnn::bn_fw_inf_1C11_kernel_NCHW<float, float, (bool)1, (int)1>(T2, T2, cudnnTensorStruct, const T1 *, cudnnTensorStruct, T1 *, cudnnTensorStruct, const T2 *, const T2 *, const T2 *, const T2 *, T2)","1","7","(64, 1, 1)","(256, 64, 1)","0","8.0","Command line profiler metrics","dram__throughput.avg.pct_of_peak_sustained_elapsed","%","20.46"
"165","583630","python3.8","127.0.0.1","void cudnn::bn_fw_inf_1C11_kernel_NCHW<float, float, (bool)1, (int)1>(T2, T2, cudnnTensorStruct, const T1 *, cudnnTensorStruct, T1 *, cudnnTensorStruct, const T2 *, const T2 *, const T2 *, const T2 *, T2)","1","7","(64, 1, 1)","(256, 64, 1)","0","8.0","Command line profiler metrics","gpu__time_duration.sum","nsecond","35552"
"165","583630","python3.8","127.0.0.1","void cudnn::bn_fw_inf_1C11_kernel_NCHW<float, float, (bool)1, (int)1>(T2, T2, cudnnTensorStruct, const T1 *, cudnnTensorStruct, T1 *, cudnnTensorStruct, const T2 *, const T2 *, const T2 *, const T2 *, T2)","1","7","(64, 1, 1)","(256, 64, 1)","0","8.0","Command line profiler metrics","lts__t_sectors.avg.pct_of_peak_sustained_elapsed","%","16.00"
"166","583630","python3.8","127.0.0.1","void at::native::vectorized_elementwise_kernel<(int)4, at::native::<unnamed>::launch_clamp_scalar(at::TensorIteratorBase &, c10::Scalar, c10::Scalar, at::native::detail::ClampLimits)::[lambda() (instance 1)]::operator ()() const::[lambda() (instance 14)]::operator ()() const::[lambda(float) (instance 1)], at::detail::Array<char *, (int)2>>(int, T2, T3)","1","7","(128, 1, 1)","(6272, 1, 1)","0","8.0","Command line profiler metrics","dram__throughput.avg.pct_of_peak_sustained_elapsed","%","38.48"
"166","583630","python3.8","127.0.0.1","void at::native::vectorized_elementwise_kernel<(int)4, at::native::<unnamed>::launch_clamp_scalar(at::TensorIteratorBase &, c10::Scalar, c10::Scalar, at::native::detail::ClampLimits)::[lambda() (instance 1)]::operator ()() const::[lambda() (instance 14)]::operator ()() const::[lambda(float) (instance 1)], at::detail::Array<char *, (int)2>>(int, T2, T3)","1","7","(128, 1, 1)","(6272, 1, 1)","0","8.0","Command line profiler metrics","gpu__time_duration.sum","nsecond","17344"
"166","583630","python3.8","127.0.0.1","void at::native::vectorized_elementwise_kernel<(int)4, at::native::<unnamed>::launch_clamp_scalar(at::TensorIteratorBase &, c10::Scalar, c10::Scalar, at::native::detail::ClampLimits)::[lambda() (instance 1)]::operator ()() const::[lambda() (instance 14)]::operator ()() const::[lambda(float) (instance 1)], at::detail::Array<char *, (int)2>>(int, T2, T3)","1","7","(128, 1, 1)","(6272, 1, 1)","0","8.0","Command line profiler metrics","lts__t_sectors.avg.pct_of_peak_sustained_elapsed","%","29.59"
"167","583630","python3.8","127.0.0.1","void cutlass::Kernel<cutlass_80_tensorop_s1688gemm_256x64_16x4_nn_align4>(T1::Params)","1","7","(128, 1, 1)","(16, 1, 64)","0","8.0","Command line profiler metrics","dram__throughput.avg.pct_of_peak_sustained_elapsed","%","10.00"
"167","583630","python3.8","127.0.0.1","void cutlass::Kernel<cutlass_80_tensorop_s1688gemm_256x64_16x4_nn_align4>(T1::Params)","1","7","(128, 1, 1)","(16, 1, 64)","0","8.0","Command line profiler metrics","gpu__time_duration.sum","nsecond","246624"
"167","583630","python3.8","127.0.0.1","void cutlass::Kernel<cutlass_80_tensorop_s1688gemm_256x64_16x4_nn_align4>(T1::Params)","1","7","(128, 1, 1)","(16, 1, 64)","0","8.0","Command line profiler metrics","lts__t_sectors.avg.pct_of_peak_sustained_elapsed","%","25.94"
"168","583630","python3.8","127.0.0.1","void cudnn::bn_fw_inf_1C11_kernel_NCHW<float, float, (bool)1, (int)1>(T2, T2, cudnnTensorStruct, const T1 *, cudnnTensorStruct, T1 *, cudnnTensorStruct, const T2 *, const T2 *, const T2 *, const T2 *, T2)","1","7","(64, 1, 1)","(1024, 64, 1)","0","8.0","Command line profiler metrics","dram__throughput.avg.pct_of_peak_sustained_elapsed","%","32.64"
"168","583630","python3.8","127.0.0.1","void cudnn::bn_fw_inf_1C11_kernel_NCHW<float, float, (bool)1, (int)1>(T2, T2, cudnnTensorStruct, const T1 *, cudnnTensorStruct, T1 *, cudnnTensorStruct, const T2 *, const T2 *, const T2 *, const T2 *, T2)","1","7","(64, 1, 1)","(1024, 64, 1)","0","8.0","Command line profiler metrics","gpu__time_duration.sum","nsecond","143168"
"168","583630","python3.8","127.0.0.1","void cudnn::bn_fw_inf_1C11_kernel_NCHW<float, float, (bool)1, (int)1>(T2, T2, cudnnTensorStruct, const T1 *, cudnnTensorStruct, T1 *, cudnnTensorStruct, const T2 *, const T2 *, const T2 *, const T2 *, T2)","1","7","(64, 1, 1)","(1024, 64, 1)","0","8.0","Command line profiler metrics","lts__t_sectors.avg.pct_of_peak_sustained_elapsed","%","18.90"
"169","583630","python3.8","127.0.0.1","void at::native::vectorized_elementwise_kernel<(int)4, at::native::CUDAFunctor_add<float>, at::detail::Array<char *, (int)3>>(int, T2, T3)","1","7","(128, 1, 1)","(25088, 1, 1)","0","8.0","Command line profiler metrics","dram__throughput.avg.pct_of_peak_sustained_elapsed","%","86.22"
"169","583630","python3.8","127.0.0.1","void at::native::vectorized_elementwise_kernel<(int)4, at::native::CUDAFunctor_add<float>, at::detail::Array<char *, (int)3>>(int, T2, T3)","1","7","(128, 1, 1)","(25088, 1, 1)","0","8.0","Command line profiler metrics","gpu__time_duration.sum","nsecond","83552"
"169","583630","python3.8","127.0.0.1","void at::native::vectorized_elementwise_kernel<(int)4, at::native::CUDAFunctor_add<float>, at::detail::Array<char *, (int)3>>(int, T2, T3)","1","7","(128, 1, 1)","(25088, 1, 1)","0","8.0","Command line profiler metrics","lts__t_sectors.avg.pct_of_peak_sustained_elapsed","%","41.98"
"170","583630","python3.8","127.0.0.1","void at::native::vectorized_elementwise_kernel<(int)4, at::native::<unnamed>::launch_clamp_scalar(at::TensorIteratorBase &, c10::Scalar, c10::Scalar, at::native::detail::ClampLimits)::[lambda() (instance 1)]::operator ()() const::[lambda() (instance 14)]::operator ()() const::[lambda(float) (instance 1)], at::detail::Array<char *, (int)2>>(int, T2, T3)","1","7","(128, 1, 1)","(25088, 1, 1)","0","8.0","Command line profiler metrics","dram__throughput.avg.pct_of_peak_sustained_elapsed","%","71.43"
"170","583630","python3.8","127.0.0.1","void at::native::vectorized_elementwise_kernel<(int)4, at::native::<unnamed>::launch_clamp_scalar(at::TensorIteratorBase &, c10::Scalar, c10::Scalar, at::native::detail::ClampLimits)::[lambda() (instance 1)]::operator ()() const::[lambda() (instance 14)]::operator ()() const::[lambda(float) (instance 1)], at::detail::Array<char *, (int)2>>(int, T2, T3)","1","7","(128, 1, 1)","(25088, 1, 1)","0","8.0","Command line profiler metrics","gpu__time_duration.sum","nsecond","61024"
"170","583630","python3.8","127.0.0.1","void at::native::vectorized_elementwise_kernel<(int)4, at::native::<unnamed>::launch_clamp_scalar(at::TensorIteratorBase &, c10::Scalar, c10::Scalar, at::native::detail::ClampLimits)::[lambda() (instance 1)]::operator ()() const::[lambda() (instance 14)]::operator ()() const::[lambda(float) (instance 1)], at::detail::Array<char *, (int)2>>(int, T2, T3)","1","7","(128, 1, 1)","(25088, 1, 1)","0","8.0","Command line profiler metrics","lts__t_sectors.avg.pct_of_peak_sustained_elapsed","%","35.15"
"171","583630","python3.8","127.0.0.1","void cutlass::Kernel<cutlass_80_tensorop_s1688gemm_256x64_16x4_nn_align4>(T1::Params)","1","7","(128, 1, 1)","(4, 1, 64)","0","8.0","Command line profiler metrics","dram__throughput.avg.pct_of_peak_sustained_elapsed","%","14.31"
"171","583630","python3.8","127.0.0.1","void cutlass::Kernel<cutlass_80_tensorop_s1688gemm_256x64_16x4_nn_align4>(T1::Params)","1","7","(128, 1, 1)","(4, 1, 64)","0","8.0","Command line profiler metrics","gpu__time_duration.sum","nsecond","218624"
"171","583630","python3.8","127.0.0.1","void cutlass::Kernel<cutlass_80_tensorop_s1688gemm_256x64_16x4_nn_align4>(T1::Params)","1","7","(128, 1, 1)","(4, 1, 64)","0","8.0","Command line profiler metrics","lts__t_sectors.avg.pct_of_peak_sustained_elapsed","%","28.00"
"172","583630","python3.8","127.0.0.1","void cudnn::bn_fw_inf_1C11_kernel_NCHW<float, float, (bool)1, (int)1>(T2, T2, cudnnTensorStruct, const T1 *, cudnnTensorStruct, T1 *, cudnnTensorStruct, const T2 *, const T2 *, const T2 *, const T2 *, T2)","1","7","(64, 1, 1)","(256, 64, 1)","0","8.0","Command line profiler metrics","dram__throughput.avg.pct_of_peak_sustained_elapsed","%","20.59"
"172","583630","python3.8","127.0.0.1","void cudnn::bn_fw_inf_1C11_kernel_NCHW<float, float, (bool)1, (int)1>(T2, T2, cudnnTensorStruct, const T1 *, cudnnTensorStruct, T1 *, cudnnTensorStruct, const T2 *, const T2 *, const T2 *, const T2 *, T2)","1","7","(64, 1, 1)","(256, 64, 1)","0","8.0","Command line profiler metrics","gpu__time_duration.sum","nsecond","35232"
"172","583630","python3.8","127.0.0.1","void cudnn::bn_fw_inf_1C11_kernel_NCHW<float, float, (bool)1, (int)1>(T2, T2, cudnnTensorStruct, const T1 *, cudnnTensorStruct, T1 *, cudnnTensorStruct, const T2 *, const T2 *, const T2 *, const T2 *, T2)","1","7","(64, 1, 1)","(256, 64, 1)","0","8.0","Command line profiler metrics","lts__t_sectors.avg.pct_of_peak_sustained_elapsed","%","15.55"
"173","583630","python3.8","127.0.0.1","void at::native::vectorized_elementwise_kernel<(int)4, at::native::<unnamed>::launch_clamp_scalar(at::TensorIteratorBase &, c10::Scalar, c10::Scalar, at::native::detail::ClampLimits)::[lambda() (instance 1)]::operator ()() const::[lambda() (instance 14)]::operator ()() const::[lambda(float) (instance 1)], at::detail::Array<char *, (int)2>>(int, T2, T3)","1","7","(128, 1, 1)","(6272, 1, 1)","0","8.0","Command line profiler metrics","dram__throughput.avg.pct_of_peak_sustained_elapsed","%","38.40"
"173","583630","python3.8","127.0.0.1","void at::native::vectorized_elementwise_kernel<(int)4, at::native::<unnamed>::launch_clamp_scalar(at::TensorIteratorBase &, c10::Scalar, c10::Scalar, at::native::detail::ClampLimits)::[lambda() (instance 1)]::operator ()() const::[lambda() (instance 14)]::operator ()() const::[lambda(float) (instance 1)], at::detail::Array<char *, (int)2>>(int, T2, T3)","1","7","(128, 1, 1)","(6272, 1, 1)","0","8.0","Command line profiler metrics","gpu__time_duration.sum","nsecond","17408"
"173","583630","python3.8","127.0.0.1","void at::native::vectorized_elementwise_kernel<(int)4, at::native::<unnamed>::launch_clamp_scalar(at::TensorIteratorBase &, c10::Scalar, c10::Scalar, at::native::detail::ClampLimits)::[lambda() (instance 1)]::operator ()() const::[lambda() (instance 14)]::operator ()() const::[lambda(float) (instance 1)], at::detail::Array<char *, (int)2>>(int, T2, T3)","1","7","(128, 1, 1)","(6272, 1, 1)","0","8.0","Command line profiler metrics","lts__t_sectors.avg.pct_of_peak_sustained_elapsed","%","29.39"
"174","583630","python3.8","127.0.0.1","void cudnn::ops::nchwToNhwcKernel<float, float, float, (bool)0, (bool)1, (cudnnKernelDataType_t)2>(cudnn::ops::nchw2nhwc_params_t<T3>, const T1 *, T2 *)","1","7","(256, 1, 1)","(7, 8, 64)","0","8.0","Command line profiler metrics","dram__throughput.avg.pct_of_peak_sustained_elapsed","%","31.51"
"174","583630","python3.8","127.0.0.1","void cudnn::ops::nchwToNhwcKernel<float, float, float, (bool)0, (bool)1, (cudnnKernelDataType_t)2>(cudnn::ops::nchw2nhwc_params_t<T3>, const T1 *, T2 *)","1","7","(256, 1, 1)","(7, 8, 64)","0","8.0","Command line profiler metrics","gpu__time_duration.sum","nsecond","22880"
"174","583630","python3.8","127.0.0.1","void cudnn::ops::nchwToNhwcKernel<float, float, float, (bool)0, (bool)1, (cudnnKernelDataType_t)2>(cudnn::ops::nchw2nhwc_params_t<T3>, const T1 *, T2 *)","1","7","(256, 1, 1)","(7, 8, 64)","0","8.0","Command line profiler metrics","lts__t_sectors.avg.pct_of_peak_sustained_elapsed","%","25.98"
"175","583630","python3.8","127.0.0.1","void cudnn::ops::nchwToNhwcKernel<float, float, float, (bool)0, (bool)1, (cudnnKernelDataType_t)2>(cudnn::ops::nchw2nhwc_params_t<T3>, const T1 *, T2 *)","1","7","(256, 1, 1)","(1, 8, 256)","0","8.0","Command line profiler metrics","dram__throughput.avg.pct_of_peak_sustained_elapsed","%","8.22"
"175","583630","python3.8","127.0.0.1","void cudnn::ops::nchwToNhwcKernel<float, float, float, (bool)0, (bool)1, (cudnnKernelDataType_t)2>(cudnn::ops::nchw2nhwc_params_t<T3>, const T1 *, T2 *)","1","7","(256, 1, 1)","(1, 8, 256)","0","8.0","Command line profiler metrics","gpu__time_duration.sum","nsecond","14976"
"175","583630","python3.8","127.0.0.1","void cudnn::ops::nchwToNhwcKernel<float, float, float, (bool)0, (bool)1, (cudnnKernelDataType_t)2>(cudnn::ops::nchw2nhwc_params_t<T3>, const T1 *, T2 *)","1","7","(256, 1, 1)","(1, 8, 256)","0","8.0","Command line profiler metrics","lts__t_sectors.avg.pct_of_peak_sustained_elapsed","%","6.89"
"176","583630","python3.8","127.0.0.1","sm80_xmma_fprop_implicit_gemm_tf32f32_tf32f32_f32_nhwckrsc_nchw_tilesize256x128x32_stage3_warpsize4x2x1_g1_tensor16x8x8_execute_kernel_cudnn","1","7","(256, 1, 1)","(2, 49, 1)","0","8.0","Command line profiler metrics","dram__throughput.avg.pct_of_peak_sustained_elapsed","%","2.70"
"176","583630","python3.8","127.0.0.1","sm80_xmma_fprop_implicit_gemm_tf32f32_tf32f32_f32_nhwckrsc_nchw_tilesize256x128x32_stage3_warpsize4x2x1_g1_tensor16x8x8_execute_kernel_cudnn","1","7","(256, 1, 1)","(2, 49, 1)","0","8.0","Command line profiler metrics","gpu__time_duration.sum","nsecond","317248"
"176","583630","python3.8","127.0.0.1","sm80_xmma_fprop_implicit_gemm_tf32f32_tf32f32_f32_nhwckrsc_nchw_tilesize256x128x32_stage3_warpsize4x2x1_g1_tensor16x8x8_execute_kernel_cudnn","1","7","(256, 1, 1)","(2, 49, 1)","0","8.0","Command line profiler metrics","lts__t_sectors.avg.pct_of_peak_sustained_elapsed","%","14.58"
"177","583630","python3.8","127.0.0.1","void cudnn::bn_fw_inf_1C11_kernel_NCHW<float, float, (bool)1, (int)1>(T2, T2, cudnnTensorStruct, const T1 *, cudnnTensorStruct, T1 *, cudnnTensorStruct, const T2 *, const T2 *, const T2 *, const T2 *, T2)","1","7","(64, 1, 1)","(256, 64, 1)","0","8.0","Command line profiler metrics","dram__throughput.avg.pct_of_peak_sustained_elapsed","%","20.68"
"177","583630","python3.8","127.0.0.1","void cudnn::bn_fw_inf_1C11_kernel_NCHW<float, float, (bool)1, (int)1>(T2, T2, cudnnTensorStruct, const T1 *, cudnnTensorStruct, T1 *, cudnnTensorStruct, const T2 *, const T2 *, const T2 *, const T2 *, T2)","1","7","(64, 1, 1)","(256, 64, 1)","0","8.0","Command line profiler metrics","gpu__time_duration.sum","nsecond","34976"
"177","583630","python3.8","127.0.0.1","void cudnn::bn_fw_inf_1C11_kernel_NCHW<float, float, (bool)1, (int)1>(T2, T2, cudnnTensorStruct, const T1 *, cudnnTensorStruct, T1 *, cudnnTensorStruct, const T2 *, const T2 *, const T2 *, const T2 *, T2)","1","7","(64, 1, 1)","(256, 64, 1)","0","8.0","Command line profiler metrics","lts__t_sectors.avg.pct_of_peak_sustained_elapsed","%","16.11"
"178","583630","python3.8","127.0.0.1","void at::native::vectorized_elementwise_kernel<(int)4, at::native::<unnamed>::launch_clamp_scalar(at::TensorIteratorBase &, c10::Scalar, c10::Scalar, at::native::detail::ClampLimits)::[lambda() (instance 1)]::operator ()() const::[lambda() (instance 14)]::operator ()() const::[lambda(float) (instance 1)], at::detail::Array<char *, (int)2>>(int, T2, T3)","1","7","(128, 1, 1)","(6272, 1, 1)","0","8.0","Command line profiler metrics","dram__throughput.avg.pct_of_peak_sustained_elapsed","%","37.90"
"178","583630","python3.8","127.0.0.1","void at::native::vectorized_elementwise_kernel<(int)4, at::native::<unnamed>::launch_clamp_scalar(at::TensorIteratorBase &, c10::Scalar, c10::Scalar, at::native::detail::ClampLimits)::[lambda() (instance 1)]::operator ()() const::[lambda() (instance 14)]::operator ()() const::[lambda(float) (instance 1)], at::detail::Array<char *, (int)2>>(int, T2, T3)","1","7","(128, 1, 1)","(6272, 1, 1)","0","8.0","Command line profiler metrics","gpu__time_duration.sum","nsecond","17568"
"178","583630","python3.8","127.0.0.1","void at::native::vectorized_elementwise_kernel<(int)4, at::native::<unnamed>::launch_clamp_scalar(at::TensorIteratorBase &, c10::Scalar, c10::Scalar, at::native::detail::ClampLimits)::[lambda() (instance 1)]::operator ()() const::[lambda() (instance 14)]::operator ()() const::[lambda(float) (instance 1)], at::detail::Array<char *, (int)2>>(int, T2, T3)","1","7","(128, 1, 1)","(6272, 1, 1)","0","8.0","Command line profiler metrics","lts__t_sectors.avg.pct_of_peak_sustained_elapsed","%","28.95"
"179","583630","python3.8","127.0.0.1","void cutlass::Kernel<cutlass_80_tensorop_s1688gemm_256x64_16x4_nn_align4>(T1::Params)","1","7","(128, 1, 1)","(16, 1, 64)","0","8.0","Command line profiler metrics","dram__throughput.avg.pct_of_peak_sustained_elapsed","%","9.90"
"179","583630","python3.8","127.0.0.1","void cutlass::Kernel<cutlass_80_tensorop_s1688gemm_256x64_16x4_nn_align4>(T1::Params)","1","7","(128, 1, 1)","(16, 1, 64)","0","8.0","Command line profiler metrics","gpu__time_duration.sum","nsecond","248544"
"179","583630","python3.8","127.0.0.1","void cutlass::Kernel<cutlass_80_tensorop_s1688gemm_256x64_16x4_nn_align4>(T1::Params)","1","7","(128, 1, 1)","(16, 1, 64)","0","8.0","Command line profiler metrics","lts__t_sectors.avg.pct_of_peak_sustained_elapsed","%","25.77"
"180","583630","python3.8","127.0.0.1","void cudnn::bn_fw_inf_1C11_kernel_NCHW<float, float, (bool)1, (int)1>(T2, T2, cudnnTensorStruct, const T1 *, cudnnTensorStruct, T1 *, cudnnTensorStruct, const T2 *, const T2 *, const T2 *, const T2 *, T2)","1","7","(64, 1, 1)","(1024, 64, 1)","0","8.0","Command line profiler metrics","dram__throughput.avg.pct_of_peak_sustained_elapsed","%","32.66"
"180","583630","python3.8","127.0.0.1","void cudnn::bn_fw_inf_1C11_kernel_NCHW<float, float, (bool)1, (int)1>(T2, T2, cudnnTensorStruct, const T1 *, cudnnTensorStruct, T1 *, cudnnTensorStruct, const T2 *, const T2 *, const T2 *, const T2 *, T2)","1","7","(64, 1, 1)","(1024, 64, 1)","0","8.0","Command line profiler metrics","gpu__time_duration.sum","nsecond","143648"
"180","583630","python3.8","127.0.0.1","void cudnn::bn_fw_inf_1C11_kernel_NCHW<float, float, (bool)1, (int)1>(T2, T2, cudnnTensorStruct, const T1 *, cudnnTensorStruct, T1 *, cudnnTensorStruct, const T2 *, const T2 *, const T2 *, const T2 *, T2)","1","7","(64, 1, 1)","(1024, 64, 1)","0","8.0","Command line profiler metrics","lts__t_sectors.avg.pct_of_peak_sustained_elapsed","%","18.85"
"181","583630","python3.8","127.0.0.1","void at::native::vectorized_elementwise_kernel<(int)4, at::native::CUDAFunctor_add<float>, at::detail::Array<char *, (int)3>>(int, T2, T3)","1","7","(128, 1, 1)","(25088, 1, 1)","0","8.0","Command line profiler metrics","dram__throughput.avg.pct_of_peak_sustained_elapsed","%","85.83"
"181","583630","python3.8","127.0.0.1","void at::native::vectorized_elementwise_kernel<(int)4, at::native::CUDAFunctor_add<float>, at::detail::Array<char *, (int)3>>(int, T2, T3)","1","7","(128, 1, 1)","(25088, 1, 1)","0","8.0","Command line profiler metrics","gpu__time_duration.sum","nsecond","83808"
"181","583630","python3.8","127.0.0.1","void at::native::vectorized_elementwise_kernel<(int)4, at::native::CUDAFunctor_add<float>, at::detail::Array<char *, (int)3>>(int, T2, T3)","1","7","(128, 1, 1)","(25088, 1, 1)","0","8.0","Command line profiler metrics","lts__t_sectors.avg.pct_of_peak_sustained_elapsed","%","41.71"
"182","583630","python3.8","127.0.0.1","void at::native::vectorized_elementwise_kernel<(int)4, at::native::<unnamed>::launch_clamp_scalar(at::TensorIteratorBase &, c10::Scalar, c10::Scalar, at::native::detail::ClampLimits)::[lambda() (instance 1)]::operator ()() const::[lambda() (instance 14)]::operator ()() const::[lambda(float) (instance 1)], at::detail::Array<char *, (int)2>>(int, T2, T3)","1","7","(128, 1, 1)","(25088, 1, 1)","0","8.0","Command line profiler metrics","dram__throughput.avg.pct_of_peak_sustained_elapsed","%","70.50"
"182","583630","python3.8","127.0.0.1","void at::native::vectorized_elementwise_kernel<(int)4, at::native::<unnamed>::launch_clamp_scalar(at::TensorIteratorBase &, c10::Scalar, c10::Scalar, at::native::detail::ClampLimits)::[lambda() (instance 1)]::operator ()() const::[lambda() (instance 14)]::operator ()() const::[lambda(float) (instance 1)], at::detail::Array<char *, (int)2>>(int, T2, T3)","1","7","(128, 1, 1)","(25088, 1, 1)","0","8.0","Command line profiler metrics","gpu__time_duration.sum","nsecond","61824"
"182","583630","python3.8","127.0.0.1","void at::native::vectorized_elementwise_kernel<(int)4, at::native::<unnamed>::launch_clamp_scalar(at::TensorIteratorBase &, c10::Scalar, c10::Scalar, at::native::detail::ClampLimits)::[lambda() (instance 1)]::operator ()() const::[lambda() (instance 14)]::operator ()() const::[lambda(float) (instance 1)], at::detail::Array<char *, (int)2>>(int, T2, T3)","1","7","(128, 1, 1)","(25088, 1, 1)","0","8.0","Command line profiler metrics","lts__t_sectors.avg.pct_of_peak_sustained_elapsed","%","34.62"
"183","583630","python3.8","127.0.0.1","void cutlass::Kernel<cutlass_80_tensorop_s1688gemm_256x64_16x4_nn_align4>(T1::Params)","1","7","(128, 1, 1)","(4, 1, 64)","0","8.0","Command line profiler metrics","dram__throughput.avg.pct_of_peak_sustained_elapsed","%","14.30"
"183","583630","python3.8","127.0.0.1","void cutlass::Kernel<cutlass_80_tensorop_s1688gemm_256x64_16x4_nn_align4>(T1::Params)","1","7","(128, 1, 1)","(4, 1, 64)","0","8.0","Command line profiler metrics","gpu__time_duration.sum","nsecond","218176"
"183","583630","python3.8","127.0.0.1","void cutlass::Kernel<cutlass_80_tensorop_s1688gemm_256x64_16x4_nn_align4>(T1::Params)","1","7","(128, 1, 1)","(4, 1, 64)","0","8.0","Command line profiler metrics","lts__t_sectors.avg.pct_of_peak_sustained_elapsed","%","28.16"
"184","583630","python3.8","127.0.0.1","void cudnn::bn_fw_inf_1C11_kernel_NCHW<float, float, (bool)1, (int)1>(T2, T2, cudnnTensorStruct, const T1 *, cudnnTensorStruct, T1 *, cudnnTensorStruct, const T2 *, const T2 *, const T2 *, const T2 *, T2)","1","7","(64, 1, 1)","(256, 64, 1)","0","8.0","Command line profiler metrics","dram__throughput.avg.pct_of_peak_sustained_elapsed","%","20.29"
"184","583630","python3.8","127.0.0.1","void cudnn::bn_fw_inf_1C11_kernel_NCHW<float, float, (bool)1, (int)1>(T2, T2, cudnnTensorStruct, const T1 *, cudnnTensorStruct, T1 *, cudnnTensorStruct, const T2 *, const T2 *, const T2 *, const T2 *, T2)","1","7","(64, 1, 1)","(256, 64, 1)","0","8.0","Command line profiler metrics","gpu__time_duration.sum","nsecond","35456"
"184","583630","python3.8","127.0.0.1","void cudnn::bn_fw_inf_1C11_kernel_NCHW<float, float, (bool)1, (int)1>(T2, T2, cudnnTensorStruct, const T1 *, cudnnTensorStruct, T1 *, cudnnTensorStruct, const T2 *, const T2 *, const T2 *, const T2 *, T2)","1","7","(64, 1, 1)","(256, 64, 1)","0","8.0","Command line profiler metrics","lts__t_sectors.avg.pct_of_peak_sustained_elapsed","%","15.55"
"185","583630","python3.8","127.0.0.1","void at::native::vectorized_elementwise_kernel<(int)4, at::native::<unnamed>::launch_clamp_scalar(at::TensorIteratorBase &, c10::Scalar, c10::Scalar, at::native::detail::ClampLimits)::[lambda() (instance 1)]::operator ()() const::[lambda() (instance 14)]::operator ()() const::[lambda(float) (instance 1)], at::detail::Array<char *, (int)2>>(int, T2, T3)","1","7","(128, 1, 1)","(6272, 1, 1)","0","8.0","Command line profiler metrics","dram__throughput.avg.pct_of_peak_sustained_elapsed","%","38.26"
"185","583630","python3.8","127.0.0.1","void at::native::vectorized_elementwise_kernel<(int)4, at::native::<unnamed>::launch_clamp_scalar(at::TensorIteratorBase &, c10::Scalar, c10::Scalar, at::native::detail::ClampLimits)::[lambda() (instance 1)]::operator ()() const::[lambda() (instance 14)]::operator ()() const::[lambda(float) (instance 1)], at::detail::Array<char *, (int)2>>(int, T2, T3)","1","7","(128, 1, 1)","(6272, 1, 1)","0","8.0","Command line profiler metrics","gpu__time_duration.sum","nsecond","17440"
"185","583630","python3.8","127.0.0.1","void at::native::vectorized_elementwise_kernel<(int)4, at::native::<unnamed>::launch_clamp_scalar(at::TensorIteratorBase &, c10::Scalar, c10::Scalar, at::native::detail::ClampLimits)::[lambda() (instance 1)]::operator ()() const::[lambda() (instance 14)]::operator ()() const::[lambda(float) (instance 1)], at::detail::Array<char *, (int)2>>(int, T2, T3)","1","7","(128, 1, 1)","(6272, 1, 1)","0","8.0","Command line profiler metrics","lts__t_sectors.avg.pct_of_peak_sustained_elapsed","%","29.28"
"186","583630","python3.8","127.0.0.1","void cudnn::ops::nchwToNhwcKernel<float, float, float, (bool)0, (bool)1, (cudnnKernelDataType_t)2>(cudnn::ops::nchw2nhwc_params_t<T3>, const T1 *, T2 *)","1","7","(256, 1, 1)","(7, 8, 64)","0","8.0","Command line profiler metrics","dram__throughput.avg.pct_of_peak_sustained_elapsed","%","32.65"
"186","583630","python3.8","127.0.0.1","void cudnn::ops::nchwToNhwcKernel<float, float, float, (bool)0, (bool)1, (cudnnKernelDataType_t)2>(cudnn::ops::nchw2nhwc_params_t<T3>, const T1 *, T2 *)","1","7","(256, 1, 1)","(7, 8, 64)","0","8.0","Command line profiler metrics","gpu__time_duration.sum","nsecond","22496"
"186","583630","python3.8","127.0.0.1","void cudnn::ops::nchwToNhwcKernel<float, float, float, (bool)0, (bool)1, (cudnnKernelDataType_t)2>(cudnn::ops::nchw2nhwc_params_t<T3>, const T1 *, T2 *)","1","7","(256, 1, 1)","(7, 8, 64)","0","8.0","Command line profiler metrics","lts__t_sectors.avg.pct_of_peak_sustained_elapsed","%","26.44"
"187","583630","python3.8","127.0.0.1","void cudnn::ops::nchwToNhwcKernel<float, float, float, (bool)0, (bool)1, (cudnnKernelDataType_t)2>(cudnn::ops::nchw2nhwc_params_t<T3>, const T1 *, T2 *)","1","7","(256, 1, 1)","(1, 8, 256)","0","8.0","Command line profiler metrics","dram__throughput.avg.pct_of_peak_sustained_elapsed","%","8.19"
"187","583630","python3.8","127.0.0.1","void cudnn::ops::nchwToNhwcKernel<float, float, float, (bool)0, (bool)1, (cudnnKernelDataType_t)2>(cudnn::ops::nchw2nhwc_params_t<T3>, const T1 *, T2 *)","1","7","(256, 1, 1)","(1, 8, 256)","0","8.0","Command line profiler metrics","gpu__time_duration.sum","nsecond","15008"
"187","583630","python3.8","127.0.0.1","void cudnn::ops::nchwToNhwcKernel<float, float, float, (bool)0, (bool)1, (cudnnKernelDataType_t)2>(cudnn::ops::nchw2nhwc_params_t<T3>, const T1 *, T2 *)","1","7","(256, 1, 1)","(1, 8, 256)","0","8.0","Command line profiler metrics","lts__t_sectors.avg.pct_of_peak_sustained_elapsed","%","7.04"
"188","583630","python3.8","127.0.0.1","sm80_xmma_fprop_implicit_gemm_tf32f32_tf32f32_f32_nhwckrsc_nchw_tilesize256x128x32_stage3_warpsize4x2x1_g1_tensor16x8x8_execute_kernel_cudnn","1","7","(256, 1, 1)","(2, 49, 1)","0","8.0","Command line profiler metrics","dram__throughput.avg.pct_of_peak_sustained_elapsed","%","2.70"
"188","583630","python3.8","127.0.0.1","sm80_xmma_fprop_implicit_gemm_tf32f32_tf32f32_f32_nhwckrsc_nchw_tilesize256x128x32_stage3_warpsize4x2x1_g1_tensor16x8x8_execute_kernel_cudnn","1","7","(256, 1, 1)","(2, 49, 1)","0","8.0","Command line profiler metrics","gpu__time_duration.sum","nsecond","317408"
"188","583630","python3.8","127.0.0.1","sm80_xmma_fprop_implicit_gemm_tf32f32_tf32f32_f32_nhwckrsc_nchw_tilesize256x128x32_stage3_warpsize4x2x1_g1_tensor16x8x8_execute_kernel_cudnn","1","7","(256, 1, 1)","(2, 49, 1)","0","8.0","Command line profiler metrics","lts__t_sectors.avg.pct_of_peak_sustained_elapsed","%","14.55"
"189","583630","python3.8","127.0.0.1","void cudnn::bn_fw_inf_1C11_kernel_NCHW<float, float, (bool)1, (int)1>(T2, T2, cudnnTensorStruct, const T1 *, cudnnTensorStruct, T1 *, cudnnTensorStruct, const T2 *, const T2 *, const T2 *, const T2 *, T2)","1","7","(64, 1, 1)","(256, 64, 1)","0","8.0","Command line profiler metrics","dram__throughput.avg.pct_of_peak_sustained_elapsed","%","20.38"
"189","583630","python3.8","127.0.0.1","void cudnn::bn_fw_inf_1C11_kernel_NCHW<float, float, (bool)1, (int)1>(T2, T2, cudnnTensorStruct, const T1 *, cudnnTensorStruct, T1 *, cudnnTensorStruct, const T2 *, const T2 *, const T2 *, const T2 *, T2)","1","7","(64, 1, 1)","(256, 64, 1)","0","8.0","Command line profiler metrics","gpu__time_duration.sum","nsecond","35680"
"189","583630","python3.8","127.0.0.1","void cudnn::bn_fw_inf_1C11_kernel_NCHW<float, float, (bool)1, (int)1>(T2, T2, cudnnTensorStruct, const T1 *, cudnnTensorStruct, T1 *, cudnnTensorStruct, const T2 *, const T2 *, const T2 *, const T2 *, T2)","1","7","(64, 1, 1)","(256, 64, 1)","0","8.0","Command line profiler metrics","lts__t_sectors.avg.pct_of_peak_sustained_elapsed","%","15.78"
"190","583630","python3.8","127.0.0.1","void at::native::vectorized_elementwise_kernel<(int)4, at::native::<unnamed>::launch_clamp_scalar(at::TensorIteratorBase &, c10::Scalar, c10::Scalar, at::native::detail::ClampLimits)::[lambda() (instance 1)]::operator ()() const::[lambda() (instance 14)]::operator ()() const::[lambda(float) (instance 1)], at::detail::Array<char *, (int)2>>(int, T2, T3)","1","7","(128, 1, 1)","(6272, 1, 1)","0","8.0","Command line profiler metrics","dram__throughput.avg.pct_of_peak_sustained_elapsed","%","38.53"
"190","583630","python3.8","127.0.0.1","void at::native::vectorized_elementwise_kernel<(int)4, at::native::<unnamed>::launch_clamp_scalar(at::TensorIteratorBase &, c10::Scalar, c10::Scalar, at::native::detail::ClampLimits)::[lambda() (instance 1)]::operator ()() const::[lambda() (instance 14)]::operator ()() const::[lambda(float) (instance 1)], at::detail::Array<char *, (int)2>>(int, T2, T3)","1","7","(128, 1, 1)","(6272, 1, 1)","0","8.0","Command line profiler metrics","gpu__time_duration.sum","nsecond","17312"
"190","583630","python3.8","127.0.0.1","void at::native::vectorized_elementwise_kernel<(int)4, at::native::<unnamed>::launch_clamp_scalar(at::TensorIteratorBase &, c10::Scalar, c10::Scalar, at::native::detail::ClampLimits)::[lambda() (instance 1)]::operator ()() const::[lambda() (instance 14)]::operator ()() const::[lambda(float) (instance 1)], at::detail::Array<char *, (int)2>>(int, T2, T3)","1","7","(128, 1, 1)","(6272, 1, 1)","0","8.0","Command line profiler metrics","lts__t_sectors.avg.pct_of_peak_sustained_elapsed","%","29.64"
"191","583630","python3.8","127.0.0.1","void cutlass::Kernel<cutlass_80_tensorop_s1688gemm_256x64_16x4_nn_align4>(T1::Params)","1","7","(128, 1, 1)","(16, 1, 64)","0","8.0","Command line profiler metrics","dram__throughput.avg.pct_of_peak_sustained_elapsed","%","9.96"
"191","583630","python3.8","127.0.0.1","void cutlass::Kernel<cutlass_80_tensorop_s1688gemm_256x64_16x4_nn_align4>(T1::Params)","1","7","(128, 1, 1)","(16, 1, 64)","0","8.0","Command line profiler metrics","gpu__time_duration.sum","nsecond","247968"
"191","583630","python3.8","127.0.0.1","void cutlass::Kernel<cutlass_80_tensorop_s1688gemm_256x64_16x4_nn_align4>(T1::Params)","1","7","(128, 1, 1)","(16, 1, 64)","0","8.0","Command line profiler metrics","lts__t_sectors.avg.pct_of_peak_sustained_elapsed","%","25.79"
"192","583630","python3.8","127.0.0.1","void cudnn::bn_fw_inf_1C11_kernel_NCHW<float, float, (bool)1, (int)1>(T2, T2, cudnnTensorStruct, const T1 *, cudnnTensorStruct, T1 *, cudnnTensorStruct, const T2 *, const T2 *, const T2 *, const T2 *, T2)","1","7","(64, 1, 1)","(1024, 64, 1)","0","8.0","Command line profiler metrics","dram__throughput.avg.pct_of_peak_sustained_elapsed","%","32.65"
"192","583630","python3.8","127.0.0.1","void cudnn::bn_fw_inf_1C11_kernel_NCHW<float, float, (bool)1, (int)1>(T2, T2, cudnnTensorStruct, const T1 *, cudnnTensorStruct, T1 *, cudnnTensorStruct, const T2 *, const T2 *, const T2 *, const T2 *, T2)","1","7","(64, 1, 1)","(1024, 64, 1)","0","8.0","Command line profiler metrics","gpu__time_duration.sum","nsecond","143136"
"192","583630","python3.8","127.0.0.1","void cudnn::bn_fw_inf_1C11_kernel_NCHW<float, float, (bool)1, (int)1>(T2, T2, cudnnTensorStruct, const T1 *, cudnnTensorStruct, T1 *, cudnnTensorStruct, const T2 *, const T2 *, const T2 *, const T2 *, T2)","1","7","(64, 1, 1)","(1024, 64, 1)","0","8.0","Command line profiler metrics","lts__t_sectors.avg.pct_of_peak_sustained_elapsed","%","18.91"
"193","583630","python3.8","127.0.0.1","void at::native::vectorized_elementwise_kernel<(int)4, at::native::CUDAFunctor_add<float>, at::detail::Array<char *, (int)3>>(int, T2, T3)","1","7","(128, 1, 1)","(25088, 1, 1)","0","8.0","Command line profiler metrics","dram__throughput.avg.pct_of_peak_sustained_elapsed","%","85.87"
"193","583630","python3.8","127.0.0.1","void at::native::vectorized_elementwise_kernel<(int)4, at::native::CUDAFunctor_add<float>, at::detail::Array<char *, (int)3>>(int, T2, T3)","1","7","(128, 1, 1)","(25088, 1, 1)","0","8.0","Command line profiler metrics","gpu__time_duration.sum","nsecond","84128"
"193","583630","python3.8","127.0.0.1","void at::native::vectorized_elementwise_kernel<(int)4, at::native::CUDAFunctor_add<float>, at::detail::Array<char *, (int)3>>(int, T2, T3)","1","7","(128, 1, 1)","(25088, 1, 1)","0","8.0","Command line profiler metrics","lts__t_sectors.avg.pct_of_peak_sustained_elapsed","%","41.66"
"194","583630","python3.8","127.0.0.1","void at::native::vectorized_elementwise_kernel<(int)4, at::native::<unnamed>::launch_clamp_scalar(at::TensorIteratorBase &, c10::Scalar, c10::Scalar, at::native::detail::ClampLimits)::[lambda() (instance 1)]::operator ()() const::[lambda() (instance 14)]::operator ()() const::[lambda(float) (instance 1)], at::detail::Array<char *, (int)2>>(int, T2, T3)","1","7","(128, 1, 1)","(25088, 1, 1)","0","8.0","Command line profiler metrics","dram__throughput.avg.pct_of_peak_sustained_elapsed","%","71.67"
"194","583630","python3.8","127.0.0.1","void at::native::vectorized_elementwise_kernel<(int)4, at::native::<unnamed>::launch_clamp_scalar(at::TensorIteratorBase &, c10::Scalar, c10::Scalar, at::native::detail::ClampLimits)::[lambda() (instance 1)]::operator ()() const::[lambda() (instance 14)]::operator ()() const::[lambda(float) (instance 1)], at::detail::Array<char *, (int)2>>(int, T2, T3)","1","7","(128, 1, 1)","(25088, 1, 1)","0","8.0","Command line profiler metrics","gpu__time_duration.sum","nsecond","60800"
"194","583630","python3.8","127.0.0.1","void at::native::vectorized_elementwise_kernel<(int)4, at::native::<unnamed>::launch_clamp_scalar(at::TensorIteratorBase &, c10::Scalar, c10::Scalar, at::native::detail::ClampLimits)::[lambda() (instance 1)]::operator ()() const::[lambda() (instance 14)]::operator ()() const::[lambda(float) (instance 1)], at::detail::Array<char *, (int)2>>(int, T2, T3)","1","7","(128, 1, 1)","(25088, 1, 1)","0","8.0","Command line profiler metrics","lts__t_sectors.avg.pct_of_peak_sustained_elapsed","%","35.30"
"195","583630","python3.8","127.0.0.1","void cutlass::Kernel<cutlass_80_tensorop_s1688gemm_256x64_16x4_nn_align4>(T1::Params)","1","7","(128, 1, 1)","(4, 1, 64)","0","8.0","Command line profiler metrics","dram__throughput.avg.pct_of_peak_sustained_elapsed","%","14.30"
"195","583630","python3.8","127.0.0.1","void cutlass::Kernel<cutlass_80_tensorop_s1688gemm_256x64_16x4_nn_align4>(T1::Params)","1","7","(128, 1, 1)","(4, 1, 64)","0","8.0","Command line profiler metrics","gpu__time_duration.sum","nsecond","218336"
"195","583630","python3.8","127.0.0.1","void cutlass::Kernel<cutlass_80_tensorop_s1688gemm_256x64_16x4_nn_align4>(T1::Params)","1","7","(128, 1, 1)","(4, 1, 64)","0","8.0","Command line profiler metrics","lts__t_sectors.avg.pct_of_peak_sustained_elapsed","%","28.26"
"196","583630","python3.8","127.0.0.1","void cudnn::bn_fw_inf_1C11_kernel_NCHW<float, float, (bool)1, (int)1>(T2, T2, cudnnTensorStruct, const T1 *, cudnnTensorStruct, T1 *, cudnnTensorStruct, const T2 *, const T2 *, const T2 *, const T2 *, T2)","1","7","(64, 1, 1)","(256, 64, 1)","0","8.0","Command line profiler metrics","dram__throughput.avg.pct_of_peak_sustained_elapsed","%","20.47"
"196","583630","python3.8","127.0.0.1","void cudnn::bn_fw_inf_1C11_kernel_NCHW<float, float, (bool)1, (int)1>(T2, T2, cudnnTensorStruct, const T1 *, cudnnTensorStruct, T1 *, cudnnTensorStruct, const T2 *, const T2 *, const T2 *, const T2 *, T2)","1","7","(64, 1, 1)","(256, 64, 1)","0","8.0","Command line profiler metrics","gpu__time_duration.sum","nsecond","35136"
"196","583630","python3.8","127.0.0.1","void cudnn::bn_fw_inf_1C11_kernel_NCHW<float, float, (bool)1, (int)1>(T2, T2, cudnnTensorStruct, const T1 *, cudnnTensorStruct, T1 *, cudnnTensorStruct, const T2 *, const T2 *, const T2 *, const T2 *, T2)","1","7","(64, 1, 1)","(256, 64, 1)","0","8.0","Command line profiler metrics","lts__t_sectors.avg.pct_of_peak_sustained_elapsed","%","15.64"
"197","583630","python3.8","127.0.0.1","void at::native::vectorized_elementwise_kernel<(int)4, at::native::<unnamed>::launch_clamp_scalar(at::TensorIteratorBase &, c10::Scalar, c10::Scalar, at::native::detail::ClampLimits)::[lambda() (instance 1)]::operator ()() const::[lambda() (instance 14)]::operator ()() const::[lambda(float) (instance 1)], at::detail::Array<char *, (int)2>>(int, T2, T3)","1","7","(128, 1, 1)","(6272, 1, 1)","0","8.0","Command line profiler metrics","dram__throughput.avg.pct_of_peak_sustained_elapsed","%","38.28"
"197","583630","python3.8","127.0.0.1","void at::native::vectorized_elementwise_kernel<(int)4, at::native::<unnamed>::launch_clamp_scalar(at::TensorIteratorBase &, c10::Scalar, c10::Scalar, at::native::detail::ClampLimits)::[lambda() (instance 1)]::operator ()() const::[lambda() (instance 14)]::operator ()() const::[lambda(float) (instance 1)], at::detail::Array<char *, (int)2>>(int, T2, T3)","1","7","(128, 1, 1)","(6272, 1, 1)","0","8.0","Command line profiler metrics","gpu__time_duration.sum","nsecond","17440"
"197","583630","python3.8","127.0.0.1","void at::native::vectorized_elementwise_kernel<(int)4, at::native::<unnamed>::launch_clamp_scalar(at::TensorIteratorBase &, c10::Scalar, c10::Scalar, at::native::detail::ClampLimits)::[lambda() (instance 1)]::operator ()() const::[lambda() (instance 14)]::operator ()() const::[lambda(float) (instance 1)], at::detail::Array<char *, (int)2>>(int, T2, T3)","1","7","(128, 1, 1)","(6272, 1, 1)","0","8.0","Command line profiler metrics","lts__t_sectors.avg.pct_of_peak_sustained_elapsed","%","29.20"
"198","583630","python3.8","127.0.0.1","void cudnn::ops::nchwToNhwcKernel<float, float, float, (bool)0, (bool)1, (cudnnKernelDataType_t)2>(cudnn::ops::nchw2nhwc_params_t<T3>, const T1 *, T2 *)","1","7","(256, 1, 1)","(7, 8, 64)","0","8.0","Command line profiler metrics","dram__throughput.avg.pct_of_peak_sustained_elapsed","%","31.45"
"198","583630","python3.8","127.0.0.1","void cudnn::ops::nchwToNhwcKernel<float, float, float, (bool)0, (bool)1, (cudnnKernelDataType_t)2>(cudnn::ops::nchw2nhwc_params_t<T3>, const T1 *, T2 *)","1","7","(256, 1, 1)","(7, 8, 64)","0","8.0","Command line profiler metrics","gpu__time_duration.sum","nsecond","22944"
"198","583630","python3.8","127.0.0.1","void cudnn::ops::nchwToNhwcKernel<float, float, float, (bool)0, (bool)1, (cudnnKernelDataType_t)2>(cudnn::ops::nchw2nhwc_params_t<T3>, const T1 *, T2 *)","1","7","(256, 1, 1)","(7, 8, 64)","0","8.0","Command line profiler metrics","lts__t_sectors.avg.pct_of_peak_sustained_elapsed","%","25.91"
"199","583630","python3.8","127.0.0.1","void cudnn::ops::nchwToNhwcKernel<float, float, float, (bool)0, (bool)1, (cudnnKernelDataType_t)2>(cudnn::ops::nchw2nhwc_params_t<T3>, const T1 *, T2 *)","1","7","(256, 1, 1)","(1, 8, 256)","0","8.0","Command line profiler metrics","dram__throughput.avg.pct_of_peak_sustained_elapsed","%","8.19"
"199","583630","python3.8","127.0.0.1","void cudnn::ops::nchwToNhwcKernel<float, float, float, (bool)0, (bool)1, (cudnnKernelDataType_t)2>(cudnn::ops::nchw2nhwc_params_t<T3>, const T1 *, T2 *)","1","7","(256, 1, 1)","(1, 8, 256)","0","8.0","Command line profiler metrics","gpu__time_duration.sum","nsecond","15008"
"199","583630","python3.8","127.0.0.1","void cudnn::ops::nchwToNhwcKernel<float, float, float, (bool)0, (bool)1, (cudnnKernelDataType_t)2>(cudnn::ops::nchw2nhwc_params_t<T3>, const T1 *, T2 *)","1","7","(256, 1, 1)","(1, 8, 256)","0","8.0","Command line profiler metrics","lts__t_sectors.avg.pct_of_peak_sustained_elapsed","%","6.93"
"200","583630","python3.8","127.0.0.1","sm80_xmma_fprop_implicit_gemm_tf32f32_tf32f32_f32_nhwckrsc_nchw_tilesize256x128x32_stage3_warpsize4x2x1_g1_tensor16x8x8_execute_kernel_cudnn","1","7","(256, 1, 1)","(2, 49, 1)","0","8.0","Command line profiler metrics","dram__throughput.avg.pct_of_peak_sustained_elapsed","%","2.71"
"200","583630","python3.8","127.0.0.1","sm80_xmma_fprop_implicit_gemm_tf32f32_tf32f32_f32_nhwckrsc_nchw_tilesize256x128x32_stage3_warpsize4x2x1_g1_tensor16x8x8_execute_kernel_cudnn","1","7","(256, 1, 1)","(2, 49, 1)","0","8.0","Command line profiler metrics","gpu__time_duration.sum","nsecond","317120"
"200","583630","python3.8","127.0.0.1","sm80_xmma_fprop_implicit_gemm_tf32f32_tf32f32_f32_nhwckrsc_nchw_tilesize256x128x32_stage3_warpsize4x2x1_g1_tensor16x8x8_execute_kernel_cudnn","1","7","(256, 1, 1)","(2, 49, 1)","0","8.0","Command line profiler metrics","lts__t_sectors.avg.pct_of_peak_sustained_elapsed","%","14.59"
"201","583630","python3.8","127.0.0.1","void cudnn::bn_fw_inf_1C11_kernel_NCHW<float, float, (bool)1, (int)1>(T2, T2, cudnnTensorStruct, const T1 *, cudnnTensorStruct, T1 *, cudnnTensorStruct, const T2 *, const T2 *, const T2 *, const T2 *, T2)","1","7","(64, 1, 1)","(256, 64, 1)","0","8.0","Command line profiler metrics","dram__throughput.avg.pct_of_peak_sustained_elapsed","%","20.85"
"201","583630","python3.8","127.0.0.1","void cudnn::bn_fw_inf_1C11_kernel_NCHW<float, float, (bool)1, (int)1>(T2, T2, cudnnTensorStruct, const T1 *, cudnnTensorStruct, T1 *, cudnnTensorStruct, const T2 *, const T2 *, const T2 *, const T2 *, T2)","1","7","(64, 1, 1)","(256, 64, 1)","0","8.0","Command line profiler metrics","gpu__time_duration.sum","nsecond","34784"
"201","583630","python3.8","127.0.0.1","void cudnn::bn_fw_inf_1C11_kernel_NCHW<float, float, (bool)1, (int)1>(T2, T2, cudnnTensorStruct, const T1 *, cudnnTensorStruct, T1 *, cudnnTensorStruct, const T2 *, const T2 *, const T2 *, const T2 *, T2)","1","7","(64, 1, 1)","(256, 64, 1)","0","8.0","Command line profiler metrics","lts__t_sectors.avg.pct_of_peak_sustained_elapsed","%","16.19"
"202","583630","python3.8","127.0.0.1","void at::native::vectorized_elementwise_kernel<(int)4, at::native::<unnamed>::launch_clamp_scalar(at::TensorIteratorBase &, c10::Scalar, c10::Scalar, at::native::detail::ClampLimits)::[lambda() (instance 1)]::operator ()() const::[lambda() (instance 14)]::operator ()() const::[lambda(float) (instance 1)], at::detail::Array<char *, (int)2>>(int, T2, T3)","1","7","(128, 1, 1)","(6272, 1, 1)","0","8.0","Command line profiler metrics","dram__throughput.avg.pct_of_peak_sustained_elapsed","%","39.08"
"202","583630","python3.8","127.0.0.1","void at::native::vectorized_elementwise_kernel<(int)4, at::native::<unnamed>::launch_clamp_scalar(at::TensorIteratorBase &, c10::Scalar, c10::Scalar, at::native::detail::ClampLimits)::[lambda() (instance 1)]::operator ()() const::[lambda() (instance 14)]::operator ()() const::[lambda(float) (instance 1)], at::detail::Array<char *, (int)2>>(int, T2, T3)","1","7","(128, 1, 1)","(6272, 1, 1)","0","8.0","Command line profiler metrics","gpu__time_duration.sum","nsecond","17088"
"202","583630","python3.8","127.0.0.1","void at::native::vectorized_elementwise_kernel<(int)4, at::native::<unnamed>::launch_clamp_scalar(at::TensorIteratorBase &, c10::Scalar, c10::Scalar, at::native::detail::ClampLimits)::[lambda() (instance 1)]::operator ()() const::[lambda() (instance 14)]::operator ()() const::[lambda(float) (instance 1)], at::detail::Array<char *, (int)2>>(int, T2, T3)","1","7","(128, 1, 1)","(6272, 1, 1)","0","8.0","Command line profiler metrics","lts__t_sectors.avg.pct_of_peak_sustained_elapsed","%","29.85"
"203","583630","python3.8","127.0.0.1","void cutlass::Kernel<cutlass_80_tensorop_s1688gemm_256x64_16x4_nn_align4>(T1::Params)","1","7","(128, 1, 1)","(16, 1, 64)","0","8.0","Command line profiler metrics","dram__throughput.avg.pct_of_peak_sustained_elapsed","%","9.97"
"203","583630","python3.8","127.0.0.1","void cutlass::Kernel<cutlass_80_tensorop_s1688gemm_256x64_16x4_nn_align4>(T1::Params)","1","7","(128, 1, 1)","(16, 1, 64)","0","8.0","Command line profiler metrics","gpu__time_duration.sum","nsecond","247488"
"203","583630","python3.8","127.0.0.1","void cutlass::Kernel<cutlass_80_tensorop_s1688gemm_256x64_16x4_nn_align4>(T1::Params)","1","7","(128, 1, 1)","(16, 1, 64)","0","8.0","Command line profiler metrics","lts__t_sectors.avg.pct_of_peak_sustained_elapsed","%","25.88"
"204","583630","python3.8","127.0.0.1","void cudnn::bn_fw_inf_1C11_kernel_NCHW<float, float, (bool)1, (int)1>(T2, T2, cudnnTensorStruct, const T1 *, cudnnTensorStruct, T1 *, cudnnTensorStruct, const T2 *, const T2 *, const T2 *, const T2 *, T2)","1","7","(64, 1, 1)","(1024, 64, 1)","0","8.0","Command line profiler metrics","dram__throughput.avg.pct_of_peak_sustained_elapsed","%","32.58"
"204","583630","python3.8","127.0.0.1","void cudnn::bn_fw_inf_1C11_kernel_NCHW<float, float, (bool)1, (int)1>(T2, T2, cudnnTensorStruct, const T1 *, cudnnTensorStruct, T1 *, cudnnTensorStruct, const T2 *, const T2 *, const T2 *, const T2 *, T2)","1","7","(64, 1, 1)","(1024, 64, 1)","0","8.0","Command line profiler metrics","gpu__time_duration.sum","nsecond","143552"
"204","583630","python3.8","127.0.0.1","void cudnn::bn_fw_inf_1C11_kernel_NCHW<float, float, (bool)1, (int)1>(T2, T2, cudnnTensorStruct, const T1 *, cudnnTensorStruct, T1 *, cudnnTensorStruct, const T2 *, const T2 *, const T2 *, const T2 *, T2)","1","7","(64, 1, 1)","(1024, 64, 1)","0","8.0","Command line profiler metrics","lts__t_sectors.avg.pct_of_peak_sustained_elapsed","%","18.88"
"205","583630","python3.8","127.0.0.1","void at::native::vectorized_elementwise_kernel<(int)4, at::native::CUDAFunctor_add<float>, at::detail::Array<char *, (int)3>>(int, T2, T3)","1","7","(128, 1, 1)","(25088, 1, 1)","0","8.0","Command line profiler metrics","dram__throughput.avg.pct_of_peak_sustained_elapsed","%","85.49"
"205","583630","python3.8","127.0.0.1","void at::native::vectorized_elementwise_kernel<(int)4, at::native::CUDAFunctor_add<float>, at::detail::Array<char *, (int)3>>(int, T2, T3)","1","7","(128, 1, 1)","(25088, 1, 1)","0","8.0","Command line profiler metrics","gpu__time_duration.sum","nsecond","84288"
"205","583630","python3.8","127.0.0.1","void at::native::vectorized_elementwise_kernel<(int)4, at::native::CUDAFunctor_add<float>, at::detail::Array<char *, (int)3>>(int, T2, T3)","1","7","(128, 1, 1)","(25088, 1, 1)","0","8.0","Command line profiler metrics","lts__t_sectors.avg.pct_of_peak_sustained_elapsed","%","41.48"
"206","583630","python3.8","127.0.0.1","void at::native::vectorized_elementwise_kernel<(int)4, at::native::<unnamed>::launch_clamp_scalar(at::TensorIteratorBase &, c10::Scalar, c10::Scalar, at::native::detail::ClampLimits)::[lambda() (instance 1)]::operator ()() const::[lambda() (instance 14)]::operator ()() const::[lambda(float) (instance 1)], at::detail::Array<char *, (int)2>>(int, T2, T3)","1","7","(128, 1, 1)","(25088, 1, 1)","0","8.0","Command line profiler metrics","dram__throughput.avg.pct_of_peak_sustained_elapsed","%","71.43"
"206","583630","python3.8","127.0.0.1","void at::native::vectorized_elementwise_kernel<(int)4, at::native::<unnamed>::launch_clamp_scalar(at::TensorIteratorBase &, c10::Scalar, c10::Scalar, at::native::detail::ClampLimits)::[lambda() (instance 1)]::operator ()() const::[lambda() (instance 14)]::operator ()() const::[lambda(float) (instance 1)], at::detail::Array<char *, (int)2>>(int, T2, T3)","1","7","(128, 1, 1)","(25088, 1, 1)","0","8.0","Command line profiler metrics","gpu__time_duration.sum","nsecond","60992"
"206","583630","python3.8","127.0.0.1","void at::native::vectorized_elementwise_kernel<(int)4, at::native::<unnamed>::launch_clamp_scalar(at::TensorIteratorBase &, c10::Scalar, c10::Scalar, at::native::detail::ClampLimits)::[lambda() (instance 1)]::operator ()() const::[lambda() (instance 14)]::operator ()() const::[lambda(float) (instance 1)], at::detail::Array<char *, (int)2>>(int, T2, T3)","1","7","(128, 1, 1)","(25088, 1, 1)","0","8.0","Command line profiler metrics","lts__t_sectors.avg.pct_of_peak_sustained_elapsed","%","35.11"
"207","583630","python3.8","127.0.0.1","void cutlass::Kernel<cutlass_80_tensorop_s1688gemm_256x64_16x4_nn_align4>(T1::Params)","1","7","(128, 1, 1)","(4, 1, 64)","0","8.0","Command line profiler metrics","dram__throughput.avg.pct_of_peak_sustained_elapsed","%","14.20"
"207","583630","python3.8","127.0.0.1","void cutlass::Kernel<cutlass_80_tensorop_s1688gemm_256x64_16x4_nn_align4>(T1::Params)","1","7","(128, 1, 1)","(4, 1, 64)","0","8.0","Command line profiler metrics","gpu__time_duration.sum","nsecond","220000"
"207","583630","python3.8","127.0.0.1","void cutlass::Kernel<cutlass_80_tensorop_s1688gemm_256x64_16x4_nn_align4>(T1::Params)","1","7","(128, 1, 1)","(4, 1, 64)","0","8.0","Command line profiler metrics","lts__t_sectors.avg.pct_of_peak_sustained_elapsed","%","27.82"
"208","583630","python3.8","127.0.0.1","void cudnn::bn_fw_inf_1C11_kernel_NCHW<float, float, (bool)1, (int)1>(T2, T2, cudnnTensorStruct, const T1 *, cudnnTensorStruct, T1 *, cudnnTensorStruct, const T2 *, const T2 *, const T2 *, const T2 *, T2)","1","7","(64, 1, 1)","(256, 64, 1)","0","8.0","Command line profiler metrics","dram__throughput.avg.pct_of_peak_sustained_elapsed","%","20.72"
"208","583630","python3.8","127.0.0.1","void cudnn::bn_fw_inf_1C11_kernel_NCHW<float, float, (bool)1, (int)1>(T2, T2, cudnnTensorStruct, const T1 *, cudnnTensorStruct, T1 *, cudnnTensorStruct, const T2 *, const T2 *, const T2 *, const T2 *, T2)","1","7","(64, 1, 1)","(256, 64, 1)","0","8.0","Command line profiler metrics","gpu__time_duration.sum","nsecond","35104"
"208","583630","python3.8","127.0.0.1","void cudnn::bn_fw_inf_1C11_kernel_NCHW<float, float, (bool)1, (int)1>(T2, T2, cudnnTensorStruct, const T1 *, cudnnTensorStruct, T1 *, cudnnTensorStruct, const T2 *, const T2 *, const T2 *, const T2 *, T2)","1","7","(64, 1, 1)","(256, 64, 1)","0","8.0","Command line profiler metrics","lts__t_sectors.avg.pct_of_peak_sustained_elapsed","%","15.66"
"209","583630","python3.8","127.0.0.1","void at::native::vectorized_elementwise_kernel<(int)4, at::native::<unnamed>::launch_clamp_scalar(at::TensorIteratorBase &, c10::Scalar, c10::Scalar, at::native::detail::ClampLimits)::[lambda() (instance 1)]::operator ()() const::[lambda() (instance 14)]::operator ()() const::[lambda(float) (instance 1)], at::detail::Array<char *, (int)2>>(int, T2, T3)","1","7","(128, 1, 1)","(6272, 1, 1)","0","8.0","Command line profiler metrics","dram__throughput.avg.pct_of_peak_sustained_elapsed","%","38.42"
"209","583630","python3.8","127.0.0.1","void at::native::vectorized_elementwise_kernel<(int)4, at::native::<unnamed>::launch_clamp_scalar(at::TensorIteratorBase &, c10::Scalar, c10::Scalar, at::native::detail::ClampLimits)::[lambda() (instance 1)]::operator ()() const::[lambda() (instance 14)]::operator ()() const::[lambda(float) (instance 1)], at::detail::Array<char *, (int)2>>(int, T2, T3)","1","7","(128, 1, 1)","(6272, 1, 1)","0","8.0","Command line profiler metrics","gpu__time_duration.sum","nsecond","17376"
"209","583630","python3.8","127.0.0.1","void at::native::vectorized_elementwise_kernel<(int)4, at::native::<unnamed>::launch_clamp_scalar(at::TensorIteratorBase &, c10::Scalar, c10::Scalar, at::native::detail::ClampLimits)::[lambda() (instance 1)]::operator ()() const::[lambda() (instance 14)]::operator ()() const::[lambda(float) (instance 1)], at::detail::Array<char *, (int)2>>(int, T2, T3)","1","7","(128, 1, 1)","(6272, 1, 1)","0","8.0","Command line profiler metrics","lts__t_sectors.avg.pct_of_peak_sustained_elapsed","%","29.47"
"210","583630","python3.8","127.0.0.1","void cudnn::ops::nchwToNhwcKernel<float, float, float, (bool)0, (bool)1, (cudnnKernelDataType_t)2>(cudnn::ops::nchw2nhwc_params_t<T3>, const T1 *, T2 *)","1","7","(256, 1, 1)","(7, 8, 64)","0","8.0","Command line profiler metrics","dram__throughput.avg.pct_of_peak_sustained_elapsed","%","32.57"
"210","583630","python3.8","127.0.0.1","void cudnn::ops::nchwToNhwcKernel<float, float, float, (bool)0, (bool)1, (cudnnKernelDataType_t)2>(cudnn::ops::nchw2nhwc_params_t<T3>, const T1 *, T2 *)","1","7","(256, 1, 1)","(7, 8, 64)","0","8.0","Command line profiler metrics","gpu__time_duration.sum","nsecond","22592"
"210","583630","python3.8","127.0.0.1","void cudnn::ops::nchwToNhwcKernel<float, float, float, (bool)0, (bool)1, (cudnnKernelDataType_t)2>(cudnn::ops::nchw2nhwc_params_t<T3>, const T1 *, T2 *)","1","7","(256, 1, 1)","(7, 8, 64)","0","8.0","Command line profiler metrics","lts__t_sectors.avg.pct_of_peak_sustained_elapsed","%","26.40"
"211","583630","python3.8","127.0.0.1","void cudnn::ops::nchwToNhwcKernel<float, float, float, (bool)0, (bool)1, (cudnnKernelDataType_t)2>(cudnn::ops::nchw2nhwc_params_t<T3>, const T1 *, T2 *)","1","7","(256, 1, 1)","(1, 8, 256)","0","8.0","Command line profiler metrics","dram__throughput.avg.pct_of_peak_sustained_elapsed","%","8.03"
"211","583630","python3.8","127.0.0.1","void cudnn::ops::nchwToNhwcKernel<float, float, float, (bool)0, (bool)1, (cudnnKernelDataType_t)2>(cudnn::ops::nchw2nhwc_params_t<T3>, const T1 *, T2 *)","1","7","(256, 1, 1)","(1, 8, 256)","0","8.0","Command line profiler metrics","gpu__time_duration.sum","nsecond","15296"
"211","583630","python3.8","127.0.0.1","void cudnn::ops::nchwToNhwcKernel<float, float, float, (bool)0, (bool)1, (cudnnKernelDataType_t)2>(cudnn::ops::nchw2nhwc_params_t<T3>, const T1 *, T2 *)","1","7","(256, 1, 1)","(1, 8, 256)","0","8.0","Command line profiler metrics","lts__t_sectors.avg.pct_of_peak_sustained_elapsed","%","6.89"
"212","583630","python3.8","127.0.0.1","sm80_xmma_fprop_implicit_gemm_tf32f32_tf32f32_f32_nhwckrsc_nchw_tilesize256x128x32_stage3_warpsize4x2x1_g1_tensor16x8x8_execute_kernel_cudnn","1","7","(256, 1, 1)","(2, 49, 1)","0","8.0","Command line profiler metrics","dram__throughput.avg.pct_of_peak_sustained_elapsed","%","2.74"
"212","583630","python3.8","127.0.0.1","sm80_xmma_fprop_implicit_gemm_tf32f32_tf32f32_f32_nhwckrsc_nchw_tilesize256x128x32_stage3_warpsize4x2x1_g1_tensor16x8x8_execute_kernel_cudnn","1","7","(256, 1, 1)","(2, 49, 1)","0","8.0","Command line profiler metrics","gpu__time_duration.sum","nsecond","317344"
"212","583630","python3.8","127.0.0.1","sm80_xmma_fprop_implicit_gemm_tf32f32_tf32f32_f32_nhwckrsc_nchw_tilesize256x128x32_stage3_warpsize4x2x1_g1_tensor16x8x8_execute_kernel_cudnn","1","7","(256, 1, 1)","(2, 49, 1)","0","8.0","Command line profiler metrics","lts__t_sectors.avg.pct_of_peak_sustained_elapsed","%","14.59"
"213","583630","python3.8","127.0.0.1","void cudnn::bn_fw_inf_1C11_kernel_NCHW<float, float, (bool)1, (int)1>(T2, T2, cudnnTensorStruct, const T1 *, cudnnTensorStruct, T1 *, cudnnTensorStruct, const T2 *, const T2 *, const T2 *, const T2 *, T2)","1","7","(64, 1, 1)","(256, 64, 1)","0","8.0","Command line profiler metrics","dram__throughput.avg.pct_of_peak_sustained_elapsed","%","20.72"
"213","583630","python3.8","127.0.0.1","void cudnn::bn_fw_inf_1C11_kernel_NCHW<float, float, (bool)1, (int)1>(T2, T2, cudnnTensorStruct, const T1 *, cudnnTensorStruct, T1 *, cudnnTensorStruct, const T2 *, const T2 *, const T2 *, const T2 *, T2)","1","7","(64, 1, 1)","(256, 64, 1)","0","8.0","Command line profiler metrics","gpu__time_duration.sum","nsecond","35296"
"213","583630","python3.8","127.0.0.1","void cudnn::bn_fw_inf_1C11_kernel_NCHW<float, float, (bool)1, (int)1>(T2, T2, cudnnTensorStruct, const T1 *, cudnnTensorStruct, T1 *, cudnnTensorStruct, const T2 *, const T2 *, const T2 *, const T2 *, T2)","1","7","(64, 1, 1)","(256, 64, 1)","0","8.0","Command line profiler metrics","lts__t_sectors.avg.pct_of_peak_sustained_elapsed","%","15.97"
"214","583630","python3.8","127.0.0.1","void at::native::vectorized_elementwise_kernel<(int)4, at::native::<unnamed>::launch_clamp_scalar(at::TensorIteratorBase &, c10::Scalar, c10::Scalar, at::native::detail::ClampLimits)::[lambda() (instance 1)]::operator ()() const::[lambda() (instance 14)]::operator ()() const::[lambda(float) (instance 1)], at::detail::Array<char *, (int)2>>(int, T2, T3)","1","7","(128, 1, 1)","(6272, 1, 1)","0","8.0","Command line profiler metrics","dram__throughput.avg.pct_of_peak_sustained_elapsed","%","37.96"
"214","583630","python3.8","127.0.0.1","void at::native::vectorized_elementwise_kernel<(int)4, at::native::<unnamed>::launch_clamp_scalar(at::TensorIteratorBase &, c10::Scalar, c10::Scalar, at::native::detail::ClampLimits)::[lambda() (instance 1)]::operator ()() const::[lambda() (instance 14)]::operator ()() const::[lambda(float) (instance 1)], at::detail::Array<char *, (int)2>>(int, T2, T3)","1","7","(128, 1, 1)","(6272, 1, 1)","0","8.0","Command line profiler metrics","gpu__time_duration.sum","nsecond","17568"
"214","583630","python3.8","127.0.0.1","void at::native::vectorized_elementwise_kernel<(int)4, at::native::<unnamed>::launch_clamp_scalar(at::TensorIteratorBase &, c10::Scalar, c10::Scalar, at::native::detail::ClampLimits)::[lambda() (instance 1)]::operator ()() const::[lambda() (instance 14)]::operator ()() const::[lambda(float) (instance 1)], at::detail::Array<char *, (int)2>>(int, T2, T3)","1","7","(128, 1, 1)","(6272, 1, 1)","0","8.0","Command line profiler metrics","lts__t_sectors.avg.pct_of_peak_sustained_elapsed","%","29.13"
"215","583630","python3.8","127.0.0.1","void cutlass::Kernel<cutlass_80_tensorop_s1688gemm_256x64_16x4_nn_align4>(T1::Params)","1","7","(128, 1, 1)","(16, 1, 64)","0","8.0","Command line profiler metrics","dram__throughput.avg.pct_of_peak_sustained_elapsed","%","9.96"
"215","583630","python3.8","127.0.0.1","void cutlass::Kernel<cutlass_80_tensorop_s1688gemm_256x64_16x4_nn_align4>(T1::Params)","1","7","(128, 1, 1)","(16, 1, 64)","0","8.0","Command line profiler metrics","gpu__time_duration.sum","nsecond","247584"
"215","583630","python3.8","127.0.0.1","void cutlass::Kernel<cutlass_80_tensorop_s1688gemm_256x64_16x4_nn_align4>(T1::Params)","1","7","(128, 1, 1)","(16, 1, 64)","0","8.0","Command line profiler metrics","lts__t_sectors.avg.pct_of_peak_sustained_elapsed","%","25.85"
"216","583630","python3.8","127.0.0.1","void cudnn::bn_fw_inf_1C11_kernel_NCHW<float, float, (bool)1, (int)1>(T2, T2, cudnnTensorStruct, const T1 *, cudnnTensorStruct, T1 *, cudnnTensorStruct, const T2 *, const T2 *, const T2 *, const T2 *, T2)","1","7","(64, 1, 1)","(1024, 64, 1)","0","8.0","Command line profiler metrics","dram__throughput.avg.pct_of_peak_sustained_elapsed","%","32.68"
"216","583630","python3.8","127.0.0.1","void cudnn::bn_fw_inf_1C11_kernel_NCHW<float, float, (bool)1, (int)1>(T2, T2, cudnnTensorStruct, const T1 *, cudnnTensorStruct, T1 *, cudnnTensorStruct, const T2 *, const T2 *, const T2 *, const T2 *, T2)","1","7","(64, 1, 1)","(1024, 64, 1)","0","8.0","Command line profiler metrics","gpu__time_duration.sum","nsecond","143360"
"216","583630","python3.8","127.0.0.1","void cudnn::bn_fw_inf_1C11_kernel_NCHW<float, float, (bool)1, (int)1>(T2, T2, cudnnTensorStruct, const T1 *, cudnnTensorStruct, T1 *, cudnnTensorStruct, const T2 *, const T2 *, const T2 *, const T2 *, T2)","1","7","(64, 1, 1)","(1024, 64, 1)","0","8.0","Command line profiler metrics","lts__t_sectors.avg.pct_of_peak_sustained_elapsed","%","18.88"
"217","583630","python3.8","127.0.0.1","void at::native::vectorized_elementwise_kernel<(int)4, at::native::CUDAFunctor_add<float>, at::detail::Array<char *, (int)3>>(int, T2, T3)","1","7","(128, 1, 1)","(25088, 1, 1)","0","8.0","Command line profiler metrics","dram__throughput.avg.pct_of_peak_sustained_elapsed","%","85.78"
"217","583630","python3.8","127.0.0.1","void at::native::vectorized_elementwise_kernel<(int)4, at::native::CUDAFunctor_add<float>, at::detail::Array<char *, (int)3>>(int, T2, T3)","1","7","(128, 1, 1)","(25088, 1, 1)","0","8.0","Command line profiler metrics","gpu__time_duration.sum","nsecond","83936"
"217","583630","python3.8","127.0.0.1","void at::native::vectorized_elementwise_kernel<(int)4, at::native::CUDAFunctor_add<float>, at::detail::Array<char *, (int)3>>(int, T2, T3)","1","7","(128, 1, 1)","(25088, 1, 1)","0","8.0","Command line profiler metrics","lts__t_sectors.avg.pct_of_peak_sustained_elapsed","%","41.46"
"218","583630","python3.8","127.0.0.1","void at::native::vectorized_elementwise_kernel<(int)4, at::native::<unnamed>::launch_clamp_scalar(at::TensorIteratorBase &, c10::Scalar, c10::Scalar, at::native::detail::ClampLimits)::[lambda() (instance 1)]::operator ()() const::[lambda() (instance 14)]::operator ()() const::[lambda(float) (instance 1)], at::detail::Array<char *, (int)2>>(int, T2, T3)","1","7","(128, 1, 1)","(25088, 1, 1)","0","8.0","Command line profiler metrics","dram__throughput.avg.pct_of_peak_sustained_elapsed","%","71.47"
"218","583630","python3.8","127.0.0.1","void at::native::vectorized_elementwise_kernel<(int)4, at::native::<unnamed>::launch_clamp_scalar(at::TensorIteratorBase &, c10::Scalar, c10::Scalar, at::native::detail::ClampLimits)::[lambda() (instance 1)]::operator ()() const::[lambda() (instance 14)]::operator ()() const::[lambda(float) (instance 1)], at::detail::Array<char *, (int)2>>(int, T2, T3)","1","7","(128, 1, 1)","(25088, 1, 1)","0","8.0","Command line profiler metrics","gpu__time_duration.sum","nsecond","60992"
"218","583630","python3.8","127.0.0.1","void at::native::vectorized_elementwise_kernel<(int)4, at::native::<unnamed>::launch_clamp_scalar(at::TensorIteratorBase &, c10::Scalar, c10::Scalar, at::native::detail::ClampLimits)::[lambda() (instance 1)]::operator ()() const::[lambda() (instance 14)]::operator ()() const::[lambda(float) (instance 1)], at::detail::Array<char *, (int)2>>(int, T2, T3)","1","7","(128, 1, 1)","(25088, 1, 1)","0","8.0","Command line profiler metrics","lts__t_sectors.avg.pct_of_peak_sustained_elapsed","%","35.27"
"219","583630","python3.8","127.0.0.1","void cutlass::Kernel<cutlass_80_tensorop_s1688gemm_256x64_16x4_nn_align4>(T1::Params)","1","7","(128, 1, 1)","(4, 1, 64)","0","8.0","Command line profiler metrics","dram__throughput.avg.pct_of_peak_sustained_elapsed","%","14.28"
"219","583630","python3.8","127.0.0.1","void cutlass::Kernel<cutlass_80_tensorop_s1688gemm_256x64_16x4_nn_align4>(T1::Params)","1","7","(128, 1, 1)","(4, 1, 64)","0","8.0","Command line profiler metrics","gpu__time_duration.sum","nsecond","218720"
"219","583630","python3.8","127.0.0.1","void cutlass::Kernel<cutlass_80_tensorop_s1688gemm_256x64_16x4_nn_align4>(T1::Params)","1","7","(128, 1, 1)","(4, 1, 64)","0","8.0","Command line profiler metrics","lts__t_sectors.avg.pct_of_peak_sustained_elapsed","%","28.10"
"220","583630","python3.8","127.0.0.1","void cudnn::bn_fw_inf_1C11_kernel_NCHW<float, float, (bool)1, (int)1>(T2, T2, cudnnTensorStruct, const T1 *, cudnnTensorStruct, T1 *, cudnnTensorStruct, const T2 *, const T2 *, const T2 *, const T2 *, T2)","1","7","(64, 1, 1)","(256, 64, 1)","0","8.0","Command line profiler metrics","dram__throughput.avg.pct_of_peak_sustained_elapsed","%","20.80"
"220","583630","python3.8","127.0.0.1","void cudnn::bn_fw_inf_1C11_kernel_NCHW<float, float, (bool)1, (int)1>(T2, T2, cudnnTensorStruct, const T1 *, cudnnTensorStruct, T1 *, cudnnTensorStruct, const T2 *, const T2 *, const T2 *, const T2 *, T2)","1","7","(64, 1, 1)","(256, 64, 1)","0","8.0","Command line profiler metrics","gpu__time_duration.sum","nsecond","35552"
"220","583630","python3.8","127.0.0.1","void cudnn::bn_fw_inf_1C11_kernel_NCHW<float, float, (bool)1, (int)1>(T2, T2, cudnnTensorStruct, const T1 *, cudnnTensorStruct, T1 *, cudnnTensorStruct, const T2 *, const T2 *, const T2 *, const T2 *, T2)","1","7","(64, 1, 1)","(256, 64, 1)","0","8.0","Command line profiler metrics","lts__t_sectors.avg.pct_of_peak_sustained_elapsed","%","15.57"
"221","583630","python3.8","127.0.0.1","void at::native::vectorized_elementwise_kernel<(int)4, at::native::<unnamed>::launch_clamp_scalar(at::TensorIteratorBase &, c10::Scalar, c10::Scalar, at::native::detail::ClampLimits)::[lambda() (instance 1)]::operator ()() const::[lambda() (instance 14)]::operator ()() const::[lambda(float) (instance 1)], at::detail::Array<char *, (int)2>>(int, T2, T3)","1","7","(128, 1, 1)","(6272, 1, 1)","0","8.0","Command line profiler metrics","dram__throughput.avg.pct_of_peak_sustained_elapsed","%","38.42"
"221","583630","python3.8","127.0.0.1","void at::native::vectorized_elementwise_kernel<(int)4, at::native::<unnamed>::launch_clamp_scalar(at::TensorIteratorBase &, c10::Scalar, c10::Scalar, at::native::detail::ClampLimits)::[lambda() (instance 1)]::operator ()() const::[lambda() (instance 14)]::operator ()() const::[lambda(float) (instance 1)], at::detail::Array<char *, (int)2>>(int, T2, T3)","1","7","(128, 1, 1)","(6272, 1, 1)","0","8.0","Command line profiler metrics","gpu__time_duration.sum","nsecond","17408"
"221","583630","python3.8","127.0.0.1","void at::native::vectorized_elementwise_kernel<(int)4, at::native::<unnamed>::launch_clamp_scalar(at::TensorIteratorBase &, c10::Scalar, c10::Scalar, at::native::detail::ClampLimits)::[lambda() (instance 1)]::operator ()() const::[lambda() (instance 14)]::operator ()() const::[lambda(float) (instance 1)], at::detail::Array<char *, (int)2>>(int, T2, T3)","1","7","(128, 1, 1)","(6272, 1, 1)","0","8.0","Command line profiler metrics","lts__t_sectors.avg.pct_of_peak_sustained_elapsed","%","29.39"
"222","583630","python3.8","127.0.0.1","void cudnn::ops::nchwToNhwcKernel<float, float, float, (bool)0, (bool)1, (cudnnKernelDataType_t)2>(cudnn::ops::nchw2nhwc_params_t<T3>, const T1 *, T2 *)","1","7","(256, 1, 1)","(7, 8, 64)","0","8.0","Command line profiler metrics","dram__throughput.avg.pct_of_peak_sustained_elapsed","%","32.19"
"222","583630","python3.8","127.0.0.1","void cudnn::ops::nchwToNhwcKernel<float, float, float, (bool)0, (bool)1, (cudnnKernelDataType_t)2>(cudnn::ops::nchw2nhwc_params_t<T3>, const T1 *, T2 *)","1","7","(256, 1, 1)","(7, 8, 64)","0","8.0","Command line profiler metrics","gpu__time_duration.sum","nsecond","22880"
"222","583630","python3.8","127.0.0.1","void cudnn::ops::nchwToNhwcKernel<float, float, float, (bool)0, (bool)1, (cudnnKernelDataType_t)2>(cudnn::ops::nchw2nhwc_params_t<T3>, const T1 *, T2 *)","1","7","(256, 1, 1)","(7, 8, 64)","0","8.0","Command line profiler metrics","lts__t_sectors.avg.pct_of_peak_sustained_elapsed","%","26.11"
"223","583630","python3.8","127.0.0.1","void cudnn::ops::nchwToNhwcKernel<float, float, float, (bool)0, (bool)1, (cudnnKernelDataType_t)2>(cudnn::ops::nchw2nhwc_params_t<T3>, const T1 *, T2 *)","1","7","(256, 1, 1)","(1, 8, 256)","0","8.0","Command line profiler metrics","dram__throughput.avg.pct_of_peak_sustained_elapsed","%","8.16"
"223","583630","python3.8","127.0.0.1","void cudnn::ops::nchwToNhwcKernel<float, float, float, (bool)0, (bool)1, (cudnnKernelDataType_t)2>(cudnn::ops::nchw2nhwc_params_t<T3>, const T1 *, T2 *)","1","7","(256, 1, 1)","(1, 8, 256)","0","8.0","Command line profiler metrics","gpu__time_duration.sum","nsecond","15072"
"223","583630","python3.8","127.0.0.1","void cudnn::ops::nchwToNhwcKernel<float, float, float, (bool)0, (bool)1, (cudnnKernelDataType_t)2>(cudnn::ops::nchw2nhwc_params_t<T3>, const T1 *, T2 *)","1","7","(256, 1, 1)","(1, 8, 256)","0","8.0","Command line profiler metrics","lts__t_sectors.avg.pct_of_peak_sustained_elapsed","%","6.96"
"224","583630","python3.8","127.0.0.1","sm80_xmma_fprop_implicit_gemm_tf32f32_tf32f32_f32_nhwckrsc_nchw_tilesize256x128x32_stage3_warpsize4x2x1_g1_tensor16x8x8_execute_kernel_cudnn","1","7","(256, 1, 1)","(2, 49, 1)","0","8.0","Command line profiler metrics","dram__throughput.avg.pct_of_peak_sustained_elapsed","%","2.69"
"224","583630","python3.8","127.0.0.1","sm80_xmma_fprop_implicit_gemm_tf32f32_tf32f32_f32_nhwckrsc_nchw_tilesize256x128x32_stage3_warpsize4x2x1_g1_tensor16x8x8_execute_kernel_cudnn","1","7","(256, 1, 1)","(2, 49, 1)","0","8.0","Command line profiler metrics","gpu__time_duration.sum","nsecond","317056"
"224","583630","python3.8","127.0.0.1","sm80_xmma_fprop_implicit_gemm_tf32f32_tf32f32_f32_nhwckrsc_nchw_tilesize256x128x32_stage3_warpsize4x2x1_g1_tensor16x8x8_execute_kernel_cudnn","1","7","(256, 1, 1)","(2, 49, 1)","0","8.0","Command line profiler metrics","lts__t_sectors.avg.pct_of_peak_sustained_elapsed","%","14.56"
"225","583630","python3.8","127.0.0.1","void cudnn::bn_fw_inf_1C11_kernel_NCHW<float, float, (bool)1, (int)1>(T2, T2, cudnnTensorStruct, const T1 *, cudnnTensorStruct, T1 *, cudnnTensorStruct, const T2 *, const T2 *, const T2 *, const T2 *, T2)","1","7","(64, 1, 1)","(256, 64, 1)","0","8.0","Command line profiler metrics","dram__throughput.avg.pct_of_peak_sustained_elapsed","%","20.30"
"225","583630","python3.8","127.0.0.1","void cudnn::bn_fw_inf_1C11_kernel_NCHW<float, float, (bool)1, (int)1>(T2, T2, cudnnTensorStruct, const T1 *, cudnnTensorStruct, T1 *, cudnnTensorStruct, const T2 *, const T2 *, const T2 *, const T2 *, T2)","1","7","(64, 1, 1)","(256, 64, 1)","0","8.0","Command line profiler metrics","gpu__time_duration.sum","nsecond","35424"
"225","583630","python3.8","127.0.0.1","void cudnn::bn_fw_inf_1C11_kernel_NCHW<float, float, (bool)1, (int)1>(T2, T2, cudnnTensorStruct, const T1 *, cudnnTensorStruct, T1 *, cudnnTensorStruct, const T2 *, const T2 *, const T2 *, const T2 *, T2)","1","7","(64, 1, 1)","(256, 64, 1)","0","8.0","Command line profiler metrics","lts__t_sectors.avg.pct_of_peak_sustained_elapsed","%","15.84"
"226","583630","python3.8","127.0.0.1","void at::native::vectorized_elementwise_kernel<(int)4, at::native::<unnamed>::launch_clamp_scalar(at::TensorIteratorBase &, c10::Scalar, c10::Scalar, at::native::detail::ClampLimits)::[lambda() (instance 1)]::operator ()() const::[lambda() (instance 14)]::operator ()() const::[lambda(float) (instance 1)], at::detail::Array<char *, (int)2>>(int, T2, T3)","1","7","(128, 1, 1)","(6272, 1, 1)","0","8.0","Command line profiler metrics","dram__throughput.avg.pct_of_peak_sustained_elapsed","%","38.20"
"226","583630","python3.8","127.0.0.1","void at::native::vectorized_elementwise_kernel<(int)4, at::native::<unnamed>::launch_clamp_scalar(at::TensorIteratorBase &, c10::Scalar, c10::Scalar, at::native::detail::ClampLimits)::[lambda() (instance 1)]::operator ()() const::[lambda() (instance 14)]::operator ()() const::[lambda(float) (instance 1)], at::detail::Array<char *, (int)2>>(int, T2, T3)","1","7","(128, 1, 1)","(6272, 1, 1)","0","8.0","Command line profiler metrics","gpu__time_duration.sum","nsecond","17472"
"226","583630","python3.8","127.0.0.1","void at::native::vectorized_elementwise_kernel<(int)4, at::native::<unnamed>::launch_clamp_scalar(at::TensorIteratorBase &, c10::Scalar, c10::Scalar, at::native::detail::ClampLimits)::[lambda() (instance 1)]::operator ()() const::[lambda() (instance 14)]::operator ()() const::[lambda(float) (instance 1)], at::detail::Array<char *, (int)2>>(int, T2, T3)","1","7","(128, 1, 1)","(6272, 1, 1)","0","8.0","Command line profiler metrics","lts__t_sectors.avg.pct_of_peak_sustained_elapsed","%","29.54"
"227","583630","python3.8","127.0.0.1","void cutlass::Kernel<cutlass_80_tensorop_s1688gemm_256x64_16x4_nn_align4>(T1::Params)","1","7","(128, 1, 1)","(16, 1, 64)","0","8.0","Command line profiler metrics","dram__throughput.avg.pct_of_peak_sustained_elapsed","%","9.95"
"227","583630","python3.8","127.0.0.1","void cutlass::Kernel<cutlass_80_tensorop_s1688gemm_256x64_16x4_nn_align4>(T1::Params)","1","7","(128, 1, 1)","(16, 1, 64)","0","8.0","Command line profiler metrics","gpu__time_duration.sum","nsecond","248576"
"227","583630","python3.8","127.0.0.1","void cutlass::Kernel<cutlass_80_tensorop_s1688gemm_256x64_16x4_nn_align4>(T1::Params)","1","7","(128, 1, 1)","(16, 1, 64)","0","8.0","Command line profiler metrics","lts__t_sectors.avg.pct_of_peak_sustained_elapsed","%","25.77"
"228","583630","python3.8","127.0.0.1","void cudnn::bn_fw_inf_1C11_kernel_NCHW<float, float, (bool)1, (int)1>(T2, T2, cudnnTensorStruct, const T1 *, cudnnTensorStruct, T1 *, cudnnTensorStruct, const T2 *, const T2 *, const T2 *, const T2 *, T2)","1","7","(64, 1, 1)","(1024, 64, 1)","0","8.0","Command line profiler metrics","dram__throughput.avg.pct_of_peak_sustained_elapsed","%","32.69"
"228","583630","python3.8","127.0.0.1","void cudnn::bn_fw_inf_1C11_kernel_NCHW<float, float, (bool)1, (int)1>(T2, T2, cudnnTensorStruct, const T1 *, cudnnTensorStruct, T1 *, cudnnTensorStruct, const T2 *, const T2 *, const T2 *, const T2 *, T2)","1","7","(64, 1, 1)","(1024, 64, 1)","0","8.0","Command line profiler metrics","gpu__time_duration.sum","nsecond","143328"
"228","583630","python3.8","127.0.0.1","void cudnn::bn_fw_inf_1C11_kernel_NCHW<float, float, (bool)1, (int)1>(T2, T2, cudnnTensorStruct, const T1 *, cudnnTensorStruct, T1 *, cudnnTensorStruct, const T2 *, const T2 *, const T2 *, const T2 *, T2)","1","7","(64, 1, 1)","(1024, 64, 1)","0","8.0","Command line profiler metrics","lts__t_sectors.avg.pct_of_peak_sustained_elapsed","%","18.90"
"229","583630","python3.8","127.0.0.1","void at::native::vectorized_elementwise_kernel<(int)4, at::native::CUDAFunctor_add<float>, at::detail::Array<char *, (int)3>>(int, T2, T3)","1","7","(128, 1, 1)","(25088, 1, 1)","0","8.0","Command line profiler metrics","dram__throughput.avg.pct_of_peak_sustained_elapsed","%","86.26"
"229","583630","python3.8","127.0.0.1","void at::native::vectorized_elementwise_kernel<(int)4, at::native::CUDAFunctor_add<float>, at::detail::Array<char *, (int)3>>(int, T2, T3)","1","7","(128, 1, 1)","(25088, 1, 1)","0","8.0","Command line profiler metrics","gpu__time_duration.sum","nsecond","83584"
"229","583630","python3.8","127.0.0.1","void at::native::vectorized_elementwise_kernel<(int)4, at::native::CUDAFunctor_add<float>, at::detail::Array<char *, (int)3>>(int, T2, T3)","1","7","(128, 1, 1)","(25088, 1, 1)","0","8.0","Command line profiler metrics","lts__t_sectors.avg.pct_of_peak_sustained_elapsed","%","41.89"
"230","583630","python3.8","127.0.0.1","void at::native::vectorized_elementwise_kernel<(int)4, at::native::<unnamed>::launch_clamp_scalar(at::TensorIteratorBase &, c10::Scalar, c10::Scalar, at::native::detail::ClampLimits)::[lambda() (instance 1)]::operator ()() const::[lambda() (instance 14)]::operator ()() const::[lambda(float) (instance 1)], at::detail::Array<char *, (int)2>>(int, T2, T3)","1","7","(128, 1, 1)","(25088, 1, 1)","0","8.0","Command line profiler metrics","dram__throughput.avg.pct_of_peak_sustained_elapsed","%","71.23"
"230","583630","python3.8","127.0.0.1","void at::native::vectorized_elementwise_kernel<(int)4, at::native::<unnamed>::launch_clamp_scalar(at::TensorIteratorBase &, c10::Scalar, c10::Scalar, at::native::detail::ClampLimits)::[lambda() (instance 1)]::operator ()() const::[lambda() (instance 14)]::operator ()() const::[lambda(float) (instance 1)], at::detail::Array<char *, (int)2>>(int, T2, T3)","1","7","(128, 1, 1)","(25088, 1, 1)","0","8.0","Command line profiler metrics","gpu__time_duration.sum","nsecond","61184"
"230","583630","python3.8","127.0.0.1","void at::native::vectorized_elementwise_kernel<(int)4, at::native::<unnamed>::launch_clamp_scalar(at::TensorIteratorBase &, c10::Scalar, c10::Scalar, at::native::detail::ClampLimits)::[lambda() (instance 1)]::operator ()() const::[lambda() (instance 14)]::operator ()() const::[lambda(float) (instance 1)], at::detail::Array<char *, (int)2>>(int, T2, T3)","1","7","(128, 1, 1)","(25088, 1, 1)","0","8.0","Command line profiler metrics","lts__t_sectors.avg.pct_of_peak_sustained_elapsed","%","34.91"
"231","583630","python3.8","127.0.0.1","void cutlass::Kernel<cutlass_80_tensorop_s1688gemm_256x64_16x4_nn_align4>(T1::Params)","1","7","(128, 1, 1)","(4, 1, 64)","0","8.0","Command line profiler metrics","dram__throughput.avg.pct_of_peak_sustained_elapsed","%","14.36"
"231","583630","python3.8","127.0.0.1","void cutlass::Kernel<cutlass_80_tensorop_s1688gemm_256x64_16x4_nn_align4>(T1::Params)","1","7","(128, 1, 1)","(4, 1, 64)","0","8.0","Command line profiler metrics","gpu__time_duration.sum","nsecond","217472"
"231","583630","python3.8","127.0.0.1","void cutlass::Kernel<cutlass_80_tensorop_s1688gemm_256x64_16x4_nn_align4>(T1::Params)","1","7","(128, 1, 1)","(4, 1, 64)","0","8.0","Command line profiler metrics","lts__t_sectors.avg.pct_of_peak_sustained_elapsed","%","28.12"
"232","583630","python3.8","127.0.0.1","void cudnn::bn_fw_inf_1C11_kernel_NCHW<float, float, (bool)1, (int)1>(T2, T2, cudnnTensorStruct, const T1 *, cudnnTensorStruct, T1 *, cudnnTensorStruct, const T2 *, const T2 *, const T2 *, const T2 *, T2)","1","7","(64, 1, 1)","(256, 64, 1)","0","8.0","Command line profiler metrics","dram__throughput.avg.pct_of_peak_sustained_elapsed","%","20.49"
"232","583630","python3.8","127.0.0.1","void cudnn::bn_fw_inf_1C11_kernel_NCHW<float, float, (bool)1, (int)1>(T2, T2, cudnnTensorStruct, const T1 *, cudnnTensorStruct, T1 *, cudnnTensorStruct, const T2 *, const T2 *, const T2 *, const T2 *, T2)","1","7","(64, 1, 1)","(256, 64, 1)","0","8.0","Command line profiler metrics","gpu__time_duration.sum","nsecond","35424"
"232","583630","python3.8","127.0.0.1","void cudnn::bn_fw_inf_1C11_kernel_NCHW<float, float, (bool)1, (int)1>(T2, T2, cudnnTensorStruct, const T1 *, cudnnTensorStruct, T1 *, cudnnTensorStruct, const T2 *, const T2 *, const T2 *, const T2 *, T2)","1","7","(64, 1, 1)","(256, 64, 1)","0","8.0","Command line profiler metrics","lts__t_sectors.avg.pct_of_peak_sustained_elapsed","%","15.53"
"233","583630","python3.8","127.0.0.1","void at::native::vectorized_elementwise_kernel<(int)4, at::native::<unnamed>::launch_clamp_scalar(at::TensorIteratorBase &, c10::Scalar, c10::Scalar, at::native::detail::ClampLimits)::[lambda() (instance 1)]::operator ()() const::[lambda() (instance 14)]::operator ()() const::[lambda(float) (instance 1)], at::detail::Array<char *, (int)2>>(int, T2, T3)","1","7","(128, 1, 1)","(6272, 1, 1)","0","8.0","Command line profiler metrics","dram__throughput.avg.pct_of_peak_sustained_elapsed","%","38.24"
"233","583630","python3.8","127.0.0.1","void at::native::vectorized_elementwise_kernel<(int)4, at::native::<unnamed>::launch_clamp_scalar(at::TensorIteratorBase &, c10::Scalar, c10::Scalar, at::native::detail::ClampLimits)::[lambda() (instance 1)]::operator ()() const::[lambda() (instance 14)]::operator ()() const::[lambda(float) (instance 1)], at::detail::Array<char *, (int)2>>(int, T2, T3)","1","7","(128, 1, 1)","(6272, 1, 1)","0","8.0","Command line profiler metrics","gpu__time_duration.sum","nsecond","17440"
"233","583630","python3.8","127.0.0.1","void at::native::vectorized_elementwise_kernel<(int)4, at::native::<unnamed>::launch_clamp_scalar(at::TensorIteratorBase &, c10::Scalar, c10::Scalar, at::native::detail::ClampLimits)::[lambda() (instance 1)]::operator ()() const::[lambda() (instance 14)]::operator ()() const::[lambda(float) (instance 1)], at::detail::Array<char *, (int)2>>(int, T2, T3)","1","7","(128, 1, 1)","(6272, 1, 1)","0","8.0","Command line profiler metrics","lts__t_sectors.avg.pct_of_peak_sustained_elapsed","%","29.50"
"234","583630","python3.8","127.0.0.1","void cudnn::ops::nchwToNhwcKernel<float, float, float, (bool)0, (bool)1, (cudnnKernelDataType_t)2>(cudnn::ops::nchw2nhwc_params_t<T3>, const T1 *, T2 *)","1","7","(256, 1, 1)","(7, 8, 64)","0","8.0","Command line profiler metrics","dram__throughput.avg.pct_of_peak_sustained_elapsed","%","31.81"
"234","583630","python3.8","127.0.0.1","void cudnn::ops::nchwToNhwcKernel<float, float, float, (bool)0, (bool)1, (cudnnKernelDataType_t)2>(cudnn::ops::nchw2nhwc_params_t<T3>, const T1 *, T2 *)","1","7","(256, 1, 1)","(7, 8, 64)","0","8.0","Command line profiler metrics","gpu__time_duration.sum","nsecond","22720"
"234","583630","python3.8","127.0.0.1","void cudnn::ops::nchwToNhwcKernel<float, float, float, (bool)0, (bool)1, (cudnnKernelDataType_t)2>(cudnn::ops::nchw2nhwc_params_t<T3>, const T1 *, T2 *)","1","7","(256, 1, 1)","(7, 8, 64)","0","8.0","Command line profiler metrics","lts__t_sectors.avg.pct_of_peak_sustained_elapsed","%","26.10"
"235","583630","python3.8","127.0.0.1","void cudnn::ops::nchwToNhwcKernel<float, float, float, (bool)0, (bool)1, (cudnnKernelDataType_t)2>(cudnn::ops::nchw2nhwc_params_t<T3>, const T1 *, T2 *)","1","7","(256, 1, 1)","(1, 8, 256)","0","8.0","Command line profiler metrics","dram__throughput.avg.pct_of_peak_sustained_elapsed","%","8.04"
"235","583630","python3.8","127.0.0.1","void cudnn::ops::nchwToNhwcKernel<float, float, float, (bool)0, (bool)1, (cudnnKernelDataType_t)2>(cudnn::ops::nchw2nhwc_params_t<T3>, const T1 *, T2 *)","1","7","(256, 1, 1)","(1, 8, 256)","0","8.0","Command line profiler metrics","gpu__time_duration.sum","nsecond","15264"
"235","583630","python3.8","127.0.0.1","void cudnn::ops::nchwToNhwcKernel<float, float, float, (bool)0, (bool)1, (cudnnKernelDataType_t)2>(cudnn::ops::nchw2nhwc_params_t<T3>, const T1 *, T2 *)","1","7","(256, 1, 1)","(1, 8, 256)","0","8.0","Command line profiler metrics","lts__t_sectors.avg.pct_of_peak_sustained_elapsed","%","6.81"
"236","583630","python3.8","127.0.0.1","sm80_xmma_fprop_implicit_gemm_tf32f32_tf32f32_f32_nhwckrsc_nchw_tilesize256x128x32_stage3_warpsize4x2x1_g1_tensor16x8x8_execute_kernel_cudnn","1","7","(256, 1, 1)","(2, 49, 1)","0","8.0","Command line profiler metrics","dram__throughput.avg.pct_of_peak_sustained_elapsed","%","2.73"
"236","583630","python3.8","127.0.0.1","sm80_xmma_fprop_implicit_gemm_tf32f32_tf32f32_f32_nhwckrsc_nchw_tilesize256x128x32_stage3_warpsize4x2x1_g1_tensor16x8x8_execute_kernel_cudnn","1","7","(256, 1, 1)","(2, 49, 1)","0","8.0","Command line profiler metrics","gpu__time_duration.sum","nsecond","316544"
"236","583630","python3.8","127.0.0.1","sm80_xmma_fprop_implicit_gemm_tf32f32_tf32f32_f32_nhwckrsc_nchw_tilesize256x128x32_stage3_warpsize4x2x1_g1_tensor16x8x8_execute_kernel_cudnn","1","7","(256, 1, 1)","(2, 49, 1)","0","8.0","Command line profiler metrics","lts__t_sectors.avg.pct_of_peak_sustained_elapsed","%","14.63"
"237","583630","python3.8","127.0.0.1","void cudnn::bn_fw_inf_1C11_kernel_NCHW<float, float, (bool)1, (int)1>(T2, T2, cudnnTensorStruct, const T1 *, cudnnTensorStruct, T1 *, cudnnTensorStruct, const T2 *, const T2 *, const T2 *, const T2 *, T2)","1","7","(64, 1, 1)","(256, 64, 1)","0","8.0","Command line profiler metrics","dram__throughput.avg.pct_of_peak_sustained_elapsed","%","20.60"
"237","583630","python3.8","127.0.0.1","void cudnn::bn_fw_inf_1C11_kernel_NCHW<float, float, (bool)1, (int)1>(T2, T2, cudnnTensorStruct, const T1 *, cudnnTensorStruct, T1 *, cudnnTensorStruct, const T2 *, const T2 *, const T2 *, const T2 *, T2)","1","7","(64, 1, 1)","(256, 64, 1)","0","8.0","Command line profiler metrics","gpu__time_duration.sum","nsecond","35392"
"237","583630","python3.8","127.0.0.1","void cudnn::bn_fw_inf_1C11_kernel_NCHW<float, float, (bool)1, (int)1>(T2, T2, cudnnTensorStruct, const T1 *, cudnnTensorStruct, T1 *, cudnnTensorStruct, const T2 *, const T2 *, const T2 *, const T2 *, T2)","1","7","(64, 1, 1)","(256, 64, 1)","0","8.0","Command line profiler metrics","lts__t_sectors.avg.pct_of_peak_sustained_elapsed","%","15.97"
"238","583630","python3.8","127.0.0.1","void at::native::vectorized_elementwise_kernel<(int)4, at::native::<unnamed>::launch_clamp_scalar(at::TensorIteratorBase &, c10::Scalar, c10::Scalar, at::native::detail::ClampLimits)::[lambda() (instance 1)]::operator ()() const::[lambda() (instance 14)]::operator ()() const::[lambda(float) (instance 1)], at::detail::Array<char *, (int)2>>(int, T2, T3)","1","7","(128, 1, 1)","(6272, 1, 1)","0","8.0","Command line profiler metrics","dram__throughput.avg.pct_of_peak_sustained_elapsed","%","38.17"
"238","583630","python3.8","127.0.0.1","void at::native::vectorized_elementwise_kernel<(int)4, at::native::<unnamed>::launch_clamp_scalar(at::TensorIteratorBase &, c10::Scalar, c10::Scalar, at::native::detail::ClampLimits)::[lambda() (instance 1)]::operator ()() const::[lambda() (instance 14)]::operator ()() const::[lambda(float) (instance 1)], at::detail::Array<char *, (int)2>>(int, T2, T3)","1","7","(128, 1, 1)","(6272, 1, 1)","0","8.0","Command line profiler metrics","gpu__time_duration.sum","nsecond","17440"
"238","583630","python3.8","127.0.0.1","void at::native::vectorized_elementwise_kernel<(int)4, at::native::<unnamed>::launch_clamp_scalar(at::TensorIteratorBase &, c10::Scalar, c10::Scalar, at::native::detail::ClampLimits)::[lambda() (instance 1)]::operator ()() const::[lambda() (instance 14)]::operator ()() const::[lambda(float) (instance 1)], at::detail::Array<char *, (int)2>>(int, T2, T3)","1","7","(128, 1, 1)","(6272, 1, 1)","0","8.0","Command line profiler metrics","lts__t_sectors.avg.pct_of_peak_sustained_elapsed","%","29.45"
"239","583630","python3.8","127.0.0.1","void cutlass::Kernel<cutlass_80_tensorop_s1688gemm_256x64_16x4_nn_align4>(T1::Params)","1","7","(128, 1, 1)","(16, 1, 64)","0","8.0","Command line profiler metrics","dram__throughput.avg.pct_of_peak_sustained_elapsed","%","9.96"
"239","583630","python3.8","127.0.0.1","void cutlass::Kernel<cutlass_80_tensorop_s1688gemm_256x64_16x4_nn_align4>(T1::Params)","1","7","(128, 1, 1)","(16, 1, 64)","0","8.0","Command line profiler metrics","gpu__time_duration.sum","nsecond","247840"
"239","583630","python3.8","127.0.0.1","void cutlass::Kernel<cutlass_80_tensorop_s1688gemm_256x64_16x4_nn_align4>(T1::Params)","1","7","(128, 1, 1)","(16, 1, 64)","0","8.0","Command line profiler metrics","lts__t_sectors.avg.pct_of_peak_sustained_elapsed","%","25.81"
"240","583630","python3.8","127.0.0.1","void cudnn::bn_fw_inf_1C11_kernel_NCHW<float, float, (bool)1, (int)1>(T2, T2, cudnnTensorStruct, const T1 *, cudnnTensorStruct, T1 *, cudnnTensorStruct, const T2 *, const T2 *, const T2 *, const T2 *, T2)","1","7","(64, 1, 1)","(1024, 64, 1)","0","8.0","Command line profiler metrics","dram__throughput.avg.pct_of_peak_sustained_elapsed","%","32.63"
"240","583630","python3.8","127.0.0.1","void cudnn::bn_fw_inf_1C11_kernel_NCHW<float, float, (bool)1, (int)1>(T2, T2, cudnnTensorStruct, const T1 *, cudnnTensorStruct, T1 *, cudnnTensorStruct, const T2 *, const T2 *, const T2 *, const T2 *, T2)","1","7","(64, 1, 1)","(1024, 64, 1)","0","8.0","Command line profiler metrics","gpu__time_duration.sum","nsecond","143360"
"240","583630","python3.8","127.0.0.1","void cudnn::bn_fw_inf_1C11_kernel_NCHW<float, float, (bool)1, (int)1>(T2, T2, cudnnTensorStruct, const T1 *, cudnnTensorStruct, T1 *, cudnnTensorStruct, const T2 *, const T2 *, const T2 *, const T2 *, T2)","1","7","(64, 1, 1)","(1024, 64, 1)","0","8.0","Command line profiler metrics","lts__t_sectors.avg.pct_of_peak_sustained_elapsed","%","18.86"
"241","583630","python3.8","127.0.0.1","void at::native::vectorized_elementwise_kernel<(int)4, at::native::CUDAFunctor_add<float>, at::detail::Array<char *, (int)3>>(int, T2, T3)","1","7","(128, 1, 1)","(25088, 1, 1)","0","8.0","Command line profiler metrics","dram__throughput.avg.pct_of_peak_sustained_elapsed","%","86.04"
"241","583630","python3.8","127.0.0.1","void at::native::vectorized_elementwise_kernel<(int)4, at::native::CUDAFunctor_add<float>, at::detail::Array<char *, (int)3>>(int, T2, T3)","1","7","(128, 1, 1)","(25088, 1, 1)","0","8.0","Command line profiler metrics","gpu__time_duration.sum","nsecond","83808"
"241","583630","python3.8","127.0.0.1","void at::native::vectorized_elementwise_kernel<(int)4, at::native::CUDAFunctor_add<float>, at::detail::Array<char *, (int)3>>(int, T2, T3)","1","7","(128, 1, 1)","(25088, 1, 1)","0","8.0","Command line profiler metrics","lts__t_sectors.avg.pct_of_peak_sustained_elapsed","%","41.84"
"242","583630","python3.8","127.0.0.1","void at::native::vectorized_elementwise_kernel<(int)4, at::native::<unnamed>::launch_clamp_scalar(at::TensorIteratorBase &, c10::Scalar, c10::Scalar, at::native::detail::ClampLimits)::[lambda() (instance 1)]::operator ()() const::[lambda() (instance 14)]::operator ()() const::[lambda(float) (instance 1)], at::detail::Array<char *, (int)2>>(int, T2, T3)","1","7","(128, 1, 1)","(25088, 1, 1)","0","8.0","Command line profiler metrics","dram__throughput.avg.pct_of_peak_sustained_elapsed","%","71.64"
"242","583630","python3.8","127.0.0.1","void at::native::vectorized_elementwise_kernel<(int)4, at::native::<unnamed>::launch_clamp_scalar(at::TensorIteratorBase &, c10::Scalar, c10::Scalar, at::native::detail::ClampLimits)::[lambda() (instance 1)]::operator ()() const::[lambda() (instance 14)]::operator ()() const::[lambda(float) (instance 1)], at::detail::Array<char *, (int)2>>(int, T2, T3)","1","7","(128, 1, 1)","(25088, 1, 1)","0","8.0","Command line profiler metrics","gpu__time_duration.sum","nsecond","60864"
"242","583630","python3.8","127.0.0.1","void at::native::vectorized_elementwise_kernel<(int)4, at::native::<unnamed>::launch_clamp_scalar(at::TensorIteratorBase &, c10::Scalar, c10::Scalar, at::native::detail::ClampLimits)::[lambda() (instance 1)]::operator ()() const::[lambda() (instance 14)]::operator ()() const::[lambda(float) (instance 1)], at::detail::Array<char *, (int)2>>(int, T2, T3)","1","7","(128, 1, 1)","(25088, 1, 1)","0","8.0","Command line profiler metrics","lts__t_sectors.avg.pct_of_peak_sustained_elapsed","%","35.14"
"243","583630","python3.8","127.0.0.1","void cutlass::Kernel<cutlass_80_tensorop_s1688gemm_256x64_16x4_nn_align4>(T1::Params)","1","7","(128, 1, 1)","(4, 1, 64)","0","8.0","Command line profiler metrics","dram__throughput.avg.pct_of_peak_sustained_elapsed","%","14.44"
"243","583630","python3.8","127.0.0.1","void cutlass::Kernel<cutlass_80_tensorop_s1688gemm_256x64_16x4_nn_align4>(T1::Params)","1","7","(128, 1, 1)","(4, 1, 64)","0","8.0","Command line profiler metrics","gpu__time_duration.sum","nsecond","217184"
"243","583630","python3.8","127.0.0.1","void cutlass::Kernel<cutlass_80_tensorop_s1688gemm_256x64_16x4_nn_align4>(T1::Params)","1","7","(128, 1, 1)","(4, 1, 64)","0","8.0","Command line profiler metrics","lts__t_sectors.avg.pct_of_peak_sustained_elapsed","%","28.29"
"244","583630","python3.8","127.0.0.1","void cudnn::bn_fw_inf_1C11_kernel_NCHW<float, float, (bool)1, (int)1>(T2, T2, cudnnTensorStruct, const T1 *, cudnnTensorStruct, T1 *, cudnnTensorStruct, const T2 *, const T2 *, const T2 *, const T2 *, T2)","1","7","(64, 1, 1)","(256, 64, 1)","0","8.0","Command line profiler metrics","dram__throughput.avg.pct_of_peak_sustained_elapsed","%","20.71"
"244","583630","python3.8","127.0.0.1","void cudnn::bn_fw_inf_1C11_kernel_NCHW<float, float, (bool)1, (int)1>(T2, T2, cudnnTensorStruct, const T1 *, cudnnTensorStruct, T1 *, cudnnTensorStruct, const T2 *, const T2 *, const T2 *, const T2 *, T2)","1","7","(64, 1, 1)","(256, 64, 1)","0","8.0","Command line profiler metrics","gpu__time_duration.sum","nsecond","35008"
"244","583630","python3.8","127.0.0.1","void cudnn::bn_fw_inf_1C11_kernel_NCHW<float, float, (bool)1, (int)1>(T2, T2, cudnnTensorStruct, const T1 *, cudnnTensorStruct, T1 *, cudnnTensorStruct, const T2 *, const T2 *, const T2 *, const T2 *, T2)","1","7","(64, 1, 1)","(256, 64, 1)","0","8.0","Command line profiler metrics","lts__t_sectors.avg.pct_of_peak_sustained_elapsed","%","15.78"
"245","583630","python3.8","127.0.0.1","void at::native::vectorized_elementwise_kernel<(int)4, at::native::<unnamed>::launch_clamp_scalar(at::TensorIteratorBase &, c10::Scalar, c10::Scalar, at::native::detail::ClampLimits)::[lambda() (instance 1)]::operator ()() const::[lambda() (instance 14)]::operator ()() const::[lambda(float) (instance 1)], at::detail::Array<char *, (int)2>>(int, T2, T3)","1","7","(128, 1, 1)","(6272, 1, 1)","0","8.0","Command line profiler metrics","dram__throughput.avg.pct_of_peak_sustained_elapsed","%","38.92"
"245","583630","python3.8","127.0.0.1","void at::native::vectorized_elementwise_kernel<(int)4, at::native::<unnamed>::launch_clamp_scalar(at::TensorIteratorBase &, c10::Scalar, c10::Scalar, at::native::detail::ClampLimits)::[lambda() (instance 1)]::operator ()() const::[lambda() (instance 14)]::operator ()() const::[lambda(float) (instance 1)], at::detail::Array<char *, (int)2>>(int, T2, T3)","1","7","(128, 1, 1)","(6272, 1, 1)","0","8.0","Command line profiler metrics","gpu__time_duration.sum","nsecond","17120"
"245","583630","python3.8","127.0.0.1","void at::native::vectorized_elementwise_kernel<(int)4, at::native::<unnamed>::launch_clamp_scalar(at::TensorIteratorBase &, c10::Scalar, c10::Scalar, at::native::detail::ClampLimits)::[lambda() (instance 1)]::operator ()() const::[lambda() (instance 14)]::operator ()() const::[lambda(float) (instance 1)], at::detail::Array<char *, (int)2>>(int, T2, T3)","1","7","(128, 1, 1)","(6272, 1, 1)","0","8.0","Command line profiler metrics","lts__t_sectors.avg.pct_of_peak_sustained_elapsed","%","29.98"
"246","583630","python3.8","127.0.0.1","void cudnn::ops::nchwToNhwcKernel<float, float, float, (bool)0, (bool)1, (cudnnKernelDataType_t)2>(cudnn::ops::nchw2nhwc_params_t<T3>, const T1 *, T2 *)","1","7","(256, 1, 1)","(7, 8, 64)","0","8.0","Command line profiler metrics","dram__throughput.avg.pct_of_peak_sustained_elapsed","%","32.08"
"246","583630","python3.8","127.0.0.1","void cudnn::ops::nchwToNhwcKernel<float, float, float, (bool)0, (bool)1, (cudnnKernelDataType_t)2>(cudnn::ops::nchw2nhwc_params_t<T3>, const T1 *, T2 *)","1","7","(256, 1, 1)","(7, 8, 64)","0","8.0","Command line profiler metrics","gpu__time_duration.sum","nsecond","22976"
"246","583630","python3.8","127.0.0.1","void cudnn::ops::nchwToNhwcKernel<float, float, float, (bool)0, (bool)1, (cudnnKernelDataType_t)2>(cudnn::ops::nchw2nhwc_params_t<T3>, const T1 *, T2 *)","1","7","(256, 1, 1)","(7, 8, 64)","0","8.0","Command line profiler metrics","lts__t_sectors.avg.pct_of_peak_sustained_elapsed","%","25.91"
"247","583630","python3.8","127.0.0.1","void cudnn::ops::nchwToNhwcKernel<float, float, float, (bool)0, (bool)1, (cudnnKernelDataType_t)2>(cudnn::ops::nchw2nhwc_params_t<T3>, const T1 *, T2 *)","1","7","(256, 1, 1)","(1, 8, 256)","0","8.0","Command line profiler metrics","dram__throughput.avg.pct_of_peak_sustained_elapsed","%","8.11"
"247","583630","python3.8","127.0.0.1","void cudnn::ops::nchwToNhwcKernel<float, float, float, (bool)0, (bool)1, (cudnnKernelDataType_t)2>(cudnn::ops::nchw2nhwc_params_t<T3>, const T1 *, T2 *)","1","7","(256, 1, 1)","(1, 8, 256)","0","8.0","Command line profiler metrics","gpu__time_duration.sum","nsecond","15136"
"247","583630","python3.8","127.0.0.1","void cudnn::ops::nchwToNhwcKernel<float, float, float, (bool)0, (bool)1, (cudnnKernelDataType_t)2>(cudnn::ops::nchw2nhwc_params_t<T3>, const T1 *, T2 *)","1","7","(256, 1, 1)","(1, 8, 256)","0","8.0","Command line profiler metrics","lts__t_sectors.avg.pct_of_peak_sustained_elapsed","%","7.05"
"248","583630","python3.8","127.0.0.1","sm80_xmma_fprop_implicit_gemm_tf32f32_tf32f32_f32_nhwckrsc_nchw_tilesize256x128x32_stage3_warpsize4x2x1_g1_tensor16x8x8_execute_kernel_cudnn","1","7","(256, 1, 1)","(2, 49, 1)","0","8.0","Command line profiler metrics","dram__throughput.avg.pct_of_peak_sustained_elapsed","%","2.69"
"248","583630","python3.8","127.0.0.1","sm80_xmma_fprop_implicit_gemm_tf32f32_tf32f32_f32_nhwckrsc_nchw_tilesize256x128x32_stage3_warpsize4x2x1_g1_tensor16x8x8_execute_kernel_cudnn","1","7","(256, 1, 1)","(2, 49, 1)","0","8.0","Command line profiler metrics","gpu__time_duration.sum","nsecond","317536"
"248","583630","python3.8","127.0.0.1","sm80_xmma_fprop_implicit_gemm_tf32f32_tf32f32_f32_nhwckrsc_nchw_tilesize256x128x32_stage3_warpsize4x2x1_g1_tensor16x8x8_execute_kernel_cudnn","1","7","(256, 1, 1)","(2, 49, 1)","0","8.0","Command line profiler metrics","lts__t_sectors.avg.pct_of_peak_sustained_elapsed","%","14.52"
"249","583630","python3.8","127.0.0.1","void cudnn::bn_fw_inf_1C11_kernel_NCHW<float, float, (bool)1, (int)1>(T2, T2, cudnnTensorStruct, const T1 *, cudnnTensorStruct, T1 *, cudnnTensorStruct, const T2 *, const T2 *, const T2 *, const T2 *, T2)","1","7","(64, 1, 1)","(256, 64, 1)","0","8.0","Command line profiler metrics","dram__throughput.avg.pct_of_peak_sustained_elapsed","%","20.87"
"249","583630","python3.8","127.0.0.1","void cudnn::bn_fw_inf_1C11_kernel_NCHW<float, float, (bool)1, (int)1>(T2, T2, cudnnTensorStruct, const T1 *, cudnnTensorStruct, T1 *, cudnnTensorStruct, const T2 *, const T2 *, const T2 *, const T2 *, T2)","1","7","(64, 1, 1)","(256, 64, 1)","0","8.0","Command line profiler metrics","gpu__time_duration.sum","nsecond","35200"
"249","583630","python3.8","127.0.0.1","void cudnn::bn_fw_inf_1C11_kernel_NCHW<float, float, (bool)1, (int)1>(T2, T2, cudnnTensorStruct, const T1 *, cudnnTensorStruct, T1 *, cudnnTensorStruct, const T2 *, const T2 *, const T2 *, const T2 *, T2)","1","7","(64, 1, 1)","(256, 64, 1)","0","8.0","Command line profiler metrics","lts__t_sectors.avg.pct_of_peak_sustained_elapsed","%","15.99"
"250","583630","python3.8","127.0.0.1","void at::native::vectorized_elementwise_kernel<(int)4, at::native::<unnamed>::launch_clamp_scalar(at::TensorIteratorBase &, c10::Scalar, c10::Scalar, at::native::detail::ClampLimits)::[lambda() (instance 1)]::operator ()() const::[lambda() (instance 14)]::operator ()() const::[lambda(float) (instance 1)], at::detail::Array<char *, (int)2>>(int, T2, T3)","1","7","(128, 1, 1)","(6272, 1, 1)","0","8.0","Command line profiler metrics","dram__throughput.avg.pct_of_peak_sustained_elapsed","%","37.89"
"250","583630","python3.8","127.0.0.1","void at::native::vectorized_elementwise_kernel<(int)4, at::native::<unnamed>::launch_clamp_scalar(at::TensorIteratorBase &, c10::Scalar, c10::Scalar, at::native::detail::ClampLimits)::[lambda() (instance 1)]::operator ()() const::[lambda() (instance 14)]::operator ()() const::[lambda(float) (instance 1)], at::detail::Array<char *, (int)2>>(int, T2, T3)","1","7","(128, 1, 1)","(6272, 1, 1)","0","8.0","Command line profiler metrics","gpu__time_duration.sum","nsecond","17600"
"250","583630","python3.8","127.0.0.1","void at::native::vectorized_elementwise_kernel<(int)4, at::native::<unnamed>::launch_clamp_scalar(at::TensorIteratorBase &, c10::Scalar, c10::Scalar, at::native::detail::ClampLimits)::[lambda() (instance 1)]::operator ()() const::[lambda() (instance 14)]::operator ()() const::[lambda(float) (instance 1)], at::detail::Array<char *, (int)2>>(int, T2, T3)","1","7","(128, 1, 1)","(6272, 1, 1)","0","8.0","Command line profiler metrics","lts__t_sectors.avg.pct_of_peak_sustained_elapsed","%","29.04"
"251","583630","python3.8","127.0.0.1","void cutlass::Kernel<cutlass_80_tensorop_s1688gemm_256x64_16x4_nn_align4>(T1::Params)","1","7","(128, 1, 1)","(16, 1, 64)","0","8.0","Command line profiler metrics","dram__throughput.avg.pct_of_peak_sustained_elapsed","%","9.95"
"251","583630","python3.8","127.0.0.1","void cutlass::Kernel<cutlass_80_tensorop_s1688gemm_256x64_16x4_nn_align4>(T1::Params)","1","7","(128, 1, 1)","(16, 1, 64)","0","8.0","Command line profiler metrics","gpu__time_duration.sum","nsecond","248448"
"251","583630","python3.8","127.0.0.1","void cutlass::Kernel<cutlass_80_tensorop_s1688gemm_256x64_16x4_nn_align4>(T1::Params)","1","7","(128, 1, 1)","(16, 1, 64)","0","8.0","Command line profiler metrics","lts__t_sectors.avg.pct_of_peak_sustained_elapsed","%","25.77"
"252","583630","python3.8","127.0.0.1","void cudnn::bn_fw_inf_1C11_kernel_NCHW<float, float, (bool)1, (int)1>(T2, T2, cudnnTensorStruct, const T1 *, cudnnTensorStruct, T1 *, cudnnTensorStruct, const T2 *, const T2 *, const T2 *, const T2 *, T2)","1","7","(64, 1, 1)","(1024, 64, 1)","0","8.0","Command line profiler metrics","dram__throughput.avg.pct_of_peak_sustained_elapsed","%","32.53"
"252","583630","python3.8","127.0.0.1","void cudnn::bn_fw_inf_1C11_kernel_NCHW<float, float, (bool)1, (int)1>(T2, T2, cudnnTensorStruct, const T1 *, cudnnTensorStruct, T1 *, cudnnTensorStruct, const T2 *, const T2 *, const T2 *, const T2 *, T2)","1","7","(64, 1, 1)","(1024, 64, 1)","0","8.0","Command line profiler metrics","gpu__time_duration.sum","nsecond","144160"
"252","583630","python3.8","127.0.0.1","void cudnn::bn_fw_inf_1C11_kernel_NCHW<float, float, (bool)1, (int)1>(T2, T2, cudnnTensorStruct, const T1 *, cudnnTensorStruct, T1 *, cudnnTensorStruct, const T2 *, const T2 *, const T2 *, const T2 *, T2)","1","7","(64, 1, 1)","(1024, 64, 1)","0","8.0","Command line profiler metrics","lts__t_sectors.avg.pct_of_peak_sustained_elapsed","%","18.76"
"253","583630","python3.8","127.0.0.1","void at::native::vectorized_elementwise_kernel<(int)4, at::native::CUDAFunctor_add<float>, at::detail::Array<char *, (int)3>>(int, T2, T3)","1","7","(128, 1, 1)","(25088, 1, 1)","0","8.0","Command line profiler metrics","dram__throughput.avg.pct_of_peak_sustained_elapsed","%","85.85"
"253","583630","python3.8","127.0.0.1","void at::native::vectorized_elementwise_kernel<(int)4, at::native::CUDAFunctor_add<float>, at::detail::Array<char *, (int)3>>(int, T2, T3)","1","7","(128, 1, 1)","(25088, 1, 1)","0","8.0","Command line profiler metrics","gpu__time_duration.sum","nsecond","83840"
"253","583630","python3.8","127.0.0.1","void at::native::vectorized_elementwise_kernel<(int)4, at::native::CUDAFunctor_add<float>, at::detail::Array<char *, (int)3>>(int, T2, T3)","1","7","(128, 1, 1)","(25088, 1, 1)","0","8.0","Command line profiler metrics","lts__t_sectors.avg.pct_of_peak_sustained_elapsed","%","41.58"
"254","583630","python3.8","127.0.0.1","void at::native::vectorized_elementwise_kernel<(int)4, at::native::<unnamed>::launch_clamp_scalar(at::TensorIteratorBase &, c10::Scalar, c10::Scalar, at::native::detail::ClampLimits)::[lambda() (instance 1)]::operator ()() const::[lambda() (instance 14)]::operator ()() const::[lambda(float) (instance 1)], at::detail::Array<char *, (int)2>>(int, T2, T3)","1","7","(128, 1, 1)","(25088, 1, 1)","0","8.0","Command line profiler metrics","dram__throughput.avg.pct_of_peak_sustained_elapsed","%","70.96"
"254","583630","python3.8","127.0.0.1","void at::native::vectorized_elementwise_kernel<(int)4, at::native::<unnamed>::launch_clamp_scalar(at::TensorIteratorBase &, c10::Scalar, c10::Scalar, at::native::detail::ClampLimits)::[lambda() (instance 1)]::operator ()() const::[lambda() (instance 14)]::operator ()() const::[lambda(float) (instance 1)], at::detail::Array<char *, (int)2>>(int, T2, T3)","1","7","(128, 1, 1)","(25088, 1, 1)","0","8.0","Command line profiler metrics","gpu__time_duration.sum","nsecond","61408"
"254","583630","python3.8","127.0.0.1","void at::native::vectorized_elementwise_kernel<(int)4, at::native::<unnamed>::launch_clamp_scalar(at::TensorIteratorBase &, c10::Scalar, c10::Scalar, at::native::detail::ClampLimits)::[lambda() (instance 1)]::operator ()() const::[lambda() (instance 14)]::operator ()() const::[lambda(float) (instance 1)], at::detail::Array<char *, (int)2>>(int, T2, T3)","1","7","(128, 1, 1)","(25088, 1, 1)","0","8.0","Command line profiler metrics","lts__t_sectors.avg.pct_of_peak_sustained_elapsed","%","35.06"
"255","583630","python3.8","127.0.0.1","void cutlass::Kernel<cutlass_80_tensorop_s1688gemm_256x64_16x4_nn_align4>(T1::Params)","1","7","(128, 1, 1)","(4, 1, 64)","0","8.0","Command line profiler metrics","dram__throughput.avg.pct_of_peak_sustained_elapsed","%","14.37"
"255","583630","python3.8","127.0.0.1","void cutlass::Kernel<cutlass_80_tensorop_s1688gemm_256x64_16x4_nn_align4>(T1::Params)","1","7","(128, 1, 1)","(4, 1, 64)","0","8.0","Command line profiler metrics","gpu__time_duration.sum","nsecond","218528"
"255","583630","python3.8","127.0.0.1","void cutlass::Kernel<cutlass_80_tensorop_s1688gemm_256x64_16x4_nn_align4>(T1::Params)","1","7","(128, 1, 1)","(4, 1, 64)","0","8.0","Command line profiler metrics","lts__t_sectors.avg.pct_of_peak_sustained_elapsed","%","28.08"
"256","583630","python3.8","127.0.0.1","void cudnn::bn_fw_inf_1C11_kernel_NCHW<float, float, (bool)1, (int)1>(T2, T2, cudnnTensorStruct, const T1 *, cudnnTensorStruct, T1 *, cudnnTensorStruct, const T2 *, const T2 *, const T2 *, const T2 *, T2)","1","7","(64, 1, 1)","(256, 64, 1)","0","8.0","Command line profiler metrics","dram__throughput.avg.pct_of_peak_sustained_elapsed","%","20.21"
"256","583630","python3.8","127.0.0.1","void cudnn::bn_fw_inf_1C11_kernel_NCHW<float, float, (bool)1, (int)1>(T2, T2, cudnnTensorStruct, const T1 *, cudnnTensorStruct, T1 *, cudnnTensorStruct, const T2 *, const T2 *, const T2 *, const T2 *, T2)","1","7","(64, 1, 1)","(256, 64, 1)","0","8.0","Command line profiler metrics","gpu__time_duration.sum","nsecond","35744"
"256","583630","python3.8","127.0.0.1","void cudnn::bn_fw_inf_1C11_kernel_NCHW<float, float, (bool)1, (int)1>(T2, T2, cudnnTensorStruct, const T1 *, cudnnTensorStruct, T1 *, cudnnTensorStruct, const T2 *, const T2 *, const T2 *, const T2 *, T2)","1","7","(64, 1, 1)","(256, 64, 1)","0","8.0","Command line profiler metrics","lts__t_sectors.avg.pct_of_peak_sustained_elapsed","%","15.42"
"257","583630","python3.8","127.0.0.1","void at::native::vectorized_elementwise_kernel<(int)4, at::native::<unnamed>::launch_clamp_scalar(at::TensorIteratorBase &, c10::Scalar, c10::Scalar, at::native::detail::ClampLimits)::[lambda() (instance 1)]::operator ()() const::[lambda() (instance 14)]::operator ()() const::[lambda(float) (instance 1)], at::detail::Array<char *, (int)2>>(int, T2, T3)","1","7","(128, 1, 1)","(6272, 1, 1)","0","8.0","Command line profiler metrics","dram__throughput.avg.pct_of_peak_sustained_elapsed","%","38.20"
"257","583630","python3.8","127.0.0.1","void at::native::vectorized_elementwise_kernel<(int)4, at::native::<unnamed>::launch_clamp_scalar(at::TensorIteratorBase &, c10::Scalar, c10::Scalar, at::native::detail::ClampLimits)::[lambda() (instance 1)]::operator ()() const::[lambda() (instance 14)]::operator ()() const::[lambda(float) (instance 1)], at::detail::Array<char *, (int)2>>(int, T2, T3)","1","7","(128, 1, 1)","(6272, 1, 1)","0","8.0","Command line profiler metrics","gpu__time_duration.sum","nsecond","17440"
"257","583630","python3.8","127.0.0.1","void at::native::vectorized_elementwise_kernel<(int)4, at::native::<unnamed>::launch_clamp_scalar(at::TensorIteratorBase &, c10::Scalar, c10::Scalar, at::native::detail::ClampLimits)::[lambda() (instance 1)]::operator ()() const::[lambda() (instance 14)]::operator ()() const::[lambda(float) (instance 1)], at::detail::Array<char *, (int)2>>(int, T2, T3)","1","7","(128, 1, 1)","(6272, 1, 1)","0","8.0","Command line profiler metrics","lts__t_sectors.avg.pct_of_peak_sustained_elapsed","%","29.17"
"258","583630","python3.8","127.0.0.1","void cudnn::ops::nchwToNhwcKernel<float, float, float, (bool)0, (bool)1, (cudnnKernelDataType_t)2>(cudnn::ops::nchw2nhwc_params_t<T3>, const T1 *, T2 *)","1","7","(256, 1, 1)","(7, 8, 64)","0","8.0","Command line profiler metrics","dram__throughput.avg.pct_of_peak_sustained_elapsed","%","31.46"
"258","583630","python3.8","127.0.0.1","void cudnn::ops::nchwToNhwcKernel<float, float, float, (bool)0, (bool)1, (cudnnKernelDataType_t)2>(cudnn::ops::nchw2nhwc_params_t<T3>, const T1 *, T2 *)","1","7","(256, 1, 1)","(7, 8, 64)","0","8.0","Command line profiler metrics","gpu__time_duration.sum","nsecond","22816"
"258","583630","python3.8","127.0.0.1","void cudnn::ops::nchwToNhwcKernel<float, float, float, (bool)0, (bool)1, (cudnnKernelDataType_t)2>(cudnn::ops::nchw2nhwc_params_t<T3>, const T1 *, T2 *)","1","7","(256, 1, 1)","(7, 8, 64)","0","8.0","Command line profiler metrics","lts__t_sectors.avg.pct_of_peak_sustained_elapsed","%","26.16"
"259","583630","python3.8","127.0.0.1","void cudnn::ops::nchwToNhwcKernel<float, float, float, (bool)0, (bool)1, (cudnnKernelDataType_t)2>(cudnn::ops::nchw2nhwc_params_t<T3>, const T1 *, T2 *)","1","7","(256, 1, 1)","(1, 8, 256)","0","8.0","Command line profiler metrics","dram__throughput.avg.pct_of_peak_sustained_elapsed","%","7.99"
"259","583630","python3.8","127.0.0.1","void cudnn::ops::nchwToNhwcKernel<float, float, float, (bool)0, (bool)1, (cudnnKernelDataType_t)2>(cudnn::ops::nchw2nhwc_params_t<T3>, const T1 *, T2 *)","1","7","(256, 1, 1)","(1, 8, 256)","0","8.0","Command line profiler metrics","gpu__time_duration.sum","nsecond","15360"
"259","583630","python3.8","127.0.0.1","void cudnn::ops::nchwToNhwcKernel<float, float, float, (bool)0, (bool)1, (cudnnKernelDataType_t)2>(cudnn::ops::nchw2nhwc_params_t<T3>, const T1 *, T2 *)","1","7","(256, 1, 1)","(1, 8, 256)","0","8.0","Command line profiler metrics","lts__t_sectors.avg.pct_of_peak_sustained_elapsed","%","6.81"
"260","583630","python3.8","127.0.0.1","sm80_xmma_fprop_implicit_gemm_tf32f32_tf32f32_f32_nhwckrsc_nchw_tilesize256x128x32_stage3_warpsize4x2x1_g1_tensor16x8x8_execute_kernel_cudnn","1","7","(256, 1, 1)","(2, 49, 1)","0","8.0","Command line profiler metrics","dram__throughput.avg.pct_of_peak_sustained_elapsed","%","2.71"
"260","583630","python3.8","127.0.0.1","sm80_xmma_fprop_implicit_gemm_tf32f32_tf32f32_f32_nhwckrsc_nchw_tilesize256x128x32_stage3_warpsize4x2x1_g1_tensor16x8x8_execute_kernel_cudnn","1","7","(256, 1, 1)","(2, 49, 1)","0","8.0","Command line profiler metrics","gpu__time_duration.sum","nsecond","317312"
"260","583630","python3.8","127.0.0.1","sm80_xmma_fprop_implicit_gemm_tf32f32_tf32f32_f32_nhwckrsc_nchw_tilesize256x128x32_stage3_warpsize4x2x1_g1_tensor16x8x8_execute_kernel_cudnn","1","7","(256, 1, 1)","(2, 49, 1)","0","8.0","Command line profiler metrics","lts__t_sectors.avg.pct_of_peak_sustained_elapsed","%","14.59"
"261","583630","python3.8","127.0.0.1","void cudnn::bn_fw_inf_1C11_kernel_NCHW<float, float, (bool)1, (int)1>(T2, T2, cudnnTensorStruct, const T1 *, cudnnTensorStruct, T1 *, cudnnTensorStruct, const T2 *, const T2 *, const T2 *, const T2 *, T2)","1","7","(64, 1, 1)","(256, 64, 1)","0","8.0","Command line profiler metrics","dram__throughput.avg.pct_of_peak_sustained_elapsed","%","20.53"
"261","583630","python3.8","127.0.0.1","void cudnn::bn_fw_inf_1C11_kernel_NCHW<float, float, (bool)1, (int)1>(T2, T2, cudnnTensorStruct, const T1 *, cudnnTensorStruct, T1 *, cudnnTensorStruct, const T2 *, const T2 *, const T2 *, const T2 *, T2)","1","7","(64, 1, 1)","(256, 64, 1)","0","8.0","Command line profiler metrics","gpu__time_duration.sum","nsecond","35232"
"261","583630","python3.8","127.0.0.1","void cudnn::bn_fw_inf_1C11_kernel_NCHW<float, float, (bool)1, (int)1>(T2, T2, cudnnTensorStruct, const T1 *, cudnnTensorStruct, T1 *, cudnnTensorStruct, const T2 *, const T2 *, const T2 *, const T2 *, T2)","1","7","(64, 1, 1)","(256, 64, 1)","0","8.0","Command line profiler metrics","lts__t_sectors.avg.pct_of_peak_sustained_elapsed","%","15.95"
"262","583630","python3.8","127.0.0.1","void at::native::vectorized_elementwise_kernel<(int)4, at::native::<unnamed>::launch_clamp_scalar(at::TensorIteratorBase &, c10::Scalar, c10::Scalar, at::native::detail::ClampLimits)::[lambda() (instance 1)]::operator ()() const::[lambda() (instance 14)]::operator ()() const::[lambda(float) (instance 1)], at::detail::Array<char *, (int)2>>(int, T2, T3)","1","7","(128, 1, 1)","(6272, 1, 1)","0","8.0","Command line profiler metrics","dram__throughput.avg.pct_of_peak_sustained_elapsed","%","38.03"
"262","583630","python3.8","127.0.0.1","void at::native::vectorized_elementwise_kernel<(int)4, at::native::<unnamed>::launch_clamp_scalar(at::TensorIteratorBase &, c10::Scalar, c10::Scalar, at::native::detail::ClampLimits)::[lambda() (instance 1)]::operator ()() const::[lambda() (instance 14)]::operator ()() const::[lambda(float) (instance 1)], at::detail::Array<char *, (int)2>>(int, T2, T3)","1","7","(128, 1, 1)","(6272, 1, 1)","0","8.0","Command line profiler metrics","gpu__time_duration.sum","nsecond","17504"
"262","583630","python3.8","127.0.0.1","void at::native::vectorized_elementwise_kernel<(int)4, at::native::<unnamed>::launch_clamp_scalar(at::TensorIteratorBase &, c10::Scalar, c10::Scalar, at::native::detail::ClampLimits)::[lambda() (instance 1)]::operator ()() const::[lambda() (instance 14)]::operator ()() const::[lambda(float) (instance 1)], at::detail::Array<char *, (int)2>>(int, T2, T3)","1","7","(128, 1, 1)","(6272, 1, 1)","0","8.0","Command line profiler metrics","lts__t_sectors.avg.pct_of_peak_sustained_elapsed","%","29.39"
"263","583630","python3.8","127.0.0.1","void cutlass::Kernel<cutlass_80_tensorop_s1688gemm_256x64_16x4_nn_align4>(T1::Params)","1","7","(128, 1, 1)","(16, 1, 64)","0","8.0","Command line profiler metrics","dram__throughput.avg.pct_of_peak_sustained_elapsed","%","10.03"
"263","583630","python3.8","127.0.0.1","void cutlass::Kernel<cutlass_80_tensorop_s1688gemm_256x64_16x4_nn_align4>(T1::Params)","1","7","(128, 1, 1)","(16, 1, 64)","0","8.0","Command line profiler metrics","gpu__time_duration.sum","nsecond","246784"
"263","583630","python3.8","127.0.0.1","void cutlass::Kernel<cutlass_80_tensorop_s1688gemm_256x64_16x4_nn_align4>(T1::Params)","1","7","(128, 1, 1)","(16, 1, 64)","0","8.0","Command line profiler metrics","lts__t_sectors.avg.pct_of_peak_sustained_elapsed","%","25.96"
"264","583630","python3.8","127.0.0.1","void cudnn::bn_fw_inf_1C11_kernel_NCHW<float, float, (bool)1, (int)1>(T2, T2, cudnnTensorStruct, const T1 *, cudnnTensorStruct, T1 *, cudnnTensorStruct, const T2 *, const T2 *, const T2 *, const T2 *, T2)","1","7","(64, 1, 1)","(1024, 64, 1)","0","8.0","Command line profiler metrics","dram__throughput.avg.pct_of_peak_sustained_elapsed","%","32.58"
"264","583630","python3.8","127.0.0.1","void cudnn::bn_fw_inf_1C11_kernel_NCHW<float, float, (bool)1, (int)1>(T2, T2, cudnnTensorStruct, const T1 *, cudnnTensorStruct, T1 *, cudnnTensorStruct, const T2 *, const T2 *, const T2 *, const T2 *, T2)","1","7","(64, 1, 1)","(1024, 64, 1)","0","8.0","Command line profiler metrics","gpu__time_duration.sum","nsecond","143456"
"264","583630","python3.8","127.0.0.1","void cudnn::bn_fw_inf_1C11_kernel_NCHW<float, float, (bool)1, (int)1>(T2, T2, cudnnTensorStruct, const T1 *, cudnnTensorStruct, T1 *, cudnnTensorStruct, const T2 *, const T2 *, const T2 *, const T2 *, T2)","1","7","(64, 1, 1)","(1024, 64, 1)","0","8.0","Command line profiler metrics","lts__t_sectors.avg.pct_of_peak_sustained_elapsed","%","18.85"
"265","583630","python3.8","127.0.0.1","void at::native::vectorized_elementwise_kernel<(int)4, at::native::CUDAFunctor_add<float>, at::detail::Array<char *, (int)3>>(int, T2, T3)","1","7","(128, 1, 1)","(25088, 1, 1)","0","8.0","Command line profiler metrics","dram__throughput.avg.pct_of_peak_sustained_elapsed","%","85.55"
"265","583630","python3.8","127.0.0.1","void at::native::vectorized_elementwise_kernel<(int)4, at::native::CUDAFunctor_add<float>, at::detail::Array<char *, (int)3>>(int, T2, T3)","1","7","(128, 1, 1)","(25088, 1, 1)","0","8.0","Command line profiler metrics","gpu__time_duration.sum","nsecond","84064"
"265","583630","python3.8","127.0.0.1","void at::native::vectorized_elementwise_kernel<(int)4, at::native::CUDAFunctor_add<float>, at::detail::Array<char *, (int)3>>(int, T2, T3)","1","7","(128, 1, 1)","(25088, 1, 1)","0","8.0","Command line profiler metrics","lts__t_sectors.avg.pct_of_peak_sustained_elapsed","%","41.73"
"266","583630","python3.8","127.0.0.1","void at::native::vectorized_elementwise_kernel<(int)4, at::native::<unnamed>::launch_clamp_scalar(at::TensorIteratorBase &, c10::Scalar, c10::Scalar, at::native::detail::ClampLimits)::[lambda() (instance 1)]::operator ()() const::[lambda() (instance 14)]::operator ()() const::[lambda(float) (instance 1)], at::detail::Array<char *, (int)2>>(int, T2, T3)","1","7","(128, 1, 1)","(25088, 1, 1)","0","8.0","Command line profiler metrics","dram__throughput.avg.pct_of_peak_sustained_elapsed","%","70.63"
"266","583630","python3.8","127.0.0.1","void at::native::vectorized_elementwise_kernel<(int)4, at::native::<unnamed>::launch_clamp_scalar(at::TensorIteratorBase &, c10::Scalar, c10::Scalar, at::native::detail::ClampLimits)::[lambda() (instance 1)]::operator ()() const::[lambda() (instance 14)]::operator ()() const::[lambda(float) (instance 1)], at::detail::Array<char *, (int)2>>(int, T2, T3)","1","7","(128, 1, 1)","(25088, 1, 1)","0","8.0","Command line profiler metrics","gpu__time_duration.sum","nsecond","61696"
"266","583630","python3.8","127.0.0.1","void at::native::vectorized_elementwise_kernel<(int)4, at::native::<unnamed>::launch_clamp_scalar(at::TensorIteratorBase &, c10::Scalar, c10::Scalar, at::native::detail::ClampLimits)::[lambda() (instance 1)]::operator ()() const::[lambda() (instance 14)]::operator ()() const::[lambda(float) (instance 1)], at::detail::Array<char *, (int)2>>(int, T2, T3)","1","7","(128, 1, 1)","(25088, 1, 1)","0","8.0","Command line profiler metrics","lts__t_sectors.avg.pct_of_peak_sustained_elapsed","%","34.81"
"267","583630","python3.8","127.0.0.1","void cutlass::Kernel<cutlass_80_tensorop_s1688gemm_256x64_16x4_nn_align4>(T1::Params)","1","7","(128, 1, 1)","(4, 1, 64)","0","8.0","Command line profiler metrics","dram__throughput.avg.pct_of_peak_sustained_elapsed","%","14.28"
"267","583630","python3.8","127.0.0.1","void cutlass::Kernel<cutlass_80_tensorop_s1688gemm_256x64_16x4_nn_align4>(T1::Params)","1","7","(128, 1, 1)","(4, 1, 64)","0","8.0","Command line profiler metrics","gpu__time_duration.sum","nsecond","218528"
"267","583630","python3.8","127.0.0.1","void cutlass::Kernel<cutlass_80_tensorop_s1688gemm_256x64_16x4_nn_align4>(T1::Params)","1","7","(128, 1, 1)","(4, 1, 64)","0","8.0","Command line profiler metrics","lts__t_sectors.avg.pct_of_peak_sustained_elapsed","%","28.05"
"268","583630","python3.8","127.0.0.1","void cudnn::bn_fw_inf_1C11_kernel_NCHW<float, float, (bool)1, (int)1>(T2, T2, cudnnTensorStruct, const T1 *, cudnnTensorStruct, T1 *, cudnnTensorStruct, const T2 *, const T2 *, const T2 *, const T2 *, T2)","1","7","(64, 1, 1)","(256, 64, 1)","0","8.0","Command line profiler metrics","dram__throughput.avg.pct_of_peak_sustained_elapsed","%","20.63"
"268","583630","python3.8","127.0.0.1","void cudnn::bn_fw_inf_1C11_kernel_NCHW<float, float, (bool)1, (int)1>(T2, T2, cudnnTensorStruct, const T1 *, cudnnTensorStruct, T1 *, cudnnTensorStruct, const T2 *, const T2 *, const T2 *, const T2 *, T2)","1","7","(64, 1, 1)","(256, 64, 1)","0","8.0","Command line profiler metrics","gpu__time_duration.sum","nsecond","35296"
"268","583630","python3.8","127.0.0.1","void cudnn::bn_fw_inf_1C11_kernel_NCHW<float, float, (bool)1, (int)1>(T2, T2, cudnnTensorStruct, const T1 *, cudnnTensorStruct, T1 *, cudnnTensorStruct, const T2 *, const T2 *, const T2 *, const T2 *, T2)","1","7","(64, 1, 1)","(256, 64, 1)","0","8.0","Command line profiler metrics","lts__t_sectors.avg.pct_of_peak_sustained_elapsed","%","15.55"
"269","583630","python3.8","127.0.0.1","void at::native::vectorized_elementwise_kernel<(int)4, at::native::<unnamed>::launch_clamp_scalar(at::TensorIteratorBase &, c10::Scalar, c10::Scalar, at::native::detail::ClampLimits)::[lambda() (instance 1)]::operator ()() const::[lambda() (instance 14)]::operator ()() const::[lambda(float) (instance 1)], at::detail::Array<char *, (int)2>>(int, T2, T3)","1","7","(128, 1, 1)","(6272, 1, 1)","0","8.0","Command line profiler metrics","dram__throughput.avg.pct_of_peak_sustained_elapsed","%","38.34"
"269","583630","python3.8","127.0.0.1","void at::native::vectorized_elementwise_kernel<(int)4, at::native::<unnamed>::launch_clamp_scalar(at::TensorIteratorBase &, c10::Scalar, c10::Scalar, at::native::detail::ClampLimits)::[lambda() (instance 1)]::operator ()() const::[lambda() (instance 14)]::operator ()() const::[lambda(float) (instance 1)], at::detail::Array<char *, (int)2>>(int, T2, T3)","1","7","(128, 1, 1)","(6272, 1, 1)","0","8.0","Command line profiler metrics","gpu__time_duration.sum","nsecond","17376"
"269","583630","python3.8","127.0.0.1","void at::native::vectorized_elementwise_kernel<(int)4, at::native::<unnamed>::launch_clamp_scalar(at::TensorIteratorBase &, c10::Scalar, c10::Scalar, at::native::detail::ClampLimits)::[lambda() (instance 1)]::operator ()() const::[lambda() (instance 14)]::operator ()() const::[lambda(float) (instance 1)], at::detail::Array<char *, (int)2>>(int, T2, T3)","1","7","(128, 1, 1)","(6272, 1, 1)","0","8.0","Command line profiler metrics","lts__t_sectors.avg.pct_of_peak_sustained_elapsed","%","29.46"
"270","583630","python3.8","127.0.0.1","void cudnn::ops::nchwToNhwcKernel<float, float, float, (bool)0, (bool)1, (cudnnKernelDataType_t)2>(cudnn::ops::nchw2nhwc_params_t<T3>, const T1 *, T2 *)","1","7","(256, 1, 1)","(7, 8, 64)","0","8.0","Command line profiler metrics","dram__throughput.avg.pct_of_peak_sustained_elapsed","%","31.14"
"270","583630","python3.8","127.0.0.1","void cudnn::ops::nchwToNhwcKernel<float, float, float, (bool)0, (bool)1, (cudnnKernelDataType_t)2>(cudnn::ops::nchw2nhwc_params_t<T3>, const T1 *, T2 *)","1","7","(256, 1, 1)","(7, 8, 64)","0","8.0","Command line profiler metrics","gpu__time_duration.sum","nsecond","22944"
"270","583630","python3.8","127.0.0.1","void cudnn::ops::nchwToNhwcKernel<float, float, float, (bool)0, (bool)1, (cudnnKernelDataType_t)2>(cudnn::ops::nchw2nhwc_params_t<T3>, const T1 *, T2 *)","1","7","(256, 1, 1)","(7, 8, 64)","0","8.0","Command line profiler metrics","lts__t_sectors.avg.pct_of_peak_sustained_elapsed","%","26.00"
"271","583630","python3.8","127.0.0.1","void cudnn::ops::nchwToNhwcKernel<float, float, float, (bool)0, (bool)1, (cudnnKernelDataType_t)2>(cudnn::ops::nchw2nhwc_params_t<T3>, const T1 *, T2 *)","1","7","(256, 1, 1)","(1, 8, 256)","0","8.0","Command line profiler metrics","dram__throughput.avg.pct_of_peak_sustained_elapsed","%","8.01"
"271","583630","python3.8","127.0.0.1","void cudnn::ops::nchwToNhwcKernel<float, float, float, (bool)0, (bool)1, (cudnnKernelDataType_t)2>(cudnn::ops::nchw2nhwc_params_t<T3>, const T1 *, T2 *)","1","7","(256, 1, 1)","(1, 8, 256)","0","8.0","Command line profiler metrics","gpu__time_duration.sum","nsecond","15360"
"271","583630","python3.8","127.0.0.1","void cudnn::ops::nchwToNhwcKernel<float, float, float, (bool)0, (bool)1, (cudnnKernelDataType_t)2>(cudnn::ops::nchw2nhwc_params_t<T3>, const T1 *, T2 *)","1","7","(256, 1, 1)","(1, 8, 256)","0","8.0","Command line profiler metrics","lts__t_sectors.avg.pct_of_peak_sustained_elapsed","%","6.73"
"272","583630","python3.8","127.0.0.1","sm80_xmma_fprop_implicit_gemm_tf32f32_tf32f32_f32_nhwckrsc_nchw_tilesize256x128x32_stage3_warpsize4x2x1_g1_tensor16x8x8_execute_kernel_cudnn","1","7","(256, 1, 1)","(2, 49, 1)","0","8.0","Command line profiler metrics","dram__throughput.avg.pct_of_peak_sustained_elapsed","%","2.71"
"272","583630","python3.8","127.0.0.1","sm80_xmma_fprop_implicit_gemm_tf32f32_tf32f32_f32_nhwckrsc_nchw_tilesize256x128x32_stage3_warpsize4x2x1_g1_tensor16x8x8_execute_kernel_cudnn","1","7","(256, 1, 1)","(2, 49, 1)","0","8.0","Command line profiler metrics","gpu__time_duration.sum","nsecond","317472"
"272","583630","python3.8","127.0.0.1","sm80_xmma_fprop_implicit_gemm_tf32f32_tf32f32_f32_nhwckrsc_nchw_tilesize256x128x32_stage3_warpsize4x2x1_g1_tensor16x8x8_execute_kernel_cudnn","1","7","(256, 1, 1)","(2, 49, 1)","0","8.0","Command line profiler metrics","lts__t_sectors.avg.pct_of_peak_sustained_elapsed","%","14.56"
"273","583630","python3.8","127.0.0.1","void cudnn::bn_fw_inf_1C11_kernel_NCHW<float, float, (bool)1, (int)1>(T2, T2, cudnnTensorStruct, const T1 *, cudnnTensorStruct, T1 *, cudnnTensorStruct, const T2 *, const T2 *, const T2 *, const T2 *, T2)","1","7","(64, 1, 1)","(256, 64, 1)","0","8.0","Command line profiler metrics","dram__throughput.avg.pct_of_peak_sustained_elapsed","%","20.47"
"273","583630","python3.8","127.0.0.1","void cudnn::bn_fw_inf_1C11_kernel_NCHW<float, float, (bool)1, (int)1>(T2, T2, cudnnTensorStruct, const T1 *, cudnnTensorStruct, T1 *, cudnnTensorStruct, const T2 *, const T2 *, const T2 *, const T2 *, T2)","1","7","(64, 1, 1)","(256, 64, 1)","0","8.0","Command line profiler metrics","gpu__time_duration.sum","nsecond","35488"
"273","583630","python3.8","127.0.0.1","void cudnn::bn_fw_inf_1C11_kernel_NCHW<float, float, (bool)1, (int)1>(T2, T2, cudnnTensorStruct, const T1 *, cudnnTensorStruct, T1 *, cudnnTensorStruct, const T2 *, const T2 *, const T2 *, const T2 *, T2)","1","7","(64, 1, 1)","(256, 64, 1)","0","8.0","Command line profiler metrics","lts__t_sectors.avg.pct_of_peak_sustained_elapsed","%","15.90"
"274","583630","python3.8","127.0.0.1","void at::native::vectorized_elementwise_kernel<(int)4, at::native::<unnamed>::launch_clamp_scalar(at::TensorIteratorBase &, c10::Scalar, c10::Scalar, at::native::detail::ClampLimits)::[lambda() (instance 1)]::operator ()() const::[lambda() (instance 14)]::operator ()() const::[lambda(float) (instance 1)], at::detail::Array<char *, (int)2>>(int, T2, T3)","1","7","(128, 1, 1)","(6272, 1, 1)","0","8.0","Command line profiler metrics","dram__throughput.avg.pct_of_peak_sustained_elapsed","%","37.87"
"274","583630","python3.8","127.0.0.1","void at::native::vectorized_elementwise_kernel<(int)4, at::native::<unnamed>::launch_clamp_scalar(at::TensorIteratorBase &, c10::Scalar, c10::Scalar, at::native::detail::ClampLimits)::[lambda() (instance 1)]::operator ()() const::[lambda() (instance 14)]::operator ()() const::[lambda(float) (instance 1)], at::detail::Array<char *, (int)2>>(int, T2, T3)","1","7","(128, 1, 1)","(6272, 1, 1)","0","8.0","Command line profiler metrics","gpu__time_duration.sum","nsecond","17632"
"274","583630","python3.8","127.0.0.1","void at::native::vectorized_elementwise_kernel<(int)4, at::native::<unnamed>::launch_clamp_scalar(at::TensorIteratorBase &, c10::Scalar, c10::Scalar, at::native::detail::ClampLimits)::[lambda() (instance 1)]::operator ()() const::[lambda() (instance 14)]::operator ()() const::[lambda(float) (instance 1)], at::detail::Array<char *, (int)2>>(int, T2, T3)","1","7","(128, 1, 1)","(6272, 1, 1)","0","8.0","Command line profiler metrics","lts__t_sectors.avg.pct_of_peak_sustained_elapsed","%","29.11"
"275","583630","python3.8","127.0.0.1","void cutlass::Kernel<cutlass_80_tensorop_s1688gemm_256x64_16x4_nn_align4>(T1::Params)","1","7","(128, 1, 1)","(16, 1, 64)","0","8.0","Command line profiler metrics","dram__throughput.avg.pct_of_peak_sustained_elapsed","%","9.89"
"275","583630","python3.8","127.0.0.1","void cutlass::Kernel<cutlass_80_tensorop_s1688gemm_256x64_16x4_nn_align4>(T1::Params)","1","7","(128, 1, 1)","(16, 1, 64)","0","8.0","Command line profiler metrics","gpu__time_duration.sum","nsecond","249088"
"275","583630","python3.8","127.0.0.1","void cutlass::Kernel<cutlass_80_tensorop_s1688gemm_256x64_16x4_nn_align4>(T1::Params)","1","7","(128, 1, 1)","(16, 1, 64)","0","8.0","Command line profiler metrics","lts__t_sectors.avg.pct_of_peak_sustained_elapsed","%","25.71"
"276","583630","python3.8","127.0.0.1","void cudnn::bn_fw_inf_1C11_kernel_NCHW<float, float, (bool)1, (int)1>(T2, T2, cudnnTensorStruct, const T1 *, cudnnTensorStruct, T1 *, cudnnTensorStruct, const T2 *, const T2 *, const T2 *, const T2 *, T2)","1","7","(64, 1, 1)","(1024, 64, 1)","0","8.0","Command line profiler metrics","dram__throughput.avg.pct_of_peak_sustained_elapsed","%","32.53"
"276","583630","python3.8","127.0.0.1","void cudnn::bn_fw_inf_1C11_kernel_NCHW<float, float, (bool)1, (int)1>(T2, T2, cudnnTensorStruct, const T1 *, cudnnTensorStruct, T1 *, cudnnTensorStruct, const T2 *, const T2 *, const T2 *, const T2 *, T2)","1","7","(64, 1, 1)","(1024, 64, 1)","0","8.0","Command line profiler metrics","gpu__time_duration.sum","nsecond","143808"
"276","583630","python3.8","127.0.0.1","void cudnn::bn_fw_inf_1C11_kernel_NCHW<float, float, (bool)1, (int)1>(T2, T2, cudnnTensorStruct, const T1 *, cudnnTensorStruct, T1 *, cudnnTensorStruct, const T2 *, const T2 *, const T2 *, const T2 *, T2)","1","7","(64, 1, 1)","(1024, 64, 1)","0","8.0","Command line profiler metrics","lts__t_sectors.avg.pct_of_peak_sustained_elapsed","%","18.86"
"277","583630","python3.8","127.0.0.1","void at::native::vectorized_elementwise_kernel<(int)4, at::native::CUDAFunctor_add<float>, at::detail::Array<char *, (int)3>>(int, T2, T3)","1","7","(128, 1, 1)","(25088, 1, 1)","0","8.0","Command line profiler metrics","dram__throughput.avg.pct_of_peak_sustained_elapsed","%","85.92"
"277","583630","python3.8","127.0.0.1","void at::native::vectorized_elementwise_kernel<(int)4, at::native::CUDAFunctor_add<float>, at::detail::Array<char *, (int)3>>(int, T2, T3)","1","7","(128, 1, 1)","(25088, 1, 1)","0","8.0","Command line profiler metrics","gpu__time_duration.sum","nsecond","83712"
"277","583630","python3.8","127.0.0.1","void at::native::vectorized_elementwise_kernel<(int)4, at::native::CUDAFunctor_add<float>, at::detail::Array<char *, (int)3>>(int, T2, T3)","1","7","(128, 1, 1)","(25088, 1, 1)","0","8.0","Command line profiler metrics","lts__t_sectors.avg.pct_of_peak_sustained_elapsed","%","41.84"
"278","583630","python3.8","127.0.0.1","void at::native::vectorized_elementwise_kernel<(int)4, at::native::<unnamed>::launch_clamp_scalar(at::TensorIteratorBase &, c10::Scalar, c10::Scalar, at::native::detail::ClampLimits)::[lambda() (instance 1)]::operator ()() const::[lambda() (instance 14)]::operator ()() const::[lambda(float) (instance 1)], at::detail::Array<char *, (int)2>>(int, T2, T3)","1","7","(128, 1, 1)","(25088, 1, 1)","0","8.0","Command line profiler metrics","dram__throughput.avg.pct_of_peak_sustained_elapsed","%","70.86"
"278","583630","python3.8","127.0.0.1","void at::native::vectorized_elementwise_kernel<(int)4, at::native::<unnamed>::launch_clamp_scalar(at::TensorIteratorBase &, c10::Scalar, c10::Scalar, at::native::detail::ClampLimits)::[lambda() (instance 1)]::operator ()() const::[lambda() (instance 14)]::operator ()() const::[lambda(float) (instance 1)], at::detail::Array<char *, (int)2>>(int, T2, T3)","1","7","(128, 1, 1)","(25088, 1, 1)","0","8.0","Command line profiler metrics","gpu__time_duration.sum","nsecond","61504"
"278","583630","python3.8","127.0.0.1","void at::native::vectorized_elementwise_kernel<(int)4, at::native::<unnamed>::launch_clamp_scalar(at::TensorIteratorBase &, c10::Scalar, c10::Scalar, at::native::detail::ClampLimits)::[lambda() (instance 1)]::operator ()() const::[lambda() (instance 14)]::operator ()() const::[lambda(float) (instance 1)], at::detail::Array<char *, (int)2>>(int, T2, T3)","1","7","(128, 1, 1)","(25088, 1, 1)","0","8.0","Command line profiler metrics","lts__t_sectors.avg.pct_of_peak_sustained_elapsed","%","34.95"
"279","583630","python3.8","127.0.0.1","void cutlass::Kernel<cutlass_80_tensorop_s1688gemm_256x64_16x4_nn_align4>(T1::Params)","1","7","(128, 1, 1)","(4, 1, 64)","0","8.0","Command line profiler metrics","dram__throughput.avg.pct_of_peak_sustained_elapsed","%","14.33"
"279","583630","python3.8","127.0.0.1","void cutlass::Kernel<cutlass_80_tensorop_s1688gemm_256x64_16x4_nn_align4>(T1::Params)","1","7","(128, 1, 1)","(4, 1, 64)","0","8.0","Command line profiler metrics","gpu__time_duration.sum","nsecond","217760"
"279","583630","python3.8","127.0.0.1","void cutlass::Kernel<cutlass_80_tensorop_s1688gemm_256x64_16x4_nn_align4>(T1::Params)","1","7","(128, 1, 1)","(4, 1, 64)","0","8.0","Command line profiler metrics","lts__t_sectors.avg.pct_of_peak_sustained_elapsed","%","28.06"
"280","583630","python3.8","127.0.0.1","void cudnn::bn_fw_inf_1C11_kernel_NCHW<float, float, (bool)1, (int)1>(T2, T2, cudnnTensorStruct, const T1 *, cudnnTensorStruct, T1 *, cudnnTensorStruct, const T2 *, const T2 *, const T2 *, const T2 *, T2)","1","7","(64, 1, 1)","(256, 64, 1)","0","8.0","Command line profiler metrics","dram__throughput.avg.pct_of_peak_sustained_elapsed","%","20.25"
"280","583630","python3.8","127.0.0.1","void cudnn::bn_fw_inf_1C11_kernel_NCHW<float, float, (bool)1, (int)1>(T2, T2, cudnnTensorStruct, const T1 *, cudnnTensorStruct, T1 *, cudnnTensorStruct, const T2 *, const T2 *, const T2 *, const T2 *, T2)","1","7","(64, 1, 1)","(256, 64, 1)","0","8.0","Command line profiler metrics","gpu__time_duration.sum","nsecond","35552"
"280","583630","python3.8","127.0.0.1","void cudnn::bn_fw_inf_1C11_kernel_NCHW<float, float, (bool)1, (int)1>(T2, T2, cudnnTensorStruct, const T1 *, cudnnTensorStruct, T1 *, cudnnTensorStruct, const T2 *, const T2 *, const T2 *, const T2 *, T2)","1","7","(64, 1, 1)","(256, 64, 1)","0","8.0","Command line profiler metrics","lts__t_sectors.avg.pct_of_peak_sustained_elapsed","%","15.40"
"281","583630","python3.8","127.0.0.1","void at::native::vectorized_elementwise_kernel<(int)4, at::native::<unnamed>::launch_clamp_scalar(at::TensorIteratorBase &, c10::Scalar, c10::Scalar, at::native::detail::ClampLimits)::[lambda() (instance 1)]::operator ()() const::[lambda() (instance 14)]::operator ()() const::[lambda(float) (instance 1)], at::detail::Array<char *, (int)2>>(int, T2, T3)","1","7","(128, 1, 1)","(6272, 1, 1)","0","8.0","Command line profiler metrics","dram__throughput.avg.pct_of_peak_sustained_elapsed","%","38.11"
"281","583630","python3.8","127.0.0.1","void at::native::vectorized_elementwise_kernel<(int)4, at::native::<unnamed>::launch_clamp_scalar(at::TensorIteratorBase &, c10::Scalar, c10::Scalar, at::native::detail::ClampLimits)::[lambda() (instance 1)]::operator ()() const::[lambda() (instance 14)]::operator ()() const::[lambda(float) (instance 1)], at::detail::Array<char *, (int)2>>(int, T2, T3)","1","7","(128, 1, 1)","(6272, 1, 1)","0","8.0","Command line profiler metrics","gpu__time_duration.sum","nsecond","17472"
"281","583630","python3.8","127.0.0.1","void at::native::vectorized_elementwise_kernel<(int)4, at::native::<unnamed>::launch_clamp_scalar(at::TensorIteratorBase &, c10::Scalar, c10::Scalar, at::native::detail::ClampLimits)::[lambda() (instance 1)]::operator ()() const::[lambda() (instance 14)]::operator ()() const::[lambda(float) (instance 1)], at::detail::Array<char *, (int)2>>(int, T2, T3)","1","7","(128, 1, 1)","(6272, 1, 1)","0","8.0","Command line profiler metrics","lts__t_sectors.avg.pct_of_peak_sustained_elapsed","%","29.13"
"282","583630","python3.8","127.0.0.1","void cudnn::ops::nchwToNhwcKernel<float, float, float, (bool)0, (bool)1, (cudnnKernelDataType_t)2>(cudnn::ops::nchw2nhwc_params_t<T3>, const T1 *, T2 *)","1","7","(256, 1, 1)","(7, 8, 64)","0","8.0","Command line profiler metrics","dram__throughput.avg.pct_of_peak_sustained_elapsed","%","31.93"
"282","583630","python3.8","127.0.0.1","void cudnn::ops::nchwToNhwcKernel<float, float, float, (bool)0, (bool)1, (cudnnKernelDataType_t)2>(cudnn::ops::nchw2nhwc_params_t<T3>, const T1 *, T2 *)","1","7","(256, 1, 1)","(7, 8, 64)","0","8.0","Command line profiler metrics","gpu__time_duration.sum","nsecond","22688"
"282","583630","python3.8","127.0.0.1","void cudnn::ops::nchwToNhwcKernel<float, float, float, (bool)0, (bool)1, (cudnnKernelDataType_t)2>(cudnn::ops::nchw2nhwc_params_t<T3>, const T1 *, T2 *)","1","7","(256, 1, 1)","(7, 8, 64)","0","8.0","Command line profiler metrics","lts__t_sectors.avg.pct_of_peak_sustained_elapsed","%","26.30"
"283","583630","python3.8","127.0.0.1","void cudnn::ops::nchwToNhwcKernel<float, float, float, (bool)0, (bool)1, (cudnnKernelDataType_t)2>(cudnn::ops::nchw2nhwc_params_t<T3>, const T1 *, T2 *)","1","7","(256, 1, 1)","(1, 8, 256)","0","8.0","Command line profiler metrics","dram__throughput.avg.pct_of_peak_sustained_elapsed","%","8.03"
"283","583630","python3.8","127.0.0.1","void cudnn::ops::nchwToNhwcKernel<float, float, float, (bool)0, (bool)1, (cudnnKernelDataType_t)2>(cudnn::ops::nchw2nhwc_params_t<T3>, const T1 *, T2 *)","1","7","(256, 1, 1)","(1, 8, 256)","0","8.0","Command line profiler metrics","gpu__time_duration.sum","nsecond","15296"
"283","583630","python3.8","127.0.0.1","void cudnn::ops::nchwToNhwcKernel<float, float, float, (bool)0, (bool)1, (cudnnKernelDataType_t)2>(cudnn::ops::nchw2nhwc_params_t<T3>, const T1 *, T2 *)","1","7","(256, 1, 1)","(1, 8, 256)","0","8.0","Command line profiler metrics","lts__t_sectors.avg.pct_of_peak_sustained_elapsed","%","6.84"
"284","583630","python3.8","127.0.0.1","sm80_xmma_fprop_implicit_gemm_tf32f32_tf32f32_f32_nhwckrsc_nchw_tilesize256x128x32_stage3_warpsize4x2x1_g1_tensor16x8x8_execute_kernel_cudnn","1","7","(256, 1, 1)","(2, 49, 1)","0","8.0","Command line profiler metrics","dram__throughput.avg.pct_of_peak_sustained_elapsed","%","2.72"
"284","583630","python3.8","127.0.0.1","sm80_xmma_fprop_implicit_gemm_tf32f32_tf32f32_f32_nhwckrsc_nchw_tilesize256x128x32_stage3_warpsize4x2x1_g1_tensor16x8x8_execute_kernel_cudnn","1","7","(256, 1, 1)","(2, 49, 1)","0","8.0","Command line profiler metrics","gpu__time_duration.sum","nsecond","317504"
"284","583630","python3.8","127.0.0.1","sm80_xmma_fprop_implicit_gemm_tf32f32_tf32f32_f32_nhwckrsc_nchw_tilesize256x128x32_stage3_warpsize4x2x1_g1_tensor16x8x8_execute_kernel_cudnn","1","7","(256, 1, 1)","(2, 49, 1)","0","8.0","Command line profiler metrics","lts__t_sectors.avg.pct_of_peak_sustained_elapsed","%","14.60"
"285","583630","python3.8","127.0.0.1","void cudnn::bn_fw_inf_1C11_kernel_NCHW<float, float, (bool)1, (int)1>(T2, T2, cudnnTensorStruct, const T1 *, cudnnTensorStruct, T1 *, cudnnTensorStruct, const T2 *, const T2 *, const T2 *, const T2 *, T2)","1","7","(64, 1, 1)","(256, 64, 1)","0","8.0","Command line profiler metrics","dram__throughput.avg.pct_of_peak_sustained_elapsed","%","20.36"
"285","583630","python3.8","127.0.0.1","void cudnn::bn_fw_inf_1C11_kernel_NCHW<float, float, (bool)1, (int)1>(T2, T2, cudnnTensorStruct, const T1 *, cudnnTensorStruct, T1 *, cudnnTensorStruct, const T2 *, const T2 *, const T2 *, const T2 *, T2)","1","7","(64, 1, 1)","(256, 64, 1)","0","8.0","Command line profiler metrics","gpu__time_duration.sum","nsecond","35808"
"285","583630","python3.8","127.0.0.1","void cudnn::bn_fw_inf_1C11_kernel_NCHW<float, float, (bool)1, (int)1>(T2, T2, cudnnTensorStruct, const T1 *, cudnnTensorStruct, T1 *, cudnnTensorStruct, const T2 *, const T2 *, const T2 *, const T2 *, T2)","1","7","(64, 1, 1)","(256, 64, 1)","0","8.0","Command line profiler metrics","lts__t_sectors.avg.pct_of_peak_sustained_elapsed","%","15.80"
"286","583630","python3.8","127.0.0.1","void at::native::vectorized_elementwise_kernel<(int)4, at::native::<unnamed>::launch_clamp_scalar(at::TensorIteratorBase &, c10::Scalar, c10::Scalar, at::native::detail::ClampLimits)::[lambda() (instance 1)]::operator ()() const::[lambda() (instance 14)]::operator ()() const::[lambda(float) (instance 1)], at::detail::Array<char *, (int)2>>(int, T2, T3)","1","7","(128, 1, 1)","(6272, 1, 1)","0","8.0","Command line profiler metrics","dram__throughput.avg.pct_of_peak_sustained_elapsed","%","38.57"
"286","583630","python3.8","127.0.0.1","void at::native::vectorized_elementwise_kernel<(int)4, at::native::<unnamed>::launch_clamp_scalar(at::TensorIteratorBase &, c10::Scalar, c10::Scalar, at::native::detail::ClampLimits)::[lambda() (instance 1)]::operator ()() const::[lambda() (instance 14)]::operator ()() const::[lambda(float) (instance 1)], at::detail::Array<char *, (int)2>>(int, T2, T3)","1","7","(128, 1, 1)","(6272, 1, 1)","0","8.0","Command line profiler metrics","gpu__time_duration.sum","nsecond","17280"
"286","583630","python3.8","127.0.0.1","void at::native::vectorized_elementwise_kernel<(int)4, at::native::<unnamed>::launch_clamp_scalar(at::TensorIteratorBase &, c10::Scalar, c10::Scalar, at::native::detail::ClampLimits)::[lambda() (instance 1)]::operator ()() const::[lambda() (instance 14)]::operator ()() const::[lambda(float) (instance 1)], at::detail::Array<char *, (int)2>>(int, T2, T3)","1","7","(128, 1, 1)","(6272, 1, 1)","0","8.0","Command line profiler metrics","lts__t_sectors.avg.pct_of_peak_sustained_elapsed","%","29.44"
"287","583630","python3.8","127.0.0.1","void cutlass::Kernel<cutlass_80_tensorop_s1688gemm_256x64_16x4_nn_align4>(T1::Params)","1","7","(128, 1, 1)","(16, 1, 64)","0","8.0","Command line profiler metrics","dram__throughput.avg.pct_of_peak_sustained_elapsed","%","9.99"
"287","583630","python3.8","127.0.0.1","void cutlass::Kernel<cutlass_80_tensorop_s1688gemm_256x64_16x4_nn_align4>(T1::Params)","1","7","(128, 1, 1)","(16, 1, 64)","0","8.0","Command line profiler metrics","gpu__time_duration.sum","nsecond","247200"
"287","583630","python3.8","127.0.0.1","void cutlass::Kernel<cutlass_80_tensorop_s1688gemm_256x64_16x4_nn_align4>(T1::Params)","1","7","(128, 1, 1)","(16, 1, 64)","0","8.0","Command line profiler metrics","lts__t_sectors.avg.pct_of_peak_sustained_elapsed","%","25.91"
"288","583630","python3.8","127.0.0.1","void cudnn::bn_fw_inf_1C11_kernel_NCHW<float, float, (bool)1, (int)1>(T2, T2, cudnnTensorStruct, const T1 *, cudnnTensorStruct, T1 *, cudnnTensorStruct, const T2 *, const T2 *, const T2 *, const T2 *, T2)","1","7","(64, 1, 1)","(1024, 64, 1)","0","8.0","Command line profiler metrics","dram__throughput.avg.pct_of_peak_sustained_elapsed","%","32.66"
"288","583630","python3.8","127.0.0.1","void cudnn::bn_fw_inf_1C11_kernel_NCHW<float, float, (bool)1, (int)1>(T2, T2, cudnnTensorStruct, const T1 *, cudnnTensorStruct, T1 *, cudnnTensorStruct, const T2 *, const T2 *, const T2 *, const T2 *, T2)","1","7","(64, 1, 1)","(1024, 64, 1)","0","8.0","Command line profiler metrics","gpu__time_duration.sum","nsecond","143360"
"288","583630","python3.8","127.0.0.1","void cudnn::bn_fw_inf_1C11_kernel_NCHW<float, float, (bool)1, (int)1>(T2, T2, cudnnTensorStruct, const T1 *, cudnnTensorStruct, T1 *, cudnnTensorStruct, const T2 *, const T2 *, const T2 *, const T2 *, T2)","1","7","(64, 1, 1)","(1024, 64, 1)","0","8.0","Command line profiler metrics","lts__t_sectors.avg.pct_of_peak_sustained_elapsed","%","18.87"
"289","583630","python3.8","127.0.0.1","void at::native::vectorized_elementwise_kernel<(int)4, at::native::CUDAFunctor_add<float>, at::detail::Array<char *, (int)3>>(int, T2, T3)","1","7","(128, 1, 1)","(25088, 1, 1)","0","8.0","Command line profiler metrics","dram__throughput.avg.pct_of_peak_sustained_elapsed","%","85.75"
"289","583630","python3.8","127.0.0.1","void at::native::vectorized_elementwise_kernel<(int)4, at::native::CUDAFunctor_add<float>, at::detail::Array<char *, (int)3>>(int, T2, T3)","1","7","(128, 1, 1)","(25088, 1, 1)","0","8.0","Command line profiler metrics","gpu__time_duration.sum","nsecond","84000"
"289","583630","python3.8","127.0.0.1","void at::native::vectorized_elementwise_kernel<(int)4, at::native::CUDAFunctor_add<float>, at::detail::Array<char *, (int)3>>(int, T2, T3)","1","7","(128, 1, 1)","(25088, 1, 1)","0","8.0","Command line profiler metrics","lts__t_sectors.avg.pct_of_peak_sustained_elapsed","%","41.68"
"290","583630","python3.8","127.0.0.1","void at::native::vectorized_elementwise_kernel<(int)4, at::native::<unnamed>::launch_clamp_scalar(at::TensorIteratorBase &, c10::Scalar, c10::Scalar, at::native::detail::ClampLimits)::[lambda() (instance 1)]::operator ()() const::[lambda() (instance 14)]::operator ()() const::[lambda(float) (instance 1)], at::detail::Array<char *, (int)2>>(int, T2, T3)","1","7","(128, 1, 1)","(25088, 1, 1)","0","8.0","Command line profiler metrics","dram__throughput.avg.pct_of_peak_sustained_elapsed","%","71.27"
"290","583630","python3.8","127.0.0.1","void at::native::vectorized_elementwise_kernel<(int)4, at::native::<unnamed>::launch_clamp_scalar(at::TensorIteratorBase &, c10::Scalar, c10::Scalar, at::native::detail::ClampLimits)::[lambda() (instance 1)]::operator ()() const::[lambda() (instance 14)]::operator ()() const::[lambda(float) (instance 1)], at::detail::Array<char *, (int)2>>(int, T2, T3)","1","7","(128, 1, 1)","(25088, 1, 1)","0","8.0","Command line profiler metrics","gpu__time_duration.sum","nsecond","61152"
"290","583630","python3.8","127.0.0.1","void at::native::vectorized_elementwise_kernel<(int)4, at::native::<unnamed>::launch_clamp_scalar(at::TensorIteratorBase &, c10::Scalar, c10::Scalar, at::native::detail::ClampLimits)::[lambda() (instance 1)]::operator ()() const::[lambda() (instance 14)]::operator ()() const::[lambda(float) (instance 1)], at::detail::Array<char *, (int)2>>(int, T2, T3)","1","7","(128, 1, 1)","(25088, 1, 1)","0","8.0","Command line profiler metrics","lts__t_sectors.avg.pct_of_peak_sustained_elapsed","%","35.13"
"291","583630","python3.8","127.0.0.1","void cutlass::Kernel<cutlass_80_tensorop_s1688gemm_256x64_16x4_nn_align4>(T1::Params)","1","7","(128, 1, 1)","(4, 1, 64)","0","8.0","Command line profiler metrics","dram__throughput.avg.pct_of_peak_sustained_elapsed","%","14.39"
"291","583630","python3.8","127.0.0.1","void cutlass::Kernel<cutlass_80_tensorop_s1688gemm_256x64_16x4_nn_align4>(T1::Params)","1","7","(128, 1, 1)","(4, 1, 64)","0","8.0","Command line profiler metrics","gpu__time_duration.sum","nsecond","218304"
"291","583630","python3.8","127.0.0.1","void cutlass::Kernel<cutlass_80_tensorop_s1688gemm_256x64_16x4_nn_align4>(T1::Params)","1","7","(128, 1, 1)","(4, 1, 64)","0","8.0","Command line profiler metrics","lts__t_sectors.avg.pct_of_peak_sustained_elapsed","%","28.12"
"292","583630","python3.8","127.0.0.1","void cudnn::bn_fw_inf_1C11_kernel_NCHW<float, float, (bool)1, (int)1>(T2, T2, cudnnTensorStruct, const T1 *, cudnnTensorStruct, T1 *, cudnnTensorStruct, const T2 *, const T2 *, const T2 *, const T2 *, T2)","1","7","(64, 1, 1)","(256, 64, 1)","0","8.0","Command line profiler metrics","dram__throughput.avg.pct_of_peak_sustained_elapsed","%","20.50"
"292","583630","python3.8","127.0.0.1","void cudnn::bn_fw_inf_1C11_kernel_NCHW<float, float, (bool)1, (int)1>(T2, T2, cudnnTensorStruct, const T1 *, cudnnTensorStruct, T1 *, cudnnTensorStruct, const T2 *, const T2 *, const T2 *, const T2 *, T2)","1","7","(64, 1, 1)","(256, 64, 1)","0","8.0","Command line profiler metrics","gpu__time_duration.sum","nsecond","35168"
"292","583630","python3.8","127.0.0.1","void cudnn::bn_fw_inf_1C11_kernel_NCHW<float, float, (bool)1, (int)1>(T2, T2, cudnnTensorStruct, const T1 *, cudnnTensorStruct, T1 *, cudnnTensorStruct, const T2 *, const T2 *, const T2 *, const T2 *, T2)","1","7","(64, 1, 1)","(256, 64, 1)","0","8.0","Command line profiler metrics","lts__t_sectors.avg.pct_of_peak_sustained_elapsed","%","15.64"
"293","583630","python3.8","127.0.0.1","void at::native::vectorized_elementwise_kernel<(int)4, at::native::<unnamed>::launch_clamp_scalar(at::TensorIteratorBase &, c10::Scalar, c10::Scalar, at::native::detail::ClampLimits)::[lambda() (instance 1)]::operator ()() const::[lambda() (instance 14)]::operator ()() const::[lambda(float) (instance 1)], at::detail::Array<char *, (int)2>>(int, T2, T3)","1","7","(128, 1, 1)","(6272, 1, 1)","0","8.0","Command line profiler metrics","dram__throughput.avg.pct_of_peak_sustained_elapsed","%","38.79"
"293","583630","python3.8","127.0.0.1","void at::native::vectorized_elementwise_kernel<(int)4, at::native::<unnamed>::launch_clamp_scalar(at::TensorIteratorBase &, c10::Scalar, c10::Scalar, at::native::detail::ClampLimits)::[lambda() (instance 1)]::operator ()() const::[lambda() (instance 14)]::operator ()() const::[lambda(float) (instance 1)], at::detail::Array<char *, (int)2>>(int, T2, T3)","1","7","(128, 1, 1)","(6272, 1, 1)","0","8.0","Command line profiler metrics","gpu__time_duration.sum","nsecond","17184"
"293","583630","python3.8","127.0.0.1","void at::native::vectorized_elementwise_kernel<(int)4, at::native::<unnamed>::launch_clamp_scalar(at::TensorIteratorBase &, c10::Scalar, c10::Scalar, at::native::detail::ClampLimits)::[lambda() (instance 1)]::operator ()() const::[lambda() (instance 14)]::operator ()() const::[lambda(float) (instance 1)], at::detail::Array<char *, (int)2>>(int, T2, T3)","1","7","(128, 1, 1)","(6272, 1, 1)","0","8.0","Command line profiler metrics","lts__t_sectors.avg.pct_of_peak_sustained_elapsed","%","29.79"
"294","583630","python3.8","127.0.0.1","void cudnn::ops::nchwToNhwcKernel<float, float, float, (bool)0, (bool)1, (cudnnKernelDataType_t)2>(cudnn::ops::nchw2nhwc_params_t<T3>, const T1 *, T2 *)","1","7","(256, 1, 1)","(7, 8, 64)","0","8.0","Command line profiler metrics","dram__throughput.avg.pct_of_peak_sustained_elapsed","%","31.29"
"294","583630","python3.8","127.0.0.1","void cudnn::ops::nchwToNhwcKernel<float, float, float, (bool)0, (bool)1, (cudnnKernelDataType_t)2>(cudnn::ops::nchw2nhwc_params_t<T3>, const T1 *, T2 *)","1","7","(256, 1, 1)","(7, 8, 64)","0","8.0","Command line profiler metrics","gpu__time_duration.sum","nsecond","23104"
"294","583630","python3.8","127.0.0.1","void cudnn::ops::nchwToNhwcKernel<float, float, float, (bool)0, (bool)1, (cudnnKernelDataType_t)2>(cudnn::ops::nchw2nhwc_params_t<T3>, const T1 *, T2 *)","1","7","(256, 1, 1)","(7, 8, 64)","0","8.0","Command line profiler metrics","lts__t_sectors.avg.pct_of_peak_sustained_elapsed","%","25.84"
"295","583630","python3.8","127.0.0.1","void cudnn::ops::nchwToNhwcKernel<float, float, float, (bool)0, (bool)1, (cudnnKernelDataType_t)2>(cudnn::ops::nchw2nhwc_params_t<T3>, const T1 *, T2 *)","1","7","(256, 1, 1)","(1, 8, 256)","0","8.0","Command line profiler metrics","dram__throughput.avg.pct_of_peak_sustained_elapsed","%","8.03"
"295","583630","python3.8","127.0.0.1","void cudnn::ops::nchwToNhwcKernel<float, float, float, (bool)0, (bool)1, (cudnnKernelDataType_t)2>(cudnn::ops::nchw2nhwc_params_t<T3>, const T1 *, T2 *)","1","7","(256, 1, 1)","(1, 8, 256)","0","8.0","Command line profiler metrics","gpu__time_duration.sum","nsecond","15296"
"295","583630","python3.8","127.0.0.1","void cudnn::ops::nchwToNhwcKernel<float, float, float, (bool)0, (bool)1, (cudnnKernelDataType_t)2>(cudnn::ops::nchw2nhwc_params_t<T3>, const T1 *, T2 *)","1","7","(256, 1, 1)","(1, 8, 256)","0","8.0","Command line profiler metrics","lts__t_sectors.avg.pct_of_peak_sustained_elapsed","%","6.86"
"296","583630","python3.8","127.0.0.1","sm80_xmma_fprop_implicit_gemm_tf32f32_tf32f32_f32_nhwckrsc_nchw_tilesize256x128x32_stage3_warpsize4x2x1_g1_tensor16x8x8_execute_kernel_cudnn","1","7","(256, 1, 1)","(2, 49, 1)","0","8.0","Command line profiler metrics","dram__throughput.avg.pct_of_peak_sustained_elapsed","%","2.70"
"296","583630","python3.8","127.0.0.1","sm80_xmma_fprop_implicit_gemm_tf32f32_tf32f32_f32_nhwckrsc_nchw_tilesize256x128x32_stage3_warpsize4x2x1_g1_tensor16x8x8_execute_kernel_cudnn","1","7","(256, 1, 1)","(2, 49, 1)","0","8.0","Command line profiler metrics","gpu__time_duration.sum","nsecond","317440"
"296","583630","python3.8","127.0.0.1","sm80_xmma_fprop_implicit_gemm_tf32f32_tf32f32_f32_nhwckrsc_nchw_tilesize256x128x32_stage3_warpsize4x2x1_g1_tensor16x8x8_execute_kernel_cudnn","1","7","(256, 1, 1)","(2, 49, 1)","0","8.0","Command line profiler metrics","lts__t_sectors.avg.pct_of_peak_sustained_elapsed","%","14.58"
"297","583630","python3.8","127.0.0.1","void cudnn::bn_fw_inf_1C11_kernel_NCHW<float, float, (bool)1, (int)1>(T2, T2, cudnnTensorStruct, const T1 *, cudnnTensorStruct, T1 *, cudnnTensorStruct, const T2 *, const T2 *, const T2 *, const T2 *, T2)","1","7","(64, 1, 1)","(256, 64, 1)","0","8.0","Command line profiler metrics","dram__throughput.avg.pct_of_peak_sustained_elapsed","%","20.49"
"297","583630","python3.8","127.0.0.1","void cudnn::bn_fw_inf_1C11_kernel_NCHW<float, float, (bool)1, (int)1>(T2, T2, cudnnTensorStruct, const T1 *, cudnnTensorStruct, T1 *, cudnnTensorStruct, const T2 *, const T2 *, const T2 *, const T2 *, T2)","1","7","(64, 1, 1)","(256, 64, 1)","0","8.0","Command line profiler metrics","gpu__time_duration.sum","nsecond","35168"
"297","583630","python3.8","127.0.0.1","void cudnn::bn_fw_inf_1C11_kernel_NCHW<float, float, (bool)1, (int)1>(T2, T2, cudnnTensorStruct, const T1 *, cudnnTensorStruct, T1 *, cudnnTensorStruct, const T2 *, const T2 *, const T2 *, const T2 *, T2)","1","7","(64, 1, 1)","(256, 64, 1)","0","8.0","Command line profiler metrics","lts__t_sectors.avg.pct_of_peak_sustained_elapsed","%","15.98"
"298","583630","python3.8","127.0.0.1","void at::native::vectorized_elementwise_kernel<(int)4, at::native::<unnamed>::launch_clamp_scalar(at::TensorIteratorBase &, c10::Scalar, c10::Scalar, at::native::detail::ClampLimits)::[lambda() (instance 1)]::operator ()() const::[lambda() (instance 14)]::operator ()() const::[lambda(float) (instance 1)], at::detail::Array<char *, (int)2>>(int, T2, T3)","1","7","(128, 1, 1)","(6272, 1, 1)","0","8.0","Command line profiler metrics","dram__throughput.avg.pct_of_peak_sustained_elapsed","%","38.23"
"298","583630","python3.8","127.0.0.1","void at::native::vectorized_elementwise_kernel<(int)4, at::native::<unnamed>::launch_clamp_scalar(at::TensorIteratorBase &, c10::Scalar, c10::Scalar, at::native::detail::ClampLimits)::[lambda() (instance 1)]::operator ()() const::[lambda() (instance 14)]::operator ()() const::[lambda(float) (instance 1)], at::detail::Array<char *, (int)2>>(int, T2, T3)","1","7","(128, 1, 1)","(6272, 1, 1)","0","8.0","Command line profiler metrics","gpu__time_duration.sum","nsecond","17440"
"298","583630","python3.8","127.0.0.1","void at::native::vectorized_elementwise_kernel<(int)4, at::native::<unnamed>::launch_clamp_scalar(at::TensorIteratorBase &, c10::Scalar, c10::Scalar, at::native::detail::ClampLimits)::[lambda() (instance 1)]::operator ()() const::[lambda() (instance 14)]::operator ()() const::[lambda(float) (instance 1)], at::detail::Array<char *, (int)2>>(int, T2, T3)","1","7","(128, 1, 1)","(6272, 1, 1)","0","8.0","Command line profiler metrics","lts__t_sectors.avg.pct_of_peak_sustained_elapsed","%","29.13"
"299","583630","python3.8","127.0.0.1","void cutlass::Kernel<cutlass_80_tensorop_s1688gemm_256x64_16x4_nn_align4>(T1::Params)","1","7","(128, 1, 1)","(16, 1, 64)","0","8.0","Command line profiler metrics","dram__throughput.avg.pct_of_peak_sustained_elapsed","%","9.96"
"299","583630","python3.8","127.0.0.1","void cutlass::Kernel<cutlass_80_tensorop_s1688gemm_256x64_16x4_nn_align4>(T1::Params)","1","7","(128, 1, 1)","(16, 1, 64)","0","8.0","Command line profiler metrics","gpu__time_duration.sum","nsecond","248256"
"299","583630","python3.8","127.0.0.1","void cutlass::Kernel<cutlass_80_tensorop_s1688gemm_256x64_16x4_nn_align4>(T1::Params)","1","7","(128, 1, 1)","(16, 1, 64)","0","8.0","Command line profiler metrics","lts__t_sectors.avg.pct_of_peak_sustained_elapsed","%","25.78"
"300","583630","python3.8","127.0.0.1","void cudnn::bn_fw_inf_1C11_kernel_NCHW<float, float, (bool)1, (int)1>(T2, T2, cudnnTensorStruct, const T1 *, cudnnTensorStruct, T1 *, cudnnTensorStruct, const T2 *, const T2 *, const T2 *, const T2 *, T2)","1","7","(64, 1, 1)","(1024, 64, 1)","0","8.0","Command line profiler metrics","dram__throughput.avg.pct_of_peak_sustained_elapsed","%","32.35"
"300","583630","python3.8","127.0.0.1","void cudnn::bn_fw_inf_1C11_kernel_NCHW<float, float, (bool)1, (int)1>(T2, T2, cudnnTensorStruct, const T1 *, cudnnTensorStruct, T1 *, cudnnTensorStruct, const T2 *, const T2 *, const T2 *, const T2 *, T2)","1","7","(64, 1, 1)","(1024, 64, 1)","0","8.0","Command line profiler metrics","gpu__time_duration.sum","nsecond","144672"
"300","583630","python3.8","127.0.0.1","void cudnn::bn_fw_inf_1C11_kernel_NCHW<float, float, (bool)1, (int)1>(T2, T2, cudnnTensorStruct, const T1 *, cudnnTensorStruct, T1 *, cudnnTensorStruct, const T2 *, const T2 *, const T2 *, const T2 *, T2)","1","7","(64, 1, 1)","(1024, 64, 1)","0","8.0","Command line profiler metrics","lts__t_sectors.avg.pct_of_peak_sustained_elapsed","%","18.73"
"301","583630","python3.8","127.0.0.1","void at::native::vectorized_elementwise_kernel<(int)4, at::native::CUDAFunctor_add<float>, at::detail::Array<char *, (int)3>>(int, T2, T3)","1","7","(128, 1, 1)","(25088, 1, 1)","0","8.0","Command line profiler metrics","dram__throughput.avg.pct_of_peak_sustained_elapsed","%","85.97"
"301","583630","python3.8","127.0.0.1","void at::native::vectorized_elementwise_kernel<(int)4, at::native::CUDAFunctor_add<float>, at::detail::Array<char *, (int)3>>(int, T2, T3)","1","7","(128, 1, 1)","(25088, 1, 1)","0","8.0","Command line profiler metrics","gpu__time_duration.sum","nsecond","84000"
"301","583630","python3.8","127.0.0.1","void at::native::vectorized_elementwise_kernel<(int)4, at::native::CUDAFunctor_add<float>, at::detail::Array<char *, (int)3>>(int, T2, T3)","1","7","(128, 1, 1)","(25088, 1, 1)","0","8.0","Command line profiler metrics","lts__t_sectors.avg.pct_of_peak_sustained_elapsed","%","41.58"
"302","583630","python3.8","127.0.0.1","void at::native::vectorized_elementwise_kernel<(int)4, at::native::<unnamed>::launch_clamp_scalar(at::TensorIteratorBase &, c10::Scalar, c10::Scalar, at::native::detail::ClampLimits)::[lambda() (instance 1)]::operator ()() const::[lambda() (instance 14)]::operator ()() const::[lambda(float) (instance 1)], at::detail::Array<char *, (int)2>>(int, T2, T3)","1","7","(128, 1, 1)","(25088, 1, 1)","0","8.0","Command line profiler metrics","dram__throughput.avg.pct_of_peak_sustained_elapsed","%","71.11"
"302","583630","python3.8","127.0.0.1","void at::native::vectorized_elementwise_kernel<(int)4, at::native::<unnamed>::launch_clamp_scalar(at::TensorIteratorBase &, c10::Scalar, c10::Scalar, at::native::detail::ClampLimits)::[lambda() (instance 1)]::operator ()() const::[lambda() (instance 14)]::operator ()() const::[lambda(float) (instance 1)], at::detail::Array<char *, (int)2>>(int, T2, T3)","1","7","(128, 1, 1)","(25088, 1, 1)","0","8.0","Command line profiler metrics","gpu__time_duration.sum","nsecond","61280"
"302","583630","python3.8","127.0.0.1","void at::native::vectorized_elementwise_kernel<(int)4, at::native::<unnamed>::launch_clamp_scalar(at::TensorIteratorBase &, c10::Scalar, c10::Scalar, at::native::detail::ClampLimits)::[lambda() (instance 1)]::operator ()() const::[lambda() (instance 14)]::operator ()() const::[lambda(float) (instance 1)], at::detail::Array<char *, (int)2>>(int, T2, T3)","1","7","(128, 1, 1)","(25088, 1, 1)","0","8.0","Command line profiler metrics","lts__t_sectors.avg.pct_of_peak_sustained_elapsed","%","35.06"
"303","583630","python3.8","127.0.0.1","void cutlass::Kernel<cutlass_80_tensorop_s1688gemm_256x64_16x4_nn_align4>(T1::Params)","1","7","(128, 1, 1)","(4, 1, 64)","0","8.0","Command line profiler metrics","dram__throughput.avg.pct_of_peak_sustained_elapsed","%","14.33"
"303","583630","python3.8","127.0.0.1","void cutlass::Kernel<cutlass_80_tensorop_s1688gemm_256x64_16x4_nn_align4>(T1::Params)","1","7","(128, 1, 1)","(4, 1, 64)","0","8.0","Command line profiler metrics","gpu__time_duration.sum","nsecond","217472"
"303","583630","python3.8","127.0.0.1","void cutlass::Kernel<cutlass_80_tensorop_s1688gemm_256x64_16x4_nn_align4>(T1::Params)","1","7","(128, 1, 1)","(4, 1, 64)","0","8.0","Command line profiler metrics","lts__t_sectors.avg.pct_of_peak_sustained_elapsed","%","27.99"
"304","583630","python3.8","127.0.0.1","void cudnn::bn_fw_inf_1C11_kernel_NCHW<float, float, (bool)1, (int)1>(T2, T2, cudnnTensorStruct, const T1 *, cudnnTensorStruct, T1 *, cudnnTensorStruct, const T2 *, const T2 *, const T2 *, const T2 *, T2)","1","7","(64, 1, 1)","(256, 64, 1)","0","8.0","Command line profiler metrics","dram__throughput.avg.pct_of_peak_sustained_elapsed","%","20.45"
"304","583630","python3.8","127.0.0.1","void cudnn::bn_fw_inf_1C11_kernel_NCHW<float, float, (bool)1, (int)1>(T2, T2, cudnnTensorStruct, const T1 *, cudnnTensorStruct, T1 *, cudnnTensorStruct, const T2 *, const T2 *, const T2 *, const T2 *, T2)","1","7","(64, 1, 1)","(256, 64, 1)","0","8.0","Command line profiler metrics","gpu__time_duration.sum","nsecond","35520"
"304","583630","python3.8","127.0.0.1","void cudnn::bn_fw_inf_1C11_kernel_NCHW<float, float, (bool)1, (int)1>(T2, T2, cudnnTensorStruct, const T1 *, cudnnTensorStruct, T1 *, cudnnTensorStruct, const T2 *, const T2 *, const T2 *, const T2 *, T2)","1","7","(64, 1, 1)","(256, 64, 1)","0","8.0","Command line profiler metrics","lts__t_sectors.avg.pct_of_peak_sustained_elapsed","%","15.47"
"305","583630","python3.8","127.0.0.1","void at::native::vectorized_elementwise_kernel<(int)4, at::native::<unnamed>::launch_clamp_scalar(at::TensorIteratorBase &, c10::Scalar, c10::Scalar, at::native::detail::ClampLimits)::[lambda() (instance 1)]::operator ()() const::[lambda() (instance 14)]::operator ()() const::[lambda(float) (instance 1)], at::detail::Array<char *, (int)2>>(int, T2, T3)","1","7","(128, 1, 1)","(6272, 1, 1)","0","8.0","Command line profiler metrics","dram__throughput.avg.pct_of_peak_sustained_elapsed","%","38.17"
"305","583630","python3.8","127.0.0.1","void at::native::vectorized_elementwise_kernel<(int)4, at::native::<unnamed>::launch_clamp_scalar(at::TensorIteratorBase &, c10::Scalar, c10::Scalar, at::native::detail::ClampLimits)::[lambda() (instance 1)]::operator ()() const::[lambda() (instance 14)]::operator ()() const::[lambda(float) (instance 1)], at::detail::Array<char *, (int)2>>(int, T2, T3)","1","7","(128, 1, 1)","(6272, 1, 1)","0","8.0","Command line profiler metrics","gpu__time_duration.sum","nsecond","17440"
"305","583630","python3.8","127.0.0.1","void at::native::vectorized_elementwise_kernel<(int)4, at::native::<unnamed>::launch_clamp_scalar(at::TensorIteratorBase &, c10::Scalar, c10::Scalar, at::native::detail::ClampLimits)::[lambda() (instance 1)]::operator ()() const::[lambda() (instance 14)]::operator ()() const::[lambda(float) (instance 1)], at::detail::Array<char *, (int)2>>(int, T2, T3)","1","7","(128, 1, 1)","(6272, 1, 1)","0","8.0","Command line profiler metrics","lts__t_sectors.avg.pct_of_peak_sustained_elapsed","%","29.69"
"306","583630","python3.8","127.0.0.1","void cudnn::ops::nchwToNhwcKernel<float, float, float, (bool)0, (bool)1, (cudnnKernelDataType_t)2>(cudnn::ops::nchw2nhwc_params_t<T3>, const T1 *, T2 *)","1","7","(256, 1, 1)","(7, 8, 64)","0","8.0","Command line profiler metrics","dram__throughput.avg.pct_of_peak_sustained_elapsed","%","31.67"
"306","583630","python3.8","127.0.0.1","void cudnn::ops::nchwToNhwcKernel<float, float, float, (bool)0, (bool)1, (cudnnKernelDataType_t)2>(cudnn::ops::nchw2nhwc_params_t<T3>, const T1 *, T2 *)","1","7","(256, 1, 1)","(7, 8, 64)","0","8.0","Command line profiler metrics","gpu__time_duration.sum","nsecond","22656"
"306","583630","python3.8","127.0.0.1","void cudnn::ops::nchwToNhwcKernel<float, float, float, (bool)0, (bool)1, (cudnnKernelDataType_t)2>(cudnn::ops::nchw2nhwc_params_t<T3>, const T1 *, T2 *)","1","7","(256, 1, 1)","(7, 8, 64)","0","8.0","Command line profiler metrics","lts__t_sectors.avg.pct_of_peak_sustained_elapsed","%","26.27"
"307","583630","python3.8","127.0.0.1","void cudnn::ops::nchwToNhwcKernel<float, float, float, (bool)0, (bool)1, (cudnnKernelDataType_t)2>(cudnn::ops::nchw2nhwc_params_t<T3>, const T1 *, T2 *)","1","7","(256, 1, 1)","(1, 8, 256)","0","8.0","Command line profiler metrics","dram__throughput.avg.pct_of_peak_sustained_elapsed","%","8.13"
"307","583630","python3.8","127.0.0.1","void cudnn::ops::nchwToNhwcKernel<float, float, float, (bool)0, (bool)1, (cudnnKernelDataType_t)2>(cudnn::ops::nchw2nhwc_params_t<T3>, const T1 *, T2 *)","1","7","(256, 1, 1)","(1, 8, 256)","0","8.0","Command line profiler metrics","gpu__time_duration.sum","nsecond","15104"
"307","583630","python3.8","127.0.0.1","void cudnn::ops::nchwToNhwcKernel<float, float, float, (bool)0, (bool)1, (cudnnKernelDataType_t)2>(cudnn::ops::nchw2nhwc_params_t<T3>, const T1 *, T2 *)","1","7","(256, 1, 1)","(1, 8, 256)","0","8.0","Command line profiler metrics","lts__t_sectors.avg.pct_of_peak_sustained_elapsed","%","7.00"
"308","583630","python3.8","127.0.0.1","sm80_xmma_fprop_implicit_gemm_tf32f32_tf32f32_f32_nhwckrsc_nchw_tilesize256x128x32_stage3_warpsize4x2x1_g1_tensor16x8x8_execute_kernel_cudnn","1","7","(256, 1, 1)","(2, 49, 1)","0","8.0","Command line profiler metrics","dram__throughput.avg.pct_of_peak_sustained_elapsed","%","2.70"
"308","583630","python3.8","127.0.0.1","sm80_xmma_fprop_implicit_gemm_tf32f32_tf32f32_f32_nhwckrsc_nchw_tilesize256x128x32_stage3_warpsize4x2x1_g1_tensor16x8x8_execute_kernel_cudnn","1","7","(256, 1, 1)","(2, 49, 1)","0","8.0","Command line profiler metrics","gpu__time_duration.sum","nsecond","317216"
"308","583630","python3.8","127.0.0.1","sm80_xmma_fprop_implicit_gemm_tf32f32_tf32f32_f32_nhwckrsc_nchw_tilesize256x128x32_stage3_warpsize4x2x1_g1_tensor16x8x8_execute_kernel_cudnn","1","7","(256, 1, 1)","(2, 49, 1)","0","8.0","Command line profiler metrics","lts__t_sectors.avg.pct_of_peak_sustained_elapsed","%","14.58"
"309","583630","python3.8","127.0.0.1","void cudnn::bn_fw_inf_1C11_kernel_NCHW<float, float, (bool)1, (int)1>(T2, T2, cudnnTensorStruct, const T1 *, cudnnTensorStruct, T1 *, cudnnTensorStruct, const T2 *, const T2 *, const T2 *, const T2 *, T2)","1","7","(64, 1, 1)","(256, 64, 1)","0","8.0","Command line profiler metrics","dram__throughput.avg.pct_of_peak_sustained_elapsed","%","20.54"
"309","583630","python3.8","127.0.0.1","void cudnn::bn_fw_inf_1C11_kernel_NCHW<float, float, (bool)1, (int)1>(T2, T2, cudnnTensorStruct, const T1 *, cudnnTensorStruct, T1 *, cudnnTensorStruct, const T2 *, const T2 *, const T2 *, const T2 *, T2)","1","7","(64, 1, 1)","(256, 64, 1)","0","8.0","Command line profiler metrics","gpu__time_duration.sum","nsecond","35264"
"309","583630","python3.8","127.0.0.1","void cudnn::bn_fw_inf_1C11_kernel_NCHW<float, float, (bool)1, (int)1>(T2, T2, cudnnTensorStruct, const T1 *, cudnnTensorStruct, T1 *, cudnnTensorStruct, const T2 *, const T2 *, const T2 *, const T2 *, T2)","1","7","(64, 1, 1)","(256, 64, 1)","0","8.0","Command line profiler metrics","lts__t_sectors.avg.pct_of_peak_sustained_elapsed","%","15.91"
"310","583630","python3.8","127.0.0.1","void at::native::vectorized_elementwise_kernel<(int)4, at::native::<unnamed>::launch_clamp_scalar(at::TensorIteratorBase &, c10::Scalar, c10::Scalar, at::native::detail::ClampLimits)::[lambda() (instance 1)]::operator ()() const::[lambda() (instance 14)]::operator ()() const::[lambda(float) (instance 1)], at::detail::Array<char *, (int)2>>(int, T2, T3)","1","7","(128, 1, 1)","(6272, 1, 1)","0","8.0","Command line profiler metrics","dram__throughput.avg.pct_of_peak_sustained_elapsed","%","38.84"
"310","583630","python3.8","127.0.0.1","void at::native::vectorized_elementwise_kernel<(int)4, at::native::<unnamed>::launch_clamp_scalar(at::TensorIteratorBase &, c10::Scalar, c10::Scalar, at::native::detail::ClampLimits)::[lambda() (instance 1)]::operator ()() const::[lambda() (instance 14)]::operator ()() const::[lambda(float) (instance 1)], at::detail::Array<char *, (int)2>>(int, T2, T3)","1","7","(128, 1, 1)","(6272, 1, 1)","0","8.0","Command line profiler metrics","gpu__time_duration.sum","nsecond","17152"
"310","583630","python3.8","127.0.0.1","void at::native::vectorized_elementwise_kernel<(int)4, at::native::<unnamed>::launch_clamp_scalar(at::TensorIteratorBase &, c10::Scalar, c10::Scalar, at::native::detail::ClampLimits)::[lambda() (instance 1)]::operator ()() const::[lambda() (instance 14)]::operator ()() const::[lambda(float) (instance 1)], at::detail::Array<char *, (int)2>>(int, T2, T3)","1","7","(128, 1, 1)","(6272, 1, 1)","0","8.0","Command line profiler metrics","lts__t_sectors.avg.pct_of_peak_sustained_elapsed","%","30.00"
"311","583630","python3.8","127.0.0.1","void cutlass::Kernel<cutlass_80_tensorop_s1688gemm_256x64_16x4_nn_align4>(T1::Params)","1","7","(128, 1, 1)","(16, 1, 64)","0","8.0","Command line profiler metrics","dram__throughput.avg.pct_of_peak_sustained_elapsed","%","9.89"
"311","583630","python3.8","127.0.0.1","void cutlass::Kernel<cutlass_80_tensorop_s1688gemm_256x64_16x4_nn_align4>(T1::Params)","1","7","(128, 1, 1)","(16, 1, 64)","0","8.0","Command line profiler metrics","gpu__time_duration.sum","nsecond","248192"
"311","583630","python3.8","127.0.0.1","void cutlass::Kernel<cutlass_80_tensorop_s1688gemm_256x64_16x4_nn_align4>(T1::Params)","1","7","(128, 1, 1)","(16, 1, 64)","0","8.0","Command line profiler metrics","lts__t_sectors.avg.pct_of_peak_sustained_elapsed","%","25.80"
"312","583630","python3.8","127.0.0.1","void cudnn::bn_fw_inf_1C11_kernel_NCHW<float, float, (bool)1, (int)1>(T2, T2, cudnnTensorStruct, const T1 *, cudnnTensorStruct, T1 *, cudnnTensorStruct, const T2 *, const T2 *, const T2 *, const T2 *, T2)","1","7","(64, 1, 1)","(1024, 64, 1)","0","8.0","Command line profiler metrics","dram__throughput.avg.pct_of_peak_sustained_elapsed","%","32.71"
"312","583630","python3.8","127.0.0.1","void cudnn::bn_fw_inf_1C11_kernel_NCHW<float, float, (bool)1, (int)1>(T2, T2, cudnnTensorStruct, const T1 *, cudnnTensorStruct, T1 *, cudnnTensorStruct, const T2 *, const T2 *, const T2 *, const T2 *, T2)","1","7","(64, 1, 1)","(1024, 64, 1)","0","8.0","Command line profiler metrics","gpu__time_duration.sum","nsecond","142944"
"312","583630","python3.8","127.0.0.1","void cudnn::bn_fw_inf_1C11_kernel_NCHW<float, float, (bool)1, (int)1>(T2, T2, cudnnTensorStruct, const T1 *, cudnnTensorStruct, T1 *, cudnnTensorStruct, const T2 *, const T2 *, const T2 *, const T2 *, T2)","1","7","(64, 1, 1)","(1024, 64, 1)","0","8.0","Command line profiler metrics","lts__t_sectors.avg.pct_of_peak_sustained_elapsed","%","18.91"
"313","583630","python3.8","127.0.0.1","void at::native::vectorized_elementwise_kernel<(int)4, at::native::CUDAFunctor_add<float>, at::detail::Array<char *, (int)3>>(int, T2, T3)","1","7","(128, 1, 1)","(25088, 1, 1)","0","8.0","Command line profiler metrics","dram__throughput.avg.pct_of_peak_sustained_elapsed","%","86.09"
"313","583630","python3.8","127.0.0.1","void at::native::vectorized_elementwise_kernel<(int)4, at::native::CUDAFunctor_add<float>, at::detail::Array<char *, (int)3>>(int, T2, T3)","1","7","(128, 1, 1)","(25088, 1, 1)","0","8.0","Command line profiler metrics","gpu__time_duration.sum","nsecond","83488"
"313","583630","python3.8","127.0.0.1","void at::native::vectorized_elementwise_kernel<(int)4, at::native::CUDAFunctor_add<float>, at::detail::Array<char *, (int)3>>(int, T2, T3)","1","7","(128, 1, 1)","(25088, 1, 1)","0","8.0","Command line profiler metrics","lts__t_sectors.avg.pct_of_peak_sustained_elapsed","%","41.90"
"314","583630","python3.8","127.0.0.1","void at::native::vectorized_elementwise_kernel<(int)4, at::native::<unnamed>::launch_clamp_scalar(at::TensorIteratorBase &, c10::Scalar, c10::Scalar, at::native::detail::ClampLimits)::[lambda() (instance 1)]::operator ()() const::[lambda() (instance 14)]::operator ()() const::[lambda(float) (instance 1)], at::detail::Array<char *, (int)2>>(int, T2, T3)","1","7","(128, 1, 1)","(25088, 1, 1)","0","8.0","Command line profiler metrics","dram__throughput.avg.pct_of_peak_sustained_elapsed","%","71.59"
"314","583630","python3.8","127.0.0.1","void at::native::vectorized_elementwise_kernel<(int)4, at::native::<unnamed>::launch_clamp_scalar(at::TensorIteratorBase &, c10::Scalar, c10::Scalar, at::native::detail::ClampLimits)::[lambda() (instance 1)]::operator ()() const::[lambda() (instance 14)]::operator ()() const::[lambda(float) (instance 1)], at::detail::Array<char *, (int)2>>(int, T2, T3)","1","7","(128, 1, 1)","(25088, 1, 1)","0","8.0","Command line profiler metrics","gpu__time_duration.sum","nsecond","60864"
"314","583630","python3.8","127.0.0.1","void at::native::vectorized_elementwise_kernel<(int)4, at::native::<unnamed>::launch_clamp_scalar(at::TensorIteratorBase &, c10::Scalar, c10::Scalar, at::native::detail::ClampLimits)::[lambda() (instance 1)]::operator ()() const::[lambda() (instance 14)]::operator ()() const::[lambda(float) (instance 1)], at::detail::Array<char *, (int)2>>(int, T2, T3)","1","7","(128, 1, 1)","(25088, 1, 1)","0","8.0","Command line profiler metrics","lts__t_sectors.avg.pct_of_peak_sustained_elapsed","%","35.13"
"315","583630","python3.8","127.0.0.1","void cutlass::Kernel<cutlass_80_tensorop_s1688gemm_256x64_16x4_nn_align4>(T1::Params)","1","7","(128, 1, 1)","(4, 1, 64)","0","8.0","Command line profiler metrics","dram__throughput.avg.pct_of_peak_sustained_elapsed","%","14.31"
"315","583630","python3.8","127.0.0.1","void cutlass::Kernel<cutlass_80_tensorop_s1688gemm_256x64_16x4_nn_align4>(T1::Params)","1","7","(128, 1, 1)","(4, 1, 64)","0","8.0","Command line profiler metrics","gpu__time_duration.sum","nsecond","218816"
"315","583630","python3.8","127.0.0.1","void cutlass::Kernel<cutlass_80_tensorop_s1688gemm_256x64_16x4_nn_align4>(T1::Params)","1","7","(128, 1, 1)","(4, 1, 64)","0","8.0","Command line profiler metrics","lts__t_sectors.avg.pct_of_peak_sustained_elapsed","%","28.07"
"316","583630","python3.8","127.0.0.1","void cudnn::bn_fw_inf_1C11_kernel_NCHW<float, float, (bool)1, (int)1>(T2, T2, cudnnTensorStruct, const T1 *, cudnnTensorStruct, T1 *, cudnnTensorStruct, const T2 *, const T2 *, const T2 *, const T2 *, T2)","1","7","(64, 1, 1)","(256, 64, 1)","0","8.0","Command line profiler metrics","dram__throughput.avg.pct_of_peak_sustained_elapsed","%","20.57"
"316","583630","python3.8","127.0.0.1","void cudnn::bn_fw_inf_1C11_kernel_NCHW<float, float, (bool)1, (int)1>(T2, T2, cudnnTensorStruct, const T1 *, cudnnTensorStruct, T1 *, cudnnTensorStruct, const T2 *, const T2 *, const T2 *, const T2 *, T2)","1","7","(64, 1, 1)","(256, 64, 1)","0","8.0","Command line profiler metrics","gpu__time_duration.sum","nsecond","35392"
"316","583630","python3.8","127.0.0.1","void cudnn::bn_fw_inf_1C11_kernel_NCHW<float, float, (bool)1, (int)1>(T2, T2, cudnnTensorStruct, const T1 *, cudnnTensorStruct, T1 *, cudnnTensorStruct, const T2 *, const T2 *, const T2 *, const T2 *, T2)","1","7","(64, 1, 1)","(256, 64, 1)","0","8.0","Command line profiler metrics","lts__t_sectors.avg.pct_of_peak_sustained_elapsed","%","15.48"
"317","583630","python3.8","127.0.0.1","void at::native::vectorized_elementwise_kernel<(int)4, at::native::<unnamed>::launch_clamp_scalar(at::TensorIteratorBase &, c10::Scalar, c10::Scalar, at::native::detail::ClampLimits)::[lambda() (instance 1)]::operator ()() const::[lambda() (instance 14)]::operator ()() const::[lambda(float) (instance 1)], at::detail::Array<char *, (int)2>>(int, T2, T3)","1","7","(128, 1, 1)","(6272, 1, 1)","0","8.0","Command line profiler metrics","dram__throughput.avg.pct_of_peak_sustained_elapsed","%","37.75"
"317","583630","python3.8","127.0.0.1","void at::native::vectorized_elementwise_kernel<(int)4, at::native::<unnamed>::launch_clamp_scalar(at::TensorIteratorBase &, c10::Scalar, c10::Scalar, at::native::detail::ClampLimits)::[lambda() (instance 1)]::operator ()() const::[lambda() (instance 14)]::operator ()() const::[lambda(float) (instance 1)], at::detail::Array<char *, (int)2>>(int, T2, T3)","1","7","(128, 1, 1)","(6272, 1, 1)","0","8.0","Command line profiler metrics","gpu__time_duration.sum","nsecond","17760"
"317","583630","python3.8","127.0.0.1","void at::native::vectorized_elementwise_kernel<(int)4, at::native::<unnamed>::launch_clamp_scalar(at::TensorIteratorBase &, c10::Scalar, c10::Scalar, at::native::detail::ClampLimits)::[lambda() (instance 1)]::operator ()() const::[lambda() (instance 14)]::operator ()() const::[lambda(float) (instance 1)], at::detail::Array<char *, (int)2>>(int, T2, T3)","1","7","(128, 1, 1)","(6272, 1, 1)","0","8.0","Command line profiler metrics","lts__t_sectors.avg.pct_of_peak_sustained_elapsed","%","28.70"
"318","583630","python3.8","127.0.0.1","void cudnn::ops::nchwToNhwcKernel<float, float, float, (bool)0, (bool)1, (cudnnKernelDataType_t)2>(cudnn::ops::nchw2nhwc_params_t<T3>, const T1 *, T2 *)","1","7","(256, 1, 1)","(7, 8, 64)","0","8.0","Command line profiler metrics","dram__throughput.avg.pct_of_peak_sustained_elapsed","%","32.12"
"318","583630","python3.8","127.0.0.1","void cudnn::ops::nchwToNhwcKernel<float, float, float, (bool)0, (bool)1, (cudnnKernelDataType_t)2>(cudnn::ops::nchw2nhwc_params_t<T3>, const T1 *, T2 *)","1","7","(256, 1, 1)","(7, 8, 64)","0","8.0","Command line profiler metrics","gpu__time_duration.sum","nsecond","22848"
"318","583630","python3.8","127.0.0.1","void cudnn::ops::nchwToNhwcKernel<float, float, float, (bool)0, (bool)1, (cudnnKernelDataType_t)2>(cudnn::ops::nchw2nhwc_params_t<T3>, const T1 *, T2 *)","1","7","(256, 1, 1)","(7, 8, 64)","0","8.0","Command line profiler metrics","lts__t_sectors.avg.pct_of_peak_sustained_elapsed","%","25.99"
"319","583630","python3.8","127.0.0.1","void cudnn::ops::nchwToNhwcKernel<float, float, float, (bool)0, (bool)1, (cudnnKernelDataType_t)2>(cudnn::ops::nchw2nhwc_params_t<T3>, const T1 *, T2 *)","1","7","(256, 1, 1)","(1, 8, 256)","0","8.0","Command line profiler metrics","dram__throughput.avg.pct_of_peak_sustained_elapsed","%","8.13"
"319","583630","python3.8","127.0.0.1","void cudnn::ops::nchwToNhwcKernel<float, float, float, (bool)0, (bool)1, (cudnnKernelDataType_t)2>(cudnn::ops::nchw2nhwc_params_t<T3>, const T1 *, T2 *)","1","7","(256, 1, 1)","(1, 8, 256)","0","8.0","Command line profiler metrics","gpu__time_duration.sum","nsecond","15136"
"319","583630","python3.8","127.0.0.1","void cudnn::ops::nchwToNhwcKernel<float, float, float, (bool)0, (bool)1, (cudnnKernelDataType_t)2>(cudnn::ops::nchw2nhwc_params_t<T3>, const T1 *, T2 *)","1","7","(256, 1, 1)","(1, 8, 256)","0","8.0","Command line profiler metrics","lts__t_sectors.avg.pct_of_peak_sustained_elapsed","%","6.93"
"320","583630","python3.8","127.0.0.1","sm80_xmma_fprop_implicit_gemm_tf32f32_tf32f32_f32_nhwckrsc_nchw_tilesize256x128x32_stage3_warpsize4x2x1_g1_tensor16x8x8_execute_kernel_cudnn","1","7","(256, 1, 1)","(2, 49, 1)","0","8.0","Command line profiler metrics","dram__throughput.avg.pct_of_peak_sustained_elapsed","%","2.71"
"320","583630","python3.8","127.0.0.1","sm80_xmma_fprop_implicit_gemm_tf32f32_tf32f32_f32_nhwckrsc_nchw_tilesize256x128x32_stage3_warpsize4x2x1_g1_tensor16x8x8_execute_kernel_cudnn","1","7","(256, 1, 1)","(2, 49, 1)","0","8.0","Command line profiler metrics","gpu__time_duration.sum","nsecond","317216"
"320","583630","python3.8","127.0.0.1","sm80_xmma_fprop_implicit_gemm_tf32f32_tf32f32_f32_nhwckrsc_nchw_tilesize256x128x32_stage3_warpsize4x2x1_g1_tensor16x8x8_execute_kernel_cudnn","1","7","(256, 1, 1)","(2, 49, 1)","0","8.0","Command line profiler metrics","lts__t_sectors.avg.pct_of_peak_sustained_elapsed","%","14.59"
"321","583630","python3.8","127.0.0.1","void cudnn::bn_fw_inf_1C11_kernel_NCHW<float, float, (bool)1, (int)1>(T2, T2, cudnnTensorStruct, const T1 *, cudnnTensorStruct, T1 *, cudnnTensorStruct, const T2 *, const T2 *, const T2 *, const T2 *, T2)","1","7","(64, 1, 1)","(256, 64, 1)","0","8.0","Command line profiler metrics","dram__throughput.avg.pct_of_peak_sustained_elapsed","%","20.74"
"321","583630","python3.8","127.0.0.1","void cudnn::bn_fw_inf_1C11_kernel_NCHW<float, float, (bool)1, (int)1>(T2, T2, cudnnTensorStruct, const T1 *, cudnnTensorStruct, T1 *, cudnnTensorStruct, const T2 *, const T2 *, const T2 *, const T2 *, T2)","1","7","(64, 1, 1)","(256, 64, 1)","0","8.0","Command line profiler metrics","gpu__time_duration.sum","nsecond","35040"
"321","583630","python3.8","127.0.0.1","void cudnn::bn_fw_inf_1C11_kernel_NCHW<float, float, (bool)1, (int)1>(T2, T2, cudnnTensorStruct, const T1 *, cudnnTensorStruct, T1 *, cudnnTensorStruct, const T2 *, const T2 *, const T2 *, const T2 *, T2)","1","7","(64, 1, 1)","(256, 64, 1)","0","8.0","Command line profiler metrics","lts__t_sectors.avg.pct_of_peak_sustained_elapsed","%","16.08"
"322","583630","python3.8","127.0.0.1","void at::native::vectorized_elementwise_kernel<(int)4, at::native::<unnamed>::launch_clamp_scalar(at::TensorIteratorBase &, c10::Scalar, c10::Scalar, at::native::detail::ClampLimits)::[lambda() (instance 1)]::operator ()() const::[lambda() (instance 14)]::operator ()() const::[lambda(float) (instance 1)], at::detail::Array<char *, (int)2>>(int, T2, T3)","1","7","(128, 1, 1)","(6272, 1, 1)","0","8.0","Command line profiler metrics","dram__throughput.avg.pct_of_peak_sustained_elapsed","%","39.08"
"322","583630","python3.8","127.0.0.1","void at::native::vectorized_elementwise_kernel<(int)4, at::native::<unnamed>::launch_clamp_scalar(at::TensorIteratorBase &, c10::Scalar, c10::Scalar, at::native::detail::ClampLimits)::[lambda() (instance 1)]::operator ()() const::[lambda() (instance 14)]::operator ()() const::[lambda(float) (instance 1)], at::detail::Array<char *, (int)2>>(int, T2, T3)","1","7","(128, 1, 1)","(6272, 1, 1)","0","8.0","Command line profiler metrics","gpu__time_duration.sum","nsecond","17088"
"322","583630","python3.8","127.0.0.1","void at::native::vectorized_elementwise_kernel<(int)4, at::native::<unnamed>::launch_clamp_scalar(at::TensorIteratorBase &, c10::Scalar, c10::Scalar, at::native::detail::ClampLimits)::[lambda() (instance 1)]::operator ()() const::[lambda() (instance 14)]::operator ()() const::[lambda(float) (instance 1)], at::detail::Array<char *, (int)2>>(int, T2, T3)","1","7","(128, 1, 1)","(6272, 1, 1)","0","8.0","Command line profiler metrics","lts__t_sectors.avg.pct_of_peak_sustained_elapsed","%","29.71"
"323","583630","python3.8","127.0.0.1","void cutlass::Kernel<cutlass_80_tensorop_s1688gemm_256x64_16x4_nn_align4>(T1::Params)","1","7","(128, 1, 1)","(16, 1, 64)","0","8.0","Command line profiler metrics","dram__throughput.avg.pct_of_peak_sustained_elapsed","%","10.00"
"323","583630","python3.8","127.0.0.1","void cutlass::Kernel<cutlass_80_tensorop_s1688gemm_256x64_16x4_nn_align4>(T1::Params)","1","7","(128, 1, 1)","(16, 1, 64)","0","8.0","Command line profiler metrics","gpu__time_duration.sum","nsecond","247232"
"323","583630","python3.8","127.0.0.1","void cutlass::Kernel<cutlass_80_tensorop_s1688gemm_256x64_16x4_nn_align4>(T1::Params)","1","7","(128, 1, 1)","(16, 1, 64)","0","8.0","Command line profiler metrics","lts__t_sectors.avg.pct_of_peak_sustained_elapsed","%","25.88"
"324","583630","python3.8","127.0.0.1","void cudnn::bn_fw_inf_1C11_kernel_NCHW<float, float, (bool)1, (int)1>(T2, T2, cudnnTensorStruct, const T1 *, cudnnTensorStruct, T1 *, cudnnTensorStruct, const T2 *, const T2 *, const T2 *, const T2 *, T2)","1","7","(64, 1, 1)","(1024, 64, 1)","0","8.0","Command line profiler metrics","dram__throughput.avg.pct_of_peak_sustained_elapsed","%","32.55"
"324","583630","python3.8","127.0.0.1","void cudnn::bn_fw_inf_1C11_kernel_NCHW<float, float, (bool)1, (int)1>(T2, T2, cudnnTensorStruct, const T1 *, cudnnTensorStruct, T1 *, cudnnTensorStruct, const T2 *, const T2 *, const T2 *, const T2 *, T2)","1","7","(64, 1, 1)","(1024, 64, 1)","0","8.0","Command line profiler metrics","gpu__time_duration.sum","nsecond","143936"
"324","583630","python3.8","127.0.0.1","void cudnn::bn_fw_inf_1C11_kernel_NCHW<float, float, (bool)1, (int)1>(T2, T2, cudnnTensorStruct, const T1 *, cudnnTensorStruct, T1 *, cudnnTensorStruct, const T2 *, const T2 *, const T2 *, const T2 *, T2)","1","7","(64, 1, 1)","(1024, 64, 1)","0","8.0","Command line profiler metrics","lts__t_sectors.avg.pct_of_peak_sustained_elapsed","%","18.83"
"325","583630","python3.8","127.0.0.1","void at::native::vectorized_elementwise_kernel<(int)4, at::native::CUDAFunctor_add<float>, at::detail::Array<char *, (int)3>>(int, T2, T3)","1","7","(128, 1, 1)","(25088, 1, 1)","0","8.0","Command line profiler metrics","dram__throughput.avg.pct_of_peak_sustained_elapsed","%","86.10"
"325","583630","python3.8","127.0.0.1","void at::native::vectorized_elementwise_kernel<(int)4, at::native::CUDAFunctor_add<float>, at::detail::Array<char *, (int)3>>(int, T2, T3)","1","7","(128, 1, 1)","(25088, 1, 1)","0","8.0","Command line profiler metrics","gpu__time_duration.sum","nsecond","83680"
"325","583630","python3.8","127.0.0.1","void at::native::vectorized_elementwise_kernel<(int)4, at::native::CUDAFunctor_add<float>, at::detail::Array<char *, (int)3>>(int, T2, T3)","1","7","(128, 1, 1)","(25088, 1, 1)","0","8.0","Command line profiler metrics","lts__t_sectors.avg.pct_of_peak_sustained_elapsed","%","41.67"
"326","583630","python3.8","127.0.0.1","void at::native::vectorized_elementwise_kernel<(int)4, at::native::<unnamed>::launch_clamp_scalar(at::TensorIteratorBase &, c10::Scalar, c10::Scalar, at::native::detail::ClampLimits)::[lambda() (instance 1)]::operator ()() const::[lambda() (instance 14)]::operator ()() const::[lambda(float) (instance 1)], at::detail::Array<char *, (int)2>>(int, T2, T3)","1","7","(128, 1, 1)","(25088, 1, 1)","0","8.0","Command line profiler metrics","dram__throughput.avg.pct_of_peak_sustained_elapsed","%","71.29"
"326","583630","python3.8","127.0.0.1","void at::native::vectorized_elementwise_kernel<(int)4, at::native::<unnamed>::launch_clamp_scalar(at::TensorIteratorBase &, c10::Scalar, c10::Scalar, at::native::detail::ClampLimits)::[lambda() (instance 1)]::operator ()() const::[lambda() (instance 14)]::operator ()() const::[lambda(float) (instance 1)], at::detail::Array<char *, (int)2>>(int, T2, T3)","1","7","(128, 1, 1)","(25088, 1, 1)","0","8.0","Command line profiler metrics","gpu__time_duration.sum","nsecond","61120"
"326","583630","python3.8","127.0.0.1","void at::native::vectorized_elementwise_kernel<(int)4, at::native::<unnamed>::launch_clamp_scalar(at::TensorIteratorBase &, c10::Scalar, c10::Scalar, at::native::detail::ClampLimits)::[lambda() (instance 1)]::operator ()() const::[lambda() (instance 14)]::operator ()() const::[lambda(float) (instance 1)], at::detail::Array<char *, (int)2>>(int, T2, T3)","1","7","(128, 1, 1)","(25088, 1, 1)","0","8.0","Command line profiler metrics","lts__t_sectors.avg.pct_of_peak_sustained_elapsed","%","35.11"
"327","583630","python3.8","127.0.0.1","void cutlass::Kernel<cutlass_80_tensorop_s1688gemm_256x64_16x4_nn_align4>(T1::Params)","1","7","(128, 1, 1)","(4, 1, 64)","0","8.0","Command line profiler metrics","dram__throughput.avg.pct_of_peak_sustained_elapsed","%","14.28"
"327","583630","python3.8","127.0.0.1","void cutlass::Kernel<cutlass_80_tensorop_s1688gemm_256x64_16x4_nn_align4>(T1::Params)","1","7","(128, 1, 1)","(4, 1, 64)","0","8.0","Command line profiler metrics","gpu__time_duration.sum","nsecond","219456"
"327","583630","python3.8","127.0.0.1","void cutlass::Kernel<cutlass_80_tensorop_s1688gemm_256x64_16x4_nn_align4>(T1::Params)","1","7","(128, 1, 1)","(4, 1, 64)","0","8.0","Command line profiler metrics","lts__t_sectors.avg.pct_of_peak_sustained_elapsed","%","28.00"
"328","583630","python3.8","127.0.0.1","void cudnn::bn_fw_inf_1C11_kernel_NCHW<float, float, (bool)1, (int)1>(T2, T2, cudnnTensorStruct, const T1 *, cudnnTensorStruct, T1 *, cudnnTensorStruct, const T2 *, const T2 *, const T2 *, const T2 *, T2)","1","7","(64, 1, 1)","(256, 64, 1)","0","8.0","Command line profiler metrics","dram__throughput.avg.pct_of_peak_sustained_elapsed","%","20.46"
"328","583630","python3.8","127.0.0.1","void cudnn::bn_fw_inf_1C11_kernel_NCHW<float, float, (bool)1, (int)1>(T2, T2, cudnnTensorStruct, const T1 *, cudnnTensorStruct, T1 *, cudnnTensorStruct, const T2 *, const T2 *, const T2 *, const T2 *, T2)","1","7","(64, 1, 1)","(256, 64, 1)","0","8.0","Command line profiler metrics","gpu__time_duration.sum","nsecond","35104"
"328","583630","python3.8","127.0.0.1","void cudnn::bn_fw_inf_1C11_kernel_NCHW<float, float, (bool)1, (int)1>(T2, T2, cudnnTensorStruct, const T1 *, cudnnTensorStruct, T1 *, cudnnTensorStruct, const T2 *, const T2 *, const T2 *, const T2 *, T2)","1","7","(64, 1, 1)","(256, 64, 1)","0","8.0","Command line profiler metrics","lts__t_sectors.avg.pct_of_peak_sustained_elapsed","%","15.65"
"329","583630","python3.8","127.0.0.1","void at::native::vectorized_elementwise_kernel<(int)4, at::native::<unnamed>::launch_clamp_scalar(at::TensorIteratorBase &, c10::Scalar, c10::Scalar, at::native::detail::ClampLimits)::[lambda() (instance 1)]::operator ()() const::[lambda() (instance 14)]::operator ()() const::[lambda(float) (instance 1)], at::detail::Array<char *, (int)2>>(int, T2, T3)","1","7","(128, 1, 1)","(6272, 1, 1)","0","8.0","Command line profiler metrics","dram__throughput.avg.pct_of_peak_sustained_elapsed","%","37.95"
"329","583630","python3.8","127.0.0.1","void at::native::vectorized_elementwise_kernel<(int)4, at::native::<unnamed>::launch_clamp_scalar(at::TensorIteratorBase &, c10::Scalar, c10::Scalar, at::native::detail::ClampLimits)::[lambda() (instance 1)]::operator ()() const::[lambda() (instance 14)]::operator ()() const::[lambda(float) (instance 1)], at::detail::Array<char *, (int)2>>(int, T2, T3)","1","7","(128, 1, 1)","(6272, 1, 1)","0","8.0","Command line profiler metrics","gpu__time_duration.sum","nsecond","17600"
"329","583630","python3.8","127.0.0.1","void at::native::vectorized_elementwise_kernel<(int)4, at::native::<unnamed>::launch_clamp_scalar(at::TensorIteratorBase &, c10::Scalar, c10::Scalar, at::native::detail::ClampLimits)::[lambda() (instance 1)]::operator ()() const::[lambda() (instance 14)]::operator ()() const::[lambda(float) (instance 1)], at::detail::Array<char *, (int)2>>(int, T2, T3)","1","7","(128, 1, 1)","(6272, 1, 1)","0","8.0","Command line profiler metrics","lts__t_sectors.avg.pct_of_peak_sustained_elapsed","%","28.87"
"330","583630","python3.8","127.0.0.1","void cudnn::ops::nchwToNhwcKernel<float, float, float, (bool)0, (bool)1, (cudnnKernelDataType_t)2>(cudnn::ops::nchw2nhwc_params_t<T3>, const T1 *, T2 *)","1","7","(256, 1, 1)","(7, 8, 64)","0","8.0","Command line profiler metrics","dram__throughput.avg.pct_of_peak_sustained_elapsed","%","31.40"
"330","583630","python3.8","127.0.0.1","void cudnn::ops::nchwToNhwcKernel<float, float, float, (bool)0, (bool)1, (cudnnKernelDataType_t)2>(cudnn::ops::nchw2nhwc_params_t<T3>, const T1 *, T2 *)","1","7","(256, 1, 1)","(7, 8, 64)","0","8.0","Command line profiler metrics","gpu__time_duration.sum","nsecond","22976"
"330","583630","python3.8","127.0.0.1","void cudnn::ops::nchwToNhwcKernel<float, float, float, (bool)0, (bool)1, (cudnnKernelDataType_t)2>(cudnn::ops::nchw2nhwc_params_t<T3>, const T1 *, T2 *)","1","7","(256, 1, 1)","(7, 8, 64)","0","8.0","Command line profiler metrics","lts__t_sectors.avg.pct_of_peak_sustained_elapsed","%","26.07"
"331","583630","python3.8","127.0.0.1","void cudnn::ops::nchwToNhwcKernel<float, float, float, (bool)0, (bool)1, (cudnnKernelDataType_t)2>(cudnn::ops::nchw2nhwc_params_t<T3>, const T1 *, T2 *)","1","7","(256, 1, 1)","(1, 8, 256)","0","8.0","Command line profiler metrics","dram__throughput.avg.pct_of_peak_sustained_elapsed","%","8.20"
"331","583630","python3.8","127.0.0.1","void cudnn::ops::nchwToNhwcKernel<float, float, float, (bool)0, (bool)1, (cudnnKernelDataType_t)2>(cudnn::ops::nchw2nhwc_params_t<T3>, const T1 *, T2 *)","1","7","(256, 1, 1)","(1, 8, 256)","0","8.0","Command line profiler metrics","gpu__time_duration.sum","nsecond","14976"
"331","583630","python3.8","127.0.0.1","void cudnn::ops::nchwToNhwcKernel<float, float, float, (bool)0, (bool)1, (cudnnKernelDataType_t)2>(cudnn::ops::nchw2nhwc_params_t<T3>, const T1 *, T2 *)","1","7","(256, 1, 1)","(1, 8, 256)","0","8.0","Command line profiler metrics","lts__t_sectors.avg.pct_of_peak_sustained_elapsed","%","6.92"
"332","583630","python3.8","127.0.0.1","sm80_xmma_fprop_implicit_gemm_tf32f32_tf32f32_f32_nhwckrsc_nchw_tilesize256x128x32_stage3_warpsize4x2x1_g1_tensor16x8x8_execute_kernel_cudnn","1","7","(256, 1, 1)","(2, 49, 1)","0","8.0","Command line profiler metrics","dram__throughput.avg.pct_of_peak_sustained_elapsed","%","2.72"
"332","583630","python3.8","127.0.0.1","sm80_xmma_fprop_implicit_gemm_tf32f32_tf32f32_f32_nhwckrsc_nchw_tilesize256x128x32_stage3_warpsize4x2x1_g1_tensor16x8x8_execute_kernel_cudnn","1","7","(256, 1, 1)","(2, 49, 1)","0","8.0","Command line profiler metrics","gpu__time_duration.sum","nsecond","316992"
"332","583630","python3.8","127.0.0.1","sm80_xmma_fprop_implicit_gemm_tf32f32_tf32f32_f32_nhwckrsc_nchw_tilesize256x128x32_stage3_warpsize4x2x1_g1_tensor16x8x8_execute_kernel_cudnn","1","7","(256, 1, 1)","(2, 49, 1)","0","8.0","Command line profiler metrics","lts__t_sectors.avg.pct_of_peak_sustained_elapsed","%","14.60"
"333","583630","python3.8","127.0.0.1","void cudnn::bn_fw_inf_1C11_kernel_NCHW<float, float, (bool)1, (int)1>(T2, T2, cudnnTensorStruct, const T1 *, cudnnTensorStruct, T1 *, cudnnTensorStruct, const T2 *, const T2 *, const T2 *, const T2 *, T2)","1","7","(64, 1, 1)","(256, 64, 1)","0","8.0","Command line profiler metrics","dram__throughput.avg.pct_of_peak_sustained_elapsed","%","20.67"
"333","583630","python3.8","127.0.0.1","void cudnn::bn_fw_inf_1C11_kernel_NCHW<float, float, (bool)1, (int)1>(T2, T2, cudnnTensorStruct, const T1 *, cudnnTensorStruct, T1 *, cudnnTensorStruct, const T2 *, const T2 *, const T2 *, const T2 *, T2)","1","7","(64, 1, 1)","(256, 64, 1)","0","8.0","Command line profiler metrics","gpu__time_duration.sum","nsecond","34912"
"333","583630","python3.8","127.0.0.1","void cudnn::bn_fw_inf_1C11_kernel_NCHW<float, float, (bool)1, (int)1>(T2, T2, cudnnTensorStruct, const T1 *, cudnnTensorStruct, T1 *, cudnnTensorStruct, const T2 *, const T2 *, const T2 *, const T2 *, T2)","1","7","(64, 1, 1)","(256, 64, 1)","0","8.0","Command line profiler metrics","lts__t_sectors.avg.pct_of_peak_sustained_elapsed","%","16.18"
"334","583630","python3.8","127.0.0.1","void at::native::vectorized_elementwise_kernel<(int)4, at::native::<unnamed>::launch_clamp_scalar(at::TensorIteratorBase &, c10::Scalar, c10::Scalar, at::native::detail::ClampLimits)::[lambda() (instance 1)]::operator ()() const::[lambda() (instance 14)]::operator ()() const::[lambda(float) (instance 1)], at::detail::Array<char *, (int)2>>(int, T2, T3)","1","7","(128, 1, 1)","(6272, 1, 1)","0","8.0","Command line profiler metrics","dram__throughput.avg.pct_of_peak_sustained_elapsed","%","38.32"
"334","583630","python3.8","127.0.0.1","void at::native::vectorized_elementwise_kernel<(int)4, at::native::<unnamed>::launch_clamp_scalar(at::TensorIteratorBase &, c10::Scalar, c10::Scalar, at::native::detail::ClampLimits)::[lambda() (instance 1)]::operator ()() const::[lambda() (instance 14)]::operator ()() const::[lambda(float) (instance 1)], at::detail::Array<char *, (int)2>>(int, T2, T3)","1","7","(128, 1, 1)","(6272, 1, 1)","0","8.0","Command line profiler metrics","gpu__time_duration.sum","nsecond","17376"
"334","583630","python3.8","127.0.0.1","void at::native::vectorized_elementwise_kernel<(int)4, at::native::<unnamed>::launch_clamp_scalar(at::TensorIteratorBase &, c10::Scalar, c10::Scalar, at::native::detail::ClampLimits)::[lambda() (instance 1)]::operator ()() const::[lambda() (instance 14)]::operator ()() const::[lambda(float) (instance 1)], at::detail::Array<char *, (int)2>>(int, T2, T3)","1","7","(128, 1, 1)","(6272, 1, 1)","0","8.0","Command line profiler metrics","lts__t_sectors.avg.pct_of_peak_sustained_elapsed","%","29.32"
"335","583630","python3.8","127.0.0.1","void cutlass::Kernel<cutlass_80_tensorop_s1688gemm_256x64_16x4_nn_align4>(T1::Params)","1","7","(128, 1, 1)","(16, 1, 64)","0","8.0","Command line profiler metrics","dram__throughput.avg.pct_of_peak_sustained_elapsed","%","9.93"
"335","583630","python3.8","127.0.0.1","void cutlass::Kernel<cutlass_80_tensorop_s1688gemm_256x64_16x4_nn_align4>(T1::Params)","1","7","(128, 1, 1)","(16, 1, 64)","0","8.0","Command line profiler metrics","gpu__time_duration.sum","nsecond","247328"
"335","583630","python3.8","127.0.0.1","void cutlass::Kernel<cutlass_80_tensorop_s1688gemm_256x64_16x4_nn_align4>(T1::Params)","1","7","(128, 1, 1)","(16, 1, 64)","0","8.0","Command line profiler metrics","lts__t_sectors.avg.pct_of_peak_sustained_elapsed","%","25.90"
"336","583630","python3.8","127.0.0.1","void cudnn::bn_fw_inf_1C11_kernel_NCHW<float, float, (bool)1, (int)1>(T2, T2, cudnnTensorStruct, const T1 *, cudnnTensorStruct, T1 *, cudnnTensorStruct, const T2 *, const T2 *, const T2 *, const T2 *, T2)","1","7","(64, 1, 1)","(1024, 64, 1)","0","8.0","Command line profiler metrics","dram__throughput.avg.pct_of_peak_sustained_elapsed","%","32.65"
"336","583630","python3.8","127.0.0.1","void cudnn::bn_fw_inf_1C11_kernel_NCHW<float, float, (bool)1, (int)1>(T2, T2, cudnnTensorStruct, const T1 *, cudnnTensorStruct, T1 *, cudnnTensorStruct, const T2 *, const T2 *, const T2 *, const T2 *, T2)","1","7","(64, 1, 1)","(1024, 64, 1)","0","8.0","Command line profiler metrics","gpu__time_duration.sum","nsecond","143424"
"336","583630","python3.8","127.0.0.1","void cudnn::bn_fw_inf_1C11_kernel_NCHW<float, float, (bool)1, (int)1>(T2, T2, cudnnTensorStruct, const T1 *, cudnnTensorStruct, T1 *, cudnnTensorStruct, const T2 *, const T2 *, const T2 *, const T2 *, T2)","1","7","(64, 1, 1)","(1024, 64, 1)","0","8.0","Command line profiler metrics","lts__t_sectors.avg.pct_of_peak_sustained_elapsed","%","18.85"
"337","583630","python3.8","127.0.0.1","void at::native::vectorized_elementwise_kernel<(int)4, at::native::CUDAFunctor_add<float>, at::detail::Array<char *, (int)3>>(int, T2, T3)","1","7","(128, 1, 1)","(25088, 1, 1)","0","8.0","Command line profiler metrics","dram__throughput.avg.pct_of_peak_sustained_elapsed","%","86.05"
"337","583630","python3.8","127.0.0.1","void at::native::vectorized_elementwise_kernel<(int)4, at::native::CUDAFunctor_add<float>, at::detail::Array<char *, (int)3>>(int, T2, T3)","1","7","(128, 1, 1)","(25088, 1, 1)","0","8.0","Command line profiler metrics","gpu__time_duration.sum","nsecond","83776"
"337","583630","python3.8","127.0.0.1","void at::native::vectorized_elementwise_kernel<(int)4, at::native::CUDAFunctor_add<float>, at::detail::Array<char *, (int)3>>(int, T2, T3)","1","7","(128, 1, 1)","(25088, 1, 1)","0","8.0","Command line profiler metrics","lts__t_sectors.avg.pct_of_peak_sustained_elapsed","%","41.70"
"338","583630","python3.8","127.0.0.1","void at::native::vectorized_elementwise_kernel<(int)4, at::native::<unnamed>::launch_clamp_scalar(at::TensorIteratorBase &, c10::Scalar, c10::Scalar, at::native::detail::ClampLimits)::[lambda() (instance 1)]::operator ()() const::[lambda() (instance 14)]::operator ()() const::[lambda(float) (instance 1)], at::detail::Array<char *, (int)2>>(int, T2, T3)","1","7","(128, 1, 1)","(25088, 1, 1)","0","8.0","Command line profiler metrics","dram__throughput.avg.pct_of_peak_sustained_elapsed","%","71.06"
"338","583630","python3.8","127.0.0.1","void at::native::vectorized_elementwise_kernel<(int)4, at::native::<unnamed>::launch_clamp_scalar(at::TensorIteratorBase &, c10::Scalar, c10::Scalar, at::native::detail::ClampLimits)::[lambda() (instance 1)]::operator ()() const::[lambda() (instance 14)]::operator ()() const::[lambda(float) (instance 1)], at::detail::Array<char *, (int)2>>(int, T2, T3)","1","7","(128, 1, 1)","(25088, 1, 1)","0","8.0","Command line profiler metrics","gpu__time_duration.sum","nsecond","61344"
"338","583630","python3.8","127.0.0.1","void at::native::vectorized_elementwise_kernel<(int)4, at::native::<unnamed>::launch_clamp_scalar(at::TensorIteratorBase &, c10::Scalar, c10::Scalar, at::native::detail::ClampLimits)::[lambda() (instance 1)]::operator ()() const::[lambda() (instance 14)]::operator ()() const::[lambda(float) (instance 1)], at::detail::Array<char *, (int)2>>(int, T2, T3)","1","7","(128, 1, 1)","(25088, 1, 1)","0","8.0","Command line profiler metrics","lts__t_sectors.avg.pct_of_peak_sustained_elapsed","%","35.15"
"339","583630","python3.8","127.0.0.1","void cutlass::Kernel<cutlass_80_tensorop_s1688gemm_256x64_16x4_nn_align4>(T1::Params)","1","7","(128, 1, 1)","(4, 1, 64)","0","8.0","Command line profiler metrics","dram__throughput.avg.pct_of_peak_sustained_elapsed","%","14.35"
"339","583630","python3.8","127.0.0.1","void cutlass::Kernel<cutlass_80_tensorop_s1688gemm_256x64_16x4_nn_align4>(T1::Params)","1","7","(128, 1, 1)","(4, 1, 64)","0","8.0","Command line profiler metrics","gpu__time_duration.sum","nsecond","217888"
"339","583630","python3.8","127.0.0.1","void cutlass::Kernel<cutlass_80_tensorop_s1688gemm_256x64_16x4_nn_align4>(T1::Params)","1","7","(128, 1, 1)","(4, 1, 64)","0","8.0","Command line profiler metrics","lts__t_sectors.avg.pct_of_peak_sustained_elapsed","%","28.23"
"340","583630","python3.8","127.0.0.1","void cudnn::bn_fw_inf_1C11_kernel_NCHW<float, float, (bool)1, (int)1>(T2, T2, cudnnTensorStruct, const T1 *, cudnnTensorStruct, T1 *, cudnnTensorStruct, const T2 *, const T2 *, const T2 *, const T2 *, T2)","1","7","(64, 1, 1)","(256, 64, 1)","0","8.0","Command line profiler metrics","dram__throughput.avg.pct_of_peak_sustained_elapsed","%","20.52"
"340","583630","python3.8","127.0.0.1","void cudnn::bn_fw_inf_1C11_kernel_NCHW<float, float, (bool)1, (int)1>(T2, T2, cudnnTensorStruct, const T1 *, cudnnTensorStruct, T1 *, cudnnTensorStruct, const T2 *, const T2 *, const T2 *, const T2 *, T2)","1","7","(64, 1, 1)","(256, 64, 1)","0","8.0","Command line profiler metrics","gpu__time_duration.sum","nsecond","35136"
"340","583630","python3.8","127.0.0.1","void cudnn::bn_fw_inf_1C11_kernel_NCHW<float, float, (bool)1, (int)1>(T2, T2, cudnnTensorStruct, const T1 *, cudnnTensorStruct, T1 *, cudnnTensorStruct, const T2 *, const T2 *, const T2 *, const T2 *, T2)","1","7","(64, 1, 1)","(256, 64, 1)","0","8.0","Command line profiler metrics","lts__t_sectors.avg.pct_of_peak_sustained_elapsed","%","15.60"
"341","583630","python3.8","127.0.0.1","void at::native::vectorized_elementwise_kernel<(int)4, at::native::<unnamed>::launch_clamp_scalar(at::TensorIteratorBase &, c10::Scalar, c10::Scalar, at::native::detail::ClampLimits)::[lambda() (instance 1)]::operator ()() const::[lambda() (instance 14)]::operator ()() const::[lambda(float) (instance 1)], at::detail::Array<char *, (int)2>>(int, T2, T3)","1","7","(128, 1, 1)","(6272, 1, 1)","0","8.0","Command line profiler metrics","dram__throughput.avg.pct_of_peak_sustained_elapsed","%","38.47"
"341","583630","python3.8","127.0.0.1","void at::native::vectorized_elementwise_kernel<(int)4, at::native::<unnamed>::launch_clamp_scalar(at::TensorIteratorBase &, c10::Scalar, c10::Scalar, at::native::detail::ClampLimits)::[lambda() (instance 1)]::operator ()() const::[lambda() (instance 14)]::operator ()() const::[lambda(float) (instance 1)], at::detail::Array<char *, (int)2>>(int, T2, T3)","1","7","(128, 1, 1)","(6272, 1, 1)","0","8.0","Command line profiler metrics","gpu__time_duration.sum","nsecond","17344"
"341","583630","python3.8","127.0.0.1","void at::native::vectorized_elementwise_kernel<(int)4, at::native::<unnamed>::launch_clamp_scalar(at::TensorIteratorBase &, c10::Scalar, c10::Scalar, at::native::detail::ClampLimits)::[lambda() (instance 1)]::operator ()() const::[lambda() (instance 14)]::operator ()() const::[lambda(float) (instance 1)], at::detail::Array<char *, (int)2>>(int, T2, T3)","1","7","(128, 1, 1)","(6272, 1, 1)","0","8.0","Command line profiler metrics","lts__t_sectors.avg.pct_of_peak_sustained_elapsed","%","29.52"
"342","583630","python3.8","127.0.0.1","void cudnn::ops::nchwToNhwcKernel<float, float, float, (bool)0, (bool)1, (cudnnKernelDataType_t)2>(cudnn::ops::nchw2nhwc_params_t<T3>, const T1 *, T2 *)","1","7","(256, 1, 1)","(7, 8, 64)","0","8.0","Command line profiler metrics","dram__throughput.avg.pct_of_peak_sustained_elapsed","%","31.84"
"342","583630","python3.8","127.0.0.1","void cudnn::ops::nchwToNhwcKernel<float, float, float, (bool)0, (bool)1, (cudnnKernelDataType_t)2>(cudnn::ops::nchw2nhwc_params_t<T3>, const T1 *, T2 *)","1","7","(256, 1, 1)","(7, 8, 64)","0","8.0","Command line profiler metrics","gpu__time_duration.sum","nsecond","22720"
"342","583630","python3.8","127.0.0.1","void cudnn::ops::nchwToNhwcKernel<float, float, float, (bool)0, (bool)1, (cudnnKernelDataType_t)2>(cudnn::ops::nchw2nhwc_params_t<T3>, const T1 *, T2 *)","1","7","(256, 1, 1)","(7, 8, 64)","0","8.0","Command line profiler metrics","lts__t_sectors.avg.pct_of_peak_sustained_elapsed","%","26.29"
"343","583630","python3.8","127.0.0.1","void cudnn::ops::nchwToNhwcKernel<float, float, float, (bool)0, (bool)1, (cudnnKernelDataType_t)2>(cudnn::ops::nchw2nhwc_params_t<T3>, const T1 *, T2 *)","1","7","(256, 1, 1)","(1, 8, 256)","0","8.0","Command line profiler metrics","dram__throughput.avg.pct_of_peak_sustained_elapsed","%","8.12"
"343","583630","python3.8","127.0.0.1","void cudnn::ops::nchwToNhwcKernel<float, float, float, (bool)0, (bool)1, (cudnnKernelDataType_t)2>(cudnn::ops::nchw2nhwc_params_t<T3>, const T1 *, T2 *)","1","7","(256, 1, 1)","(1, 8, 256)","0","8.0","Command line profiler metrics","gpu__time_duration.sum","nsecond","15104"
"343","583630","python3.8","127.0.0.1","void cudnn::ops::nchwToNhwcKernel<float, float, float, (bool)0, (bool)1, (cudnnKernelDataType_t)2>(cudnn::ops::nchw2nhwc_params_t<T3>, const T1 *, T2 *)","1","7","(256, 1, 1)","(1, 8, 256)","0","8.0","Command line profiler metrics","lts__t_sectors.avg.pct_of_peak_sustained_elapsed","%","7.05"
"344","583630","python3.8","127.0.0.1","sm80_xmma_fprop_implicit_gemm_tf32f32_tf32f32_f32_nhwckrsc_nchw_tilesize256x128x32_stage3_warpsize4x2x1_g1_tensor16x8x8_execute_kernel_cudnn","1","7","(256, 1, 1)","(2, 49, 1)","0","8.0","Command line profiler metrics","dram__throughput.avg.pct_of_peak_sustained_elapsed","%","2.73"
"344","583630","python3.8","127.0.0.1","sm80_xmma_fprop_implicit_gemm_tf32f32_tf32f32_f32_nhwckrsc_nchw_tilesize256x128x32_stage3_warpsize4x2x1_g1_tensor16x8x8_execute_kernel_cudnn","1","7","(256, 1, 1)","(2, 49, 1)","0","8.0","Command line profiler metrics","gpu__time_duration.sum","nsecond","317184"
"344","583630","python3.8","127.0.0.1","sm80_xmma_fprop_implicit_gemm_tf32f32_tf32f32_f32_nhwckrsc_nchw_tilesize256x128x32_stage3_warpsize4x2x1_g1_tensor16x8x8_execute_kernel_cudnn","1","7","(256, 1, 1)","(2, 49, 1)","0","8.0","Command line profiler metrics","lts__t_sectors.avg.pct_of_peak_sustained_elapsed","%","14.62"
"345","583630","python3.8","127.0.0.1","void cudnn::bn_fw_inf_1C11_kernel_NCHW<float, float, (bool)1, (int)1>(T2, T2, cudnnTensorStruct, const T1 *, cudnnTensorStruct, T1 *, cudnnTensorStruct, const T2 *, const T2 *, const T2 *, const T2 *, T2)","1","7","(64, 1, 1)","(256, 64, 1)","0","8.0","Command line profiler metrics","dram__throughput.avg.pct_of_peak_sustained_elapsed","%","20.24"
"345","583630","python3.8","127.0.0.1","void cudnn::bn_fw_inf_1C11_kernel_NCHW<float, float, (bool)1, (int)1>(T2, T2, cudnnTensorStruct, const T1 *, cudnnTensorStruct, T1 *, cudnnTensorStruct, const T2 *, const T2 *, const T2 *, const T2 *, T2)","1","7","(64, 1, 1)","(256, 64, 1)","0","8.0","Command line profiler metrics","gpu__time_duration.sum","nsecond","35712"
"345","583630","python3.8","127.0.0.1","void cudnn::bn_fw_inf_1C11_kernel_NCHW<float, float, (bool)1, (int)1>(T2, T2, cudnnTensorStruct, const T1 *, cudnnTensorStruct, T1 *, cudnnTensorStruct, const T2 *, const T2 *, const T2 *, const T2 *, T2)","1","7","(64, 1, 1)","(256, 64, 1)","0","8.0","Command line profiler metrics","lts__t_sectors.avg.pct_of_peak_sustained_elapsed","%","15.72"
"346","583630","python3.8","127.0.0.1","void at::native::vectorized_elementwise_kernel<(int)4, at::native::<unnamed>::launch_clamp_scalar(at::TensorIteratorBase &, c10::Scalar, c10::Scalar, at::native::detail::ClampLimits)::[lambda() (instance 1)]::operator ()() const::[lambda() (instance 14)]::operator ()() const::[lambda(float) (instance 1)], at::detail::Array<char *, (int)2>>(int, T2, T3)","1","7","(128, 1, 1)","(6272, 1, 1)","0","8.0","Command line profiler metrics","dram__throughput.avg.pct_of_peak_sustained_elapsed","%","38.07"
"346","583630","python3.8","127.0.0.1","void at::native::vectorized_elementwise_kernel<(int)4, at::native::<unnamed>::launch_clamp_scalar(at::TensorIteratorBase &, c10::Scalar, c10::Scalar, at::native::detail::ClampLimits)::[lambda() (instance 1)]::operator ()() const::[lambda() (instance 14)]::operator ()() const::[lambda(float) (instance 1)], at::detail::Array<char *, (int)2>>(int, T2, T3)","1","7","(128, 1, 1)","(6272, 1, 1)","0","8.0","Command line profiler metrics","gpu__time_duration.sum","nsecond","17504"
"346","583630","python3.8","127.0.0.1","void at::native::vectorized_elementwise_kernel<(int)4, at::native::<unnamed>::launch_clamp_scalar(at::TensorIteratorBase &, c10::Scalar, c10::Scalar, at::native::detail::ClampLimits)::[lambda() (instance 1)]::operator ()() const::[lambda() (instance 14)]::operator ()() const::[lambda(float) (instance 1)], at::detail::Array<char *, (int)2>>(int, T2, T3)","1","7","(128, 1, 1)","(6272, 1, 1)","0","8.0","Command line profiler metrics","lts__t_sectors.avg.pct_of_peak_sustained_elapsed","%","29.31"
"347","583630","python3.8","127.0.0.1","void cutlass::Kernel<cutlass_80_tensorop_s1688gemm_256x64_16x4_nn_align4>(T1::Params)","1","7","(128, 1, 1)","(16, 1, 64)","0","8.0","Command line profiler metrics","dram__throughput.avg.pct_of_peak_sustained_elapsed","%","10.05"
"347","583630","python3.8","127.0.0.1","void cutlass::Kernel<cutlass_80_tensorop_s1688gemm_256x64_16x4_nn_align4>(T1::Params)","1","7","(128, 1, 1)","(16, 1, 64)","0","8.0","Command line profiler metrics","gpu__time_duration.sum","nsecond","247456"
"347","583630","python3.8","127.0.0.1","void cutlass::Kernel<cutlass_80_tensorop_s1688gemm_256x64_16x4_nn_align4>(T1::Params)","1","7","(128, 1, 1)","(16, 1, 64)","0","8.0","Command line profiler metrics","lts__t_sectors.avg.pct_of_peak_sustained_elapsed","%","25.85"
"348","583630","python3.8","127.0.0.1","void cudnn::bn_fw_inf_1C11_kernel_NCHW<float, float, (bool)1, (int)1>(T2, T2, cudnnTensorStruct, const T1 *, cudnnTensorStruct, T1 *, cudnnTensorStruct, const T2 *, const T2 *, const T2 *, const T2 *, T2)","1","7","(64, 1, 1)","(1024, 64, 1)","0","8.0","Command line profiler metrics","dram__throughput.avg.pct_of_peak_sustained_elapsed","%","32.40"
"348","583630","python3.8","127.0.0.1","void cudnn::bn_fw_inf_1C11_kernel_NCHW<float, float, (bool)1, (int)1>(T2, T2, cudnnTensorStruct, const T1 *, cudnnTensorStruct, T1 *, cudnnTensorStruct, const T2 *, const T2 *, const T2 *, const T2 *, T2)","1","7","(64, 1, 1)","(1024, 64, 1)","0","8.0","Command line profiler metrics","gpu__time_duration.sum","nsecond","144512"
"348","583630","python3.8","127.0.0.1","void cudnn::bn_fw_inf_1C11_kernel_NCHW<float, float, (bool)1, (int)1>(T2, T2, cudnnTensorStruct, const T1 *, cudnnTensorStruct, T1 *, cudnnTensorStruct, const T2 *, const T2 *, const T2 *, const T2 *, T2)","1","7","(64, 1, 1)","(1024, 64, 1)","0","8.0","Command line profiler metrics","lts__t_sectors.avg.pct_of_peak_sustained_elapsed","%","18.75"
"349","583630","python3.8","127.0.0.1","void at::native::vectorized_elementwise_kernel<(int)4, at::native::CUDAFunctor_add<float>, at::detail::Array<char *, (int)3>>(int, T2, T3)","1","7","(128, 1, 1)","(25088, 1, 1)","0","8.0","Command line profiler metrics","dram__throughput.avg.pct_of_peak_sustained_elapsed","%","85.88"
"349","583630","python3.8","127.0.0.1","void at::native::vectorized_elementwise_kernel<(int)4, at::native::CUDAFunctor_add<float>, at::detail::Array<char *, (int)3>>(int, T2, T3)","1","7","(128, 1, 1)","(25088, 1, 1)","0","8.0","Command line profiler metrics","gpu__time_duration.sum","nsecond","84000"
"349","583630","python3.8","127.0.0.1","void at::native::vectorized_elementwise_kernel<(int)4, at::native::CUDAFunctor_add<float>, at::detail::Array<char *, (int)3>>(int, T2, T3)","1","7","(128, 1, 1)","(25088, 1, 1)","0","8.0","Command line profiler metrics","lts__t_sectors.avg.pct_of_peak_sustained_elapsed","%","41.54"
"350","583630","python3.8","127.0.0.1","void at::native::vectorized_elementwise_kernel<(int)4, at::native::<unnamed>::launch_clamp_scalar(at::TensorIteratorBase &, c10::Scalar, c10::Scalar, at::native::detail::ClampLimits)::[lambda() (instance 1)]::operator ()() const::[lambda() (instance 14)]::operator ()() const::[lambda(float) (instance 1)], at::detail::Array<char *, (int)2>>(int, T2, T3)","1","7","(128, 1, 1)","(25088, 1, 1)","0","8.0","Command line profiler metrics","dram__throughput.avg.pct_of_peak_sustained_elapsed","%","69.23"
"350","583630","python3.8","127.0.0.1","void at::native::vectorized_elementwise_kernel<(int)4, at::native::<unnamed>::launch_clamp_scalar(at::TensorIteratorBase &, c10::Scalar, c10::Scalar, at::native::detail::ClampLimits)::[lambda() (instance 1)]::operator ()() const::[lambda() (instance 14)]::operator ()() const::[lambda(float) (instance 1)], at::detail::Array<char *, (int)2>>(int, T2, T3)","1","7","(128, 1, 1)","(25088, 1, 1)","0","8.0","Command line profiler metrics","gpu__time_duration.sum","nsecond","62944"
"350","583630","python3.8","127.0.0.1","void at::native::vectorized_elementwise_kernel<(int)4, at::native::<unnamed>::launch_clamp_scalar(at::TensorIteratorBase &, c10::Scalar, c10::Scalar, at::native::detail::ClampLimits)::[lambda() (instance 1)]::operator ()() const::[lambda() (instance 14)]::operator ()() const::[lambda(float) (instance 1)], at::detail::Array<char *, (int)2>>(int, T2, T3)","1","7","(128, 1, 1)","(25088, 1, 1)","0","8.0","Command line profiler metrics","lts__t_sectors.avg.pct_of_peak_sustained_elapsed","%","34.16"
"351","583630","python3.8","127.0.0.1","void cutlass::Kernel<cutlass_80_tensorop_s1688gemm_256x64_16x4_nn_align4>(T1::Params)","1","7","(128, 1, 1)","(4, 1, 64)","0","8.0","Command line profiler metrics","dram__throughput.avg.pct_of_peak_sustained_elapsed","%","14.20"
"351","583630","python3.8","127.0.0.1","void cutlass::Kernel<cutlass_80_tensorop_s1688gemm_256x64_16x4_nn_align4>(T1::Params)","1","7","(128, 1, 1)","(4, 1, 64)","0","8.0","Command line profiler metrics","gpu__time_duration.sum","nsecond","219488"
"351","583630","python3.8","127.0.0.1","void cutlass::Kernel<cutlass_80_tensorop_s1688gemm_256x64_16x4_nn_align4>(T1::Params)","1","7","(128, 1, 1)","(4, 1, 64)","0","8.0","Command line profiler metrics","lts__t_sectors.avg.pct_of_peak_sustained_elapsed","%","27.82"
"352","583630","python3.8","127.0.0.1","void cudnn::bn_fw_inf_1C11_kernel_NCHW<float, float, (bool)1, (int)1>(T2, T2, cudnnTensorStruct, const T1 *, cudnnTensorStruct, T1 *, cudnnTensorStruct, const T2 *, const T2 *, const T2 *, const T2 *, T2)","1","7","(64, 1, 1)","(256, 64, 1)","0","8.0","Command line profiler metrics","dram__throughput.avg.pct_of_peak_sustained_elapsed","%","20.45"
"352","583630","python3.8","127.0.0.1","void cudnn::bn_fw_inf_1C11_kernel_NCHW<float, float, (bool)1, (int)1>(T2, T2, cudnnTensorStruct, const T1 *, cudnnTensorStruct, T1 *, cudnnTensorStruct, const T2 *, const T2 *, const T2 *, const T2 *, T2)","1","7","(64, 1, 1)","(256, 64, 1)","0","8.0","Command line profiler metrics","gpu__time_duration.sum","nsecond","35168"
"352","583630","python3.8","127.0.0.1","void cudnn::bn_fw_inf_1C11_kernel_NCHW<float, float, (bool)1, (int)1>(T2, T2, cudnnTensorStruct, const T1 *, cudnnTensorStruct, T1 *, cudnnTensorStruct, const T2 *, const T2 *, const T2 *, const T2 *, T2)","1","7","(64, 1, 1)","(256, 64, 1)","0","8.0","Command line profiler metrics","lts__t_sectors.avg.pct_of_peak_sustained_elapsed","%","15.64"
"353","583630","python3.8","127.0.0.1","void at::native::vectorized_elementwise_kernel<(int)4, at::native::<unnamed>::launch_clamp_scalar(at::TensorIteratorBase &, c10::Scalar, c10::Scalar, at::native::detail::ClampLimits)::[lambda() (instance 1)]::operator ()() const::[lambda() (instance 14)]::operator ()() const::[lambda(float) (instance 1)], at::detail::Array<char *, (int)2>>(int, T2, T3)","1","7","(128, 1, 1)","(6272, 1, 1)","0","8.0","Command line profiler metrics","dram__throughput.avg.pct_of_peak_sustained_elapsed","%","38.40"
"353","583630","python3.8","127.0.0.1","void at::native::vectorized_elementwise_kernel<(int)4, at::native::<unnamed>::launch_clamp_scalar(at::TensorIteratorBase &, c10::Scalar, c10::Scalar, at::native::detail::ClampLimits)::[lambda() (instance 1)]::operator ()() const::[lambda() (instance 14)]::operator ()() const::[lambda(float) (instance 1)], at::detail::Array<char *, (int)2>>(int, T2, T3)","1","7","(128, 1, 1)","(6272, 1, 1)","0","8.0","Command line profiler metrics","gpu__time_duration.sum","nsecond","17376"
"353","583630","python3.8","127.0.0.1","void at::native::vectorized_elementwise_kernel<(int)4, at::native::<unnamed>::launch_clamp_scalar(at::TensorIteratorBase &, c10::Scalar, c10::Scalar, at::native::detail::ClampLimits)::[lambda() (instance 1)]::operator ()() const::[lambda() (instance 14)]::operator ()() const::[lambda(float) (instance 1)], at::detail::Array<char *, (int)2>>(int, T2, T3)","1","7","(128, 1, 1)","(6272, 1, 1)","0","8.0","Command line profiler metrics","lts__t_sectors.avg.pct_of_peak_sustained_elapsed","%","29.40"
"354","583630","python3.8","127.0.0.1","void cudnn::ops::nchwToNhwcKernel<float, float, float, (bool)0, (bool)1, (cudnnKernelDataType_t)2>(cudnn::ops::nchw2nhwc_params_t<T3>, const T1 *, T2 *)","1","7","(256, 1, 1)","(7, 8, 64)","0","8.0","Command line profiler metrics","dram__throughput.avg.pct_of_peak_sustained_elapsed","%","31.20"
"354","583630","python3.8","127.0.0.1","void cudnn::ops::nchwToNhwcKernel<float, float, float, (bool)0, (bool)1, (cudnnKernelDataType_t)2>(cudnn::ops::nchw2nhwc_params_t<T3>, const T1 *, T2 *)","1","7","(256, 1, 1)","(7, 8, 64)","0","8.0","Command line profiler metrics","gpu__time_duration.sum","nsecond","23488"
"354","583630","python3.8","127.0.0.1","void cudnn::ops::nchwToNhwcKernel<float, float, float, (bool)0, (bool)1, (cudnnKernelDataType_t)2>(cudnn::ops::nchw2nhwc_params_t<T3>, const T1 *, T2 *)","1","7","(256, 1, 1)","(7, 8, 64)","0","8.0","Command line profiler metrics","lts__t_sectors.avg.pct_of_peak_sustained_elapsed","%","25.36"
"355","583630","python3.8","127.0.0.1","void cudnn::ops::nchwToNhwcKernel<float, float, float, (bool)0, (bool)1, (cudnnKernelDataType_t)2>(cudnn::ops::nchw2nhwc_params_t<T3>, const T1 *, T2 *)","1","7","(256, 1, 1)","(1, 8, 256)","0","8.0","Command line profiler metrics","dram__throughput.avg.pct_of_peak_sustained_elapsed","%","8.23"
"355","583630","python3.8","127.0.0.1","void cudnn::ops::nchwToNhwcKernel<float, float, float, (bool)0, (bool)1, (cudnnKernelDataType_t)2>(cudnn::ops::nchw2nhwc_params_t<T3>, const T1 *, T2 *)","1","7","(256, 1, 1)","(1, 8, 256)","0","8.0","Command line profiler metrics","gpu__time_duration.sum","nsecond","14944"
"355","583630","python3.8","127.0.0.1","void cudnn::ops::nchwToNhwcKernel<float, float, float, (bool)0, (bool)1, (cudnnKernelDataType_t)2>(cudnn::ops::nchw2nhwc_params_t<T3>, const T1 *, T2 *)","1","7","(256, 1, 1)","(1, 8, 256)","0","8.0","Command line profiler metrics","lts__t_sectors.avg.pct_of_peak_sustained_elapsed","%","7.04"
"356","583630","python3.8","127.0.0.1","sm80_xmma_fprop_implicit_gemm_tf32f32_tf32f32_f32_nhwckrsc_nchw_tilesize256x128x32_stage3_warpsize4x2x1_g1_tensor16x8x8_execute_kernel_cudnn","1","7","(256, 1, 1)","(2, 49, 1)","0","8.0","Command line profiler metrics","dram__throughput.avg.pct_of_peak_sustained_elapsed","%","2.73"
"356","583630","python3.8","127.0.0.1","sm80_xmma_fprop_implicit_gemm_tf32f32_tf32f32_f32_nhwckrsc_nchw_tilesize256x128x32_stage3_warpsize4x2x1_g1_tensor16x8x8_execute_kernel_cudnn","1","7","(256, 1, 1)","(2, 49, 1)","0","8.0","Command line profiler metrics","gpu__time_duration.sum","nsecond","316928"
"356","583630","python3.8","127.0.0.1","sm80_xmma_fprop_implicit_gemm_tf32f32_tf32f32_f32_nhwckrsc_nchw_tilesize256x128x32_stage3_warpsize4x2x1_g1_tensor16x8x8_execute_kernel_cudnn","1","7","(256, 1, 1)","(2, 49, 1)","0","8.0","Command line profiler metrics","lts__t_sectors.avg.pct_of_peak_sustained_elapsed","%","14.59"
"357","583630","python3.8","127.0.0.1","void cudnn::bn_fw_inf_1C11_kernel_NCHW<float, float, (bool)1, (int)1>(T2, T2, cudnnTensorStruct, const T1 *, cudnnTensorStruct, T1 *, cudnnTensorStruct, const T2 *, const T2 *, const T2 *, const T2 *, T2)","1","7","(64, 1, 1)","(256, 64, 1)","0","8.0","Command line profiler metrics","dram__throughput.avg.pct_of_peak_sustained_elapsed","%","20.71"
"357","583630","python3.8","127.0.0.1","void cudnn::bn_fw_inf_1C11_kernel_NCHW<float, float, (bool)1, (int)1>(T2, T2, cudnnTensorStruct, const T1 *, cudnnTensorStruct, T1 *, cudnnTensorStruct, const T2 *, const T2 *, const T2 *, const T2 *, T2)","1","7","(64, 1, 1)","(256, 64, 1)","0","8.0","Command line profiler metrics","gpu__time_duration.sum","nsecond","35648"
"357","583630","python3.8","127.0.0.1","void cudnn::bn_fw_inf_1C11_kernel_NCHW<float, float, (bool)1, (int)1>(T2, T2, cudnnTensorStruct, const T1 *, cudnnTensorStruct, T1 *, cudnnTensorStruct, const T2 *, const T2 *, const T2 *, const T2 *, T2)","1","7","(64, 1, 1)","(256, 64, 1)","0","8.0","Command line profiler metrics","lts__t_sectors.avg.pct_of_peak_sustained_elapsed","%","15.83"
"358","583630","python3.8","127.0.0.1","void at::native::vectorized_elementwise_kernel<(int)4, at::native::<unnamed>::launch_clamp_scalar(at::TensorIteratorBase &, c10::Scalar, c10::Scalar, at::native::detail::ClampLimits)::[lambda() (instance 1)]::operator ()() const::[lambda() (instance 14)]::operator ()() const::[lambda(float) (instance 1)], at::detail::Array<char *, (int)2>>(int, T2, T3)","1","7","(128, 1, 1)","(6272, 1, 1)","0","8.0","Command line profiler metrics","dram__throughput.avg.pct_of_peak_sustained_elapsed","%","35.36"
"358","583630","python3.8","127.0.0.1","void at::native::vectorized_elementwise_kernel<(int)4, at::native::<unnamed>::launch_clamp_scalar(at::TensorIteratorBase &, c10::Scalar, c10::Scalar, at::native::detail::ClampLimits)::[lambda() (instance 1)]::operator ()() const::[lambda() (instance 14)]::operator ()() const::[lambda(float) (instance 1)], at::detail::Array<char *, (int)2>>(int, T2, T3)","1","7","(128, 1, 1)","(6272, 1, 1)","0","8.0","Command line profiler metrics","gpu__time_duration.sum","nsecond","18848"
"358","583630","python3.8","127.0.0.1","void at::native::vectorized_elementwise_kernel<(int)4, at::native::<unnamed>::launch_clamp_scalar(at::TensorIteratorBase &, c10::Scalar, c10::Scalar, at::native::detail::ClampLimits)::[lambda() (instance 1)]::operator ()() const::[lambda() (instance 14)]::operator ()() const::[lambda(float) (instance 1)], at::detail::Array<char *, (int)2>>(int, T2, T3)","1","7","(128, 1, 1)","(6272, 1, 1)","0","8.0","Command line profiler metrics","lts__t_sectors.avg.pct_of_peak_sustained_elapsed","%","27.13"
"359","583630","python3.8","127.0.0.1","void cutlass::Kernel<cutlass_80_tensorop_s1688gemm_256x64_16x4_nn_align4>(T1::Params)","1","7","(128, 1, 1)","(16, 1, 64)","0","8.0","Command line profiler metrics","dram__throughput.avg.pct_of_peak_sustained_elapsed","%","9.97"
"359","583630","python3.8","127.0.0.1","void cutlass::Kernel<cutlass_80_tensorop_s1688gemm_256x64_16x4_nn_align4>(T1::Params)","1","7","(128, 1, 1)","(16, 1, 64)","0","8.0","Command line profiler metrics","gpu__time_duration.sum","nsecond","247200"
"359","583630","python3.8","127.0.0.1","void cutlass::Kernel<cutlass_80_tensorop_s1688gemm_256x64_16x4_nn_align4>(T1::Params)","1","7","(128, 1, 1)","(16, 1, 64)","0","8.0","Command line profiler metrics","lts__t_sectors.avg.pct_of_peak_sustained_elapsed","%","25.91"
"360","583630","python3.8","127.0.0.1","void cudnn::bn_fw_inf_1C11_kernel_NCHW<float, float, (bool)1, (int)1>(T2, T2, cudnnTensorStruct, const T1 *, cudnnTensorStruct, T1 *, cudnnTensorStruct, const T2 *, const T2 *, const T2 *, const T2 *, T2)","1","7","(64, 1, 1)","(1024, 64, 1)","0","8.0","Command line profiler metrics","dram__throughput.avg.pct_of_peak_sustained_elapsed","%","32.31"
"360","583630","python3.8","127.0.0.1","void cudnn::bn_fw_inf_1C11_kernel_NCHW<float, float, (bool)1, (int)1>(T2, T2, cudnnTensorStruct, const T1 *, cudnnTensorStruct, T1 *, cudnnTensorStruct, const T2 *, const T2 *, const T2 *, const T2 *, T2)","1","7","(64, 1, 1)","(1024, 64, 1)","0","8.0","Command line profiler metrics","gpu__time_duration.sum","nsecond","144640"
"360","583630","python3.8","127.0.0.1","void cudnn::bn_fw_inf_1C11_kernel_NCHW<float, float, (bool)1, (int)1>(T2, T2, cudnnTensorStruct, const T1 *, cudnnTensorStruct, T1 *, cudnnTensorStruct, const T2 *, const T2 *, const T2 *, const T2 *, T2)","1","7","(64, 1, 1)","(1024, 64, 1)","0","8.0","Command line profiler metrics","lts__t_sectors.avg.pct_of_peak_sustained_elapsed","%","18.75"
"361","583630","python3.8","127.0.0.1","void at::native::vectorized_elementwise_kernel<(int)4, at::native::CUDAFunctor_add<float>, at::detail::Array<char *, (int)3>>(int, T2, T3)","1","7","(128, 1, 1)","(25088, 1, 1)","0","8.0","Command line profiler metrics","dram__throughput.avg.pct_of_peak_sustained_elapsed","%","85.60"
"361","583630","python3.8","127.0.0.1","void at::native::vectorized_elementwise_kernel<(int)4, at::native::CUDAFunctor_add<float>, at::detail::Array<char *, (int)3>>(int, T2, T3)","1","7","(128, 1, 1)","(25088, 1, 1)","0","8.0","Command line profiler metrics","gpu__time_duration.sum","nsecond","84128"
"361","583630","python3.8","127.0.0.1","void at::native::vectorized_elementwise_kernel<(int)4, at::native::CUDAFunctor_add<float>, at::detail::Array<char *, (int)3>>(int, T2, T3)","1","7","(128, 1, 1)","(25088, 1, 1)","0","8.0","Command line profiler metrics","lts__t_sectors.avg.pct_of_peak_sustained_elapsed","%","41.59"
"362","583630","python3.8","127.0.0.1","void at::native::vectorized_elementwise_kernel<(int)4, at::native::<unnamed>::launch_clamp_scalar(at::TensorIteratorBase &, c10::Scalar, c10::Scalar, at::native::detail::ClampLimits)::[lambda() (instance 1)]::operator ()() const::[lambda() (instance 14)]::operator ()() const::[lambda(float) (instance 1)], at::detail::Array<char *, (int)2>>(int, T2, T3)","1","7","(128, 1, 1)","(25088, 1, 1)","0","8.0","Command line profiler metrics","dram__throughput.avg.pct_of_peak_sustained_elapsed","%","66.01"
"362","583630","python3.8","127.0.0.1","void at::native::vectorized_elementwise_kernel<(int)4, at::native::<unnamed>::launch_clamp_scalar(at::TensorIteratorBase &, c10::Scalar, c10::Scalar, at::native::detail::ClampLimits)::[lambda() (instance 1)]::operator ()() const::[lambda() (instance 14)]::operator ()() const::[lambda(float) (instance 1)], at::detail::Array<char *, (int)2>>(int, T2, T3)","1","7","(128, 1, 1)","(25088, 1, 1)","0","8.0","Command line profiler metrics","gpu__time_duration.sum","nsecond","65984"
"362","583630","python3.8","127.0.0.1","void at::native::vectorized_elementwise_kernel<(int)4, at::native::<unnamed>::launch_clamp_scalar(at::TensorIteratorBase &, c10::Scalar, c10::Scalar, at::native::detail::ClampLimits)::[lambda() (instance 1)]::operator ()() const::[lambda() (instance 14)]::operator ()() const::[lambda(float) (instance 1)], at::detail::Array<char *, (int)2>>(int, T2, T3)","1","7","(128, 1, 1)","(25088, 1, 1)","0","8.0","Command line profiler metrics","lts__t_sectors.avg.pct_of_peak_sustained_elapsed","%","32.45"
"363","583630","python3.8","127.0.0.1","void cutlass::Kernel<cutlass_80_tensorop_s1688gemm_256x64_16x4_nn_align4>(T1::Params)","1","7","(128, 1, 1)","(4, 1, 64)","0","8.0","Command line profiler metrics","dram__throughput.avg.pct_of_peak_sustained_elapsed","%","14.35"
"363","583630","python3.8","127.0.0.1","void cutlass::Kernel<cutlass_80_tensorop_s1688gemm_256x64_16x4_nn_align4>(T1::Params)","1","7","(128, 1, 1)","(4, 1, 64)","0","8.0","Command line profiler metrics","gpu__time_duration.sum","nsecond","218528"
"363","583630","python3.8","127.0.0.1","void cutlass::Kernel<cutlass_80_tensorop_s1688gemm_256x64_16x4_nn_align4>(T1::Params)","1","7","(128, 1, 1)","(4, 1, 64)","0","8.0","Command line profiler metrics","lts__t_sectors.avg.pct_of_peak_sustained_elapsed","%","28.22"
"364","583630","python3.8","127.0.0.1","void cudnn::bn_fw_inf_1C11_kernel_NCHW<float, float, (bool)1, (int)1>(T2, T2, cudnnTensorStruct, const T1 *, cudnnTensorStruct, T1 *, cudnnTensorStruct, const T2 *, const T2 *, const T2 *, const T2 *, T2)","1","7","(64, 1, 1)","(256, 64, 1)","0","8.0","Command line profiler metrics","dram__throughput.avg.pct_of_peak_sustained_elapsed","%","20.18"
"364","583630","python3.8","127.0.0.1","void cudnn::bn_fw_inf_1C11_kernel_NCHW<float, float, (bool)1, (int)1>(T2, T2, cudnnTensorStruct, const T1 *, cudnnTensorStruct, T1 *, cudnnTensorStruct, const T2 *, const T2 *, const T2 *, const T2 *, T2)","1","7","(64, 1, 1)","(256, 64, 1)","0","8.0","Command line profiler metrics","gpu__time_duration.sum","nsecond","35712"
"364","583630","python3.8","127.0.0.1","void cudnn::bn_fw_inf_1C11_kernel_NCHW<float, float, (bool)1, (int)1>(T2, T2, cudnnTensorStruct, const T1 *, cudnnTensorStruct, T1 *, cudnnTensorStruct, const T2 *, const T2 *, const T2 *, const T2 *, T2)","1","7","(64, 1, 1)","(256, 64, 1)","0","8.0","Command line profiler metrics","lts__t_sectors.avg.pct_of_peak_sustained_elapsed","%","15.34"
"365","583630","python3.8","127.0.0.1","void at::native::vectorized_elementwise_kernel<(int)4, at::native::<unnamed>::launch_clamp_scalar(at::TensorIteratorBase &, c10::Scalar, c10::Scalar, at::native::detail::ClampLimits)::[lambda() (instance 1)]::operator ()() const::[lambda() (instance 14)]::operator ()() const::[lambda(float) (instance 1)], at::detail::Array<char *, (int)2>>(int, T2, T3)","1","7","(128, 1, 1)","(6272, 1, 1)","0","8.0","Command line profiler metrics","dram__throughput.avg.pct_of_peak_sustained_elapsed","%","35.64"
"365","583630","python3.8","127.0.0.1","void at::native::vectorized_elementwise_kernel<(int)4, at::native::<unnamed>::launch_clamp_scalar(at::TensorIteratorBase &, c10::Scalar, c10::Scalar, at::native::detail::ClampLimits)::[lambda() (instance 1)]::operator ()() const::[lambda() (instance 14)]::operator ()() const::[lambda(float) (instance 1)], at::detail::Array<char *, (int)2>>(int, T2, T3)","1","7","(128, 1, 1)","(6272, 1, 1)","0","8.0","Command line profiler metrics","gpu__time_duration.sum","nsecond","18720"
"365","583630","python3.8","127.0.0.1","void at::native::vectorized_elementwise_kernel<(int)4, at::native::<unnamed>::launch_clamp_scalar(at::TensorIteratorBase &, c10::Scalar, c10::Scalar, at::native::detail::ClampLimits)::[lambda() (instance 1)]::operator ()() const::[lambda() (instance 14)]::operator ()() const::[lambda(float) (instance 1)], at::detail::Array<char *, (int)2>>(int, T2, T3)","1","7","(128, 1, 1)","(6272, 1, 1)","0","8.0","Command line profiler metrics","lts__t_sectors.avg.pct_of_peak_sustained_elapsed","%","27.45"
"366","583630","python3.8","127.0.0.1","void cudnn::ops::nchwToNhwcKernel<float, float, float, (bool)0, (bool)1, (cudnnKernelDataType_t)2>(cudnn::ops::nchw2nhwc_params_t<T3>, const T1 *, T2 *)","1","7","(256, 1, 1)","(7, 8, 64)","0","8.0","Command line profiler metrics","dram__throughput.avg.pct_of_peak_sustained_elapsed","%","31.22"
"366","583630","python3.8","127.0.0.1","void cudnn::ops::nchwToNhwcKernel<float, float, float, (bool)0, (bool)1, (cudnnKernelDataType_t)2>(cudnn::ops::nchw2nhwc_params_t<T3>, const T1 *, T2 *)","1","7","(256, 1, 1)","(7, 8, 64)","0","8.0","Command line profiler metrics","gpu__time_duration.sum","nsecond","23488"
"366","583630","python3.8","127.0.0.1","void cudnn::ops::nchwToNhwcKernel<float, float, float, (bool)0, (bool)1, (cudnnKernelDataType_t)2>(cudnn::ops::nchw2nhwc_params_t<T3>, const T1 *, T2 *)","1","7","(256, 1, 1)","(7, 8, 64)","0","8.0","Command line profiler metrics","lts__t_sectors.avg.pct_of_peak_sustained_elapsed","%","25.23"
"367","583630","python3.8","127.0.0.1","void cudnn::ops::nchwToNhwcKernel<float, float, float, (bool)0, (bool)1, (cudnnKernelDataType_t)2>(cudnn::ops::nchw2nhwc_params_t<T3>, const T1 *, T2 *)","1","7","(256, 1, 1)","(1, 8, 256)","0","8.0","Command line profiler metrics","dram__throughput.avg.pct_of_peak_sustained_elapsed","%","8.16"
"367","583630","python3.8","127.0.0.1","void cudnn::ops::nchwToNhwcKernel<float, float, float, (bool)0, (bool)1, (cudnnKernelDataType_t)2>(cudnn::ops::nchw2nhwc_params_t<T3>, const T1 *, T2 *)","1","7","(256, 1, 1)","(1, 8, 256)","0","8.0","Command line profiler metrics","gpu__time_duration.sum","nsecond","15072"
"367","583630","python3.8","127.0.0.1","void cudnn::ops::nchwToNhwcKernel<float, float, float, (bool)0, (bool)1, (cudnnKernelDataType_t)2>(cudnn::ops::nchw2nhwc_params_t<T3>, const T1 *, T2 *)","1","7","(256, 1, 1)","(1, 8, 256)","0","8.0","Command line profiler metrics","lts__t_sectors.avg.pct_of_peak_sustained_elapsed","%","6.85"
"368","583630","python3.8","127.0.0.1","sm80_xmma_fprop_implicit_gemm_tf32f32_tf32f32_f32_nhwckrsc_nchw_tilesize256x128x32_stage3_warpsize4x2x1_g1_tensor16x8x8_execute_kernel_cudnn","1","7","(256, 1, 1)","(2, 49, 1)","0","8.0","Command line profiler metrics","dram__throughput.avg.pct_of_peak_sustained_elapsed","%","2.71"
"368","583630","python3.8","127.0.0.1","sm80_xmma_fprop_implicit_gemm_tf32f32_tf32f32_f32_nhwckrsc_nchw_tilesize256x128x32_stage3_warpsize4x2x1_g1_tensor16x8x8_execute_kernel_cudnn","1","7","(256, 1, 1)","(2, 49, 1)","0","8.0","Command line profiler metrics","gpu__time_duration.sum","nsecond","317952"
"368","583630","python3.8","127.0.0.1","sm80_xmma_fprop_implicit_gemm_tf32f32_tf32f32_f32_nhwckrsc_nchw_tilesize256x128x32_stage3_warpsize4x2x1_g1_tensor16x8x8_execute_kernel_cudnn","1","7","(256, 1, 1)","(2, 49, 1)","0","8.0","Command line profiler metrics","lts__t_sectors.avg.pct_of_peak_sustained_elapsed","%","14.56"
"369","583630","python3.8","127.0.0.1","void cudnn::bn_fw_inf_1C11_kernel_NCHW<float, float, (bool)1, (int)1>(T2, T2, cudnnTensorStruct, const T1 *, cudnnTensorStruct, T1 *, cudnnTensorStruct, const T2 *, const T2 *, const T2 *, const T2 *, T2)","1","7","(64, 1, 1)","(256, 64, 1)","0","8.0","Command line profiler metrics","dram__throughput.avg.pct_of_peak_sustained_elapsed","%","20.42"
"369","583630","python3.8","127.0.0.1","void cudnn::bn_fw_inf_1C11_kernel_NCHW<float, float, (bool)1, (int)1>(T2, T2, cudnnTensorStruct, const T1 *, cudnnTensorStruct, T1 *, cudnnTensorStruct, const T2 *, const T2 *, const T2 *, const T2 *, T2)","1","7","(64, 1, 1)","(256, 64, 1)","0","8.0","Command line profiler metrics","gpu__time_duration.sum","nsecond","35232"
"369","583630","python3.8","127.0.0.1","void cudnn::bn_fw_inf_1C11_kernel_NCHW<float, float, (bool)1, (int)1>(T2, T2, cudnnTensorStruct, const T1 *, cudnnTensorStruct, T1 *, cudnnTensorStruct, const T2 *, const T2 *, const T2 *, const T2 *, T2)","1","7","(64, 1, 1)","(256, 64, 1)","0","8.0","Command line profiler metrics","lts__t_sectors.avg.pct_of_peak_sustained_elapsed","%","16.04"
"370","583630","python3.8","127.0.0.1","void at::native::vectorized_elementwise_kernel<(int)4, at::native::<unnamed>::launch_clamp_scalar(at::TensorIteratorBase &, c10::Scalar, c10::Scalar, at::native::detail::ClampLimits)::[lambda() (instance 1)]::operator ()() const::[lambda() (instance 14)]::operator ()() const::[lambda(float) (instance 1)], at::detail::Array<char *, (int)2>>(int, T2, T3)","1","7","(128, 1, 1)","(6272, 1, 1)","0","8.0","Command line profiler metrics","dram__throughput.avg.pct_of_peak_sustained_elapsed","%","35.33"
"370","583630","python3.8","127.0.0.1","void at::native::vectorized_elementwise_kernel<(int)4, at::native::<unnamed>::launch_clamp_scalar(at::TensorIteratorBase &, c10::Scalar, c10::Scalar, at::native::detail::ClampLimits)::[lambda() (instance 1)]::operator ()() const::[lambda() (instance 14)]::operator ()() const::[lambda(float) (instance 1)], at::detail::Array<char *, (int)2>>(int, T2, T3)","1","7","(128, 1, 1)","(6272, 1, 1)","0","8.0","Command line profiler metrics","gpu__time_duration.sum","nsecond","18848"
"370","583630","python3.8","127.0.0.1","void at::native::vectorized_elementwise_kernel<(int)4, at::native::<unnamed>::launch_clamp_scalar(at::TensorIteratorBase &, c10::Scalar, c10::Scalar, at::native::detail::ClampLimits)::[lambda() (instance 1)]::operator ()() const::[lambda() (instance 14)]::operator ()() const::[lambda(float) (instance 1)], at::detail::Array<char *, (int)2>>(int, T2, T3)","1","7","(128, 1, 1)","(6272, 1, 1)","0","8.0","Command line profiler metrics","lts__t_sectors.avg.pct_of_peak_sustained_elapsed","%","27.21"
"371","583630","python3.8","127.0.0.1","void cutlass::Kernel<cutlass_80_tensorop_s1688gemm_256x64_16x4_nn_align4>(T1::Params)","1","7","(128, 1, 1)","(16, 1, 64)","0","8.0","Command line profiler metrics","dram__throughput.avg.pct_of_peak_sustained_elapsed","%","9.97"
"371","583630","python3.8","127.0.0.1","void cutlass::Kernel<cutlass_80_tensorop_s1688gemm_256x64_16x4_nn_align4>(T1::Params)","1","7","(128, 1, 1)","(16, 1, 64)","0","8.0","Command line profiler metrics","gpu__time_duration.sum","nsecond","247072"
"371","583630","python3.8","127.0.0.1","void cutlass::Kernel<cutlass_80_tensorop_s1688gemm_256x64_16x4_nn_align4>(T1::Params)","1","7","(128, 1, 1)","(16, 1, 64)","0","8.0","Command line profiler metrics","lts__t_sectors.avg.pct_of_peak_sustained_elapsed","%","25.92"
"372","583630","python3.8","127.0.0.1","void cudnn::bn_fw_inf_1C11_kernel_NCHW<float, float, (bool)1, (int)1>(T2, T2, cudnnTensorStruct, const T1 *, cudnnTensorStruct, T1 *, cudnnTensorStruct, const T2 *, const T2 *, const T2 *, const T2 *, T2)","1","7","(64, 1, 1)","(1024, 64, 1)","0","8.0","Command line profiler metrics","dram__throughput.avg.pct_of_peak_sustained_elapsed","%","32.37"
"372","583630","python3.8","127.0.0.1","void cudnn::bn_fw_inf_1C11_kernel_NCHW<float, float, (bool)1, (int)1>(T2, T2, cudnnTensorStruct, const T1 *, cudnnTensorStruct, T1 *, cudnnTensorStruct, const T2 *, const T2 *, const T2 *, const T2 *, T2)","1","7","(64, 1, 1)","(1024, 64, 1)","0","8.0","Command line profiler metrics","gpu__time_duration.sum","nsecond","144640"
"372","583630","python3.8","127.0.0.1","void cudnn::bn_fw_inf_1C11_kernel_NCHW<float, float, (bool)1, (int)1>(T2, T2, cudnnTensorStruct, const T1 *, cudnnTensorStruct, T1 *, cudnnTensorStruct, const T2 *, const T2 *, const T2 *, const T2 *, T2)","1","7","(64, 1, 1)","(1024, 64, 1)","0","8.0","Command line profiler metrics","lts__t_sectors.avg.pct_of_peak_sustained_elapsed","%","18.67"
"373","583630","python3.8","127.0.0.1","void at::native::vectorized_elementwise_kernel<(int)4, at::native::CUDAFunctor_add<float>, at::detail::Array<char *, (int)3>>(int, T2, T3)","1","7","(128, 1, 1)","(25088, 1, 1)","0","8.0","Command line profiler metrics","dram__throughput.avg.pct_of_peak_sustained_elapsed","%","85.82"
"373","583630","python3.8","127.0.0.1","void at::native::vectorized_elementwise_kernel<(int)4, at::native::CUDAFunctor_add<float>, at::detail::Array<char *, (int)3>>(int, T2, T3)","1","7","(128, 1, 1)","(25088, 1, 1)","0","8.0","Command line profiler metrics","gpu__time_duration.sum","nsecond","84064"
"373","583630","python3.8","127.0.0.1","void at::native::vectorized_elementwise_kernel<(int)4, at::native::CUDAFunctor_add<float>, at::detail::Array<char *, (int)3>>(int, T2, T3)","1","7","(128, 1, 1)","(25088, 1, 1)","0","8.0","Command line profiler metrics","lts__t_sectors.avg.pct_of_peak_sustained_elapsed","%","41.61"
"374","583630","python3.8","127.0.0.1","void at::native::vectorized_elementwise_kernel<(int)4, at::native::<unnamed>::launch_clamp_scalar(at::TensorIteratorBase &, c10::Scalar, c10::Scalar, at::native::detail::ClampLimits)::[lambda() (instance 1)]::operator ()() const::[lambda() (instance 14)]::operator ()() const::[lambda(float) (instance 1)], at::detail::Array<char *, (int)2>>(int, T2, T3)","1","7","(128, 1, 1)","(25088, 1, 1)","0","8.0","Command line profiler metrics","dram__throughput.avg.pct_of_peak_sustained_elapsed","%","66.34"
"374","583630","python3.8","127.0.0.1","void at::native::vectorized_elementwise_kernel<(int)4, at::native::<unnamed>::launch_clamp_scalar(at::TensorIteratorBase &, c10::Scalar, c10::Scalar, at::native::detail::ClampLimits)::[lambda() (instance 1)]::operator ()() const::[lambda() (instance 14)]::operator ()() const::[lambda(float) (instance 1)], at::detail::Array<char *, (int)2>>(int, T2, T3)","1","7","(128, 1, 1)","(25088, 1, 1)","0","8.0","Command line profiler metrics","gpu__time_duration.sum","nsecond","65728"
"374","583630","python3.8","127.0.0.1","void at::native::vectorized_elementwise_kernel<(int)4, at::native::<unnamed>::launch_clamp_scalar(at::TensorIteratorBase &, c10::Scalar, c10::Scalar, at::native::detail::ClampLimits)::[lambda() (instance 1)]::operator ()() const::[lambda() (instance 14)]::operator ()() const::[lambda(float) (instance 1)], at::detail::Array<char *, (int)2>>(int, T2, T3)","1","7","(128, 1, 1)","(25088, 1, 1)","0","8.0","Command line profiler metrics","lts__t_sectors.avg.pct_of_peak_sustained_elapsed","%","32.66"
"375","583630","python3.8","127.0.0.1","void cutlass::Kernel<cutlass_80_tensorop_s1688gemm_256x64_16x4_nn_align4>(T1::Params)","1","7","(128, 1, 1)","(8, 1, 64)","0","8.0","Command line profiler metrics","dram__throughput.avg.pct_of_peak_sustained_elapsed","%","9.58"
"375","583630","python3.8","127.0.0.1","void cutlass::Kernel<cutlass_80_tensorop_s1688gemm_256x64_16x4_nn_align4>(T1::Params)","1","7","(128, 1, 1)","(8, 1, 64)","0","8.0","Command line profiler metrics","gpu__time_duration.sum","nsecond","390944"
"375","583630","python3.8","127.0.0.1","void cutlass::Kernel<cutlass_80_tensorop_s1688gemm_256x64_16x4_nn_align4>(T1::Params)","1","7","(128, 1, 1)","(8, 1, 64)","0","8.0","Command line profiler metrics","lts__t_sectors.avg.pct_of_peak_sustained_elapsed","%","29.37"
"376","583630","python3.8","127.0.0.1","void cudnn::bn_fw_inf_1C11_kernel_NCHW<float, float, (bool)1, (int)1>(T2, T2, cudnnTensorStruct, const T1 *, cudnnTensorStruct, T1 *, cudnnTensorStruct, const T2 *, const T2 *, const T2 *, const T2 *, T2)","1","7","(64, 1, 1)","(512, 64, 1)","0","8.0","Command line profiler metrics","dram__throughput.avg.pct_of_peak_sustained_elapsed","%","28.85"
"376","583630","python3.8","127.0.0.1","void cudnn::bn_fw_inf_1C11_kernel_NCHW<float, float, (bool)1, (int)1>(T2, T2, cudnnTensorStruct, const T1 *, cudnnTensorStruct, T1 *, cudnnTensorStruct, const T2 *, const T2 *, const T2 *, const T2 *, T2)","1","7","(64, 1, 1)","(512, 64, 1)","0","8.0","Command line profiler metrics","gpu__time_duration.sum","nsecond","70208"
"376","583630","python3.8","127.0.0.1","void cudnn::bn_fw_inf_1C11_kernel_NCHW<float, float, (bool)1, (int)1>(T2, T2, cudnnTensorStruct, const T1 *, cudnnTensorStruct, T1 *, cudnnTensorStruct, const T2 *, const T2 *, const T2 *, const T2 *, T2)","1","7","(64, 1, 1)","(512, 64, 1)","0","8.0","Command line profiler metrics","lts__t_sectors.avg.pct_of_peak_sustained_elapsed","%","17.89"
"377","583630","python3.8","127.0.0.1","void at::native::vectorized_elementwise_kernel<(int)4, at::native::<unnamed>::launch_clamp_scalar(at::TensorIteratorBase &, c10::Scalar, c10::Scalar, at::native::detail::ClampLimits)::[lambda() (instance 1)]::operator ()() const::[lambda() (instance 14)]::operator ()() const::[lambda(float) (instance 1)], at::detail::Array<char *, (int)2>>(int, T2, T3)","1","7","(128, 1, 1)","(12544, 1, 1)","0","8.0","Command line profiler metrics","dram__throughput.avg.pct_of_peak_sustained_elapsed","%","49.89"
"377","583630","python3.8","127.0.0.1","void at::native::vectorized_elementwise_kernel<(int)4, at::native::<unnamed>::launch_clamp_scalar(at::TensorIteratorBase &, c10::Scalar, c10::Scalar, at::native::detail::ClampLimits)::[lambda() (instance 1)]::operator ()() const::[lambda() (instance 14)]::operator ()() const::[lambda(float) (instance 1)], at::detail::Array<char *, (int)2>>(int, T2, T3)","1","7","(128, 1, 1)","(12544, 1, 1)","0","8.0","Command line profiler metrics","gpu__time_duration.sum","nsecond","34144"
"377","583630","python3.8","127.0.0.1","void at::native::vectorized_elementwise_kernel<(int)4, at::native::<unnamed>::launch_clamp_scalar(at::TensorIteratorBase &, c10::Scalar, c10::Scalar, at::native::detail::ClampLimits)::[lambda() (instance 1)]::operator ()() const::[lambda() (instance 14)]::operator ()() const::[lambda(float) (instance 1)], at::detail::Array<char *, (int)2>>(int, T2, T3)","1","7","(128, 1, 1)","(12544, 1, 1)","0","8.0","Command line profiler metrics","lts__t_sectors.avg.pct_of_peak_sustained_elapsed","%","29.44"
"378","583630","python3.8","127.0.0.1","void cudnn::ops::nchwToNhwcKernel<float, float, float, (bool)0, (bool)1, (cudnnKernelDataType_t)2>(cudnn::ops::nchw2nhwc_params_t<T3>, const T1 *, T2 *)","1","7","(256, 1, 1)","(7, 16, 64)","0","8.0","Command line profiler metrics","dram__throughput.avg.pct_of_peak_sustained_elapsed","%","46.52"
"378","583630","python3.8","127.0.0.1","void cudnn::ops::nchwToNhwcKernel<float, float, float, (bool)0, (bool)1, (cudnnKernelDataType_t)2>(cudnn::ops::nchw2nhwc_params_t<T3>, const T1 *, T2 *)","1","7","(256, 1, 1)","(7, 16, 64)","0","8.0","Command line profiler metrics","gpu__time_duration.sum","nsecond","43616"
"378","583630","python3.8","127.0.0.1","void cudnn::ops::nchwToNhwcKernel<float, float, float, (bool)0, (bool)1, (cudnnKernelDataType_t)2>(cudnn::ops::nchw2nhwc_params_t<T3>, const T1 *, T2 *)","1","7","(256, 1, 1)","(7, 16, 64)","0","8.0","Command line profiler metrics","lts__t_sectors.avg.pct_of_peak_sustained_elapsed","%","31.27"
"379","583630","python3.8","127.0.0.1","void cudnn::ops::nchwToNhwcKernel<float, float, float, (bool)0, (bool)1, (cudnnKernelDataType_t)2>(cudnn::ops::nchw2nhwc_params_t<T3>, const T1 *, T2 *)","1","7","(256, 1, 1)","(1, 16, 512)","0","8.0","Command line profiler metrics","dram__throughput.avg.pct_of_peak_sustained_elapsed","%","11.15"
"379","583630","python3.8","127.0.0.1","void cudnn::ops::nchwToNhwcKernel<float, float, float, (bool)0, (bool)1, (cudnnKernelDataType_t)2>(cudnn::ops::nchw2nhwc_params_t<T3>, const T1 *, T2 *)","1","7","(256, 1, 1)","(1, 16, 512)","0","8.0","Command line profiler metrics","gpu__time_duration.sum","nsecond","43872"
"379","583630","python3.8","127.0.0.1","void cudnn::ops::nchwToNhwcKernel<float, float, float, (bool)0, (bool)1, (cudnnKernelDataType_t)2>(cudnn::ops::nchw2nhwc_params_t<T3>, const T1 *, T2 *)","1","7","(256, 1, 1)","(1, 16, 512)","0","8.0","Command line profiler metrics","lts__t_sectors.avg.pct_of_peak_sustained_elapsed","%","8.77"
"380","583630","python3.8","127.0.0.1","void cutlass_cudnn::Kernel<cutlass_tensorop_s1688fprop_optimized_tf32_128x128_32x4_nhwc_align4>(T1::Params)","1","7","(128, 1, 1)","(100, 1, 1)","0","8.0","Command line profiler metrics","dram__throughput.avg.pct_of_peak_sustained_elapsed","%","8.42"
"380","583630","python3.8","127.0.0.1","void cutlass_cudnn::Kernel<cutlass_tensorop_s1688fprop_optimized_tf32_128x128_32x4_nhwc_align4>(T1::Params)","1","7","(128, 1, 1)","(100, 1, 1)","0","8.0","Command line profiler metrics","gpu__time_duration.sum","nsecond","303680"
"380","583630","python3.8","127.0.0.1","void cutlass_cudnn::Kernel<cutlass_tensorop_s1688fprop_optimized_tf32_128x128_32x4_nhwc_align4>(T1::Params)","1","7","(128, 1, 1)","(100, 1, 1)","0","8.0","Command line profiler metrics","lts__t_sectors.avg.pct_of_peak_sustained_elapsed","%","19.57"
"381","583630","python3.8","127.0.0.1","void cudnn::ops::nhwcToNchwKernel<float, float, float, (bool)1, (bool)0, (cudnnKernelDataType_t)0>(cudnn::ops::nhwc2nchw_params_t<T3>, const T1 *, T2 *)","1","7","(256, 1, 1)","(2, 16, 64)","0","8.0","Command line profiler metrics","dram__throughput.avg.pct_of_peak_sustained_elapsed","%","18.79"
"381","583630","python3.8","127.0.0.1","void cudnn::ops::nhwcToNchwKernel<float, float, float, (bool)1, (bool)0, (cudnnKernelDataType_t)0>(cudnn::ops::nhwc2nchw_params_t<T3>, const T1 *, T2 *)","1","7","(256, 1, 1)","(2, 16, 64)","0","8.0","Command line profiler metrics","gpu__time_duration.sum","nsecond","17760"
"381","583630","python3.8","127.0.0.1","void cudnn::ops::nhwcToNchwKernel<float, float, float, (bool)1, (bool)0, (cudnnKernelDataType_t)0>(cudnn::ops::nhwc2nchw_params_t<T3>, const T1 *, T2 *)","1","7","(256, 1, 1)","(2, 16, 64)","0","8.0","Command line profiler metrics","lts__t_sectors.avg.pct_of_peak_sustained_elapsed","%","16.61"
"382","583630","python3.8","127.0.0.1","void cudnn::bn_fw_inf_1C11_kernel_NCHW<float, float, (bool)1, (int)1>(T2, T2, cudnnTensorStruct, const T1 *, cudnnTensorStruct, T1 *, cudnnTensorStruct, const T2 *, const T2 *, const T2 *, const T2 *, T2)","1","7","(64, 1, 1)","(512, 64, 1)","0","8.0","Command line profiler metrics","dram__throughput.avg.pct_of_peak_sustained_elapsed","%","7.25"
"382","583630","python3.8","127.0.0.1","void cudnn::bn_fw_inf_1C11_kernel_NCHW<float, float, (bool)1, (int)1>(T2, T2, cudnnTensorStruct, const T1 *, cudnnTensorStruct, T1 *, cudnnTensorStruct, const T2 *, const T2 *, const T2 *, const T2 *, T2)","1","7","(64, 1, 1)","(512, 64, 1)","0","8.0","Command line profiler metrics","gpu__time_duration.sum","nsecond","45952"
"382","583630","python3.8","127.0.0.1","void cudnn::bn_fw_inf_1C11_kernel_NCHW<float, float, (bool)1, (int)1>(T2, T2, cudnnTensorStruct, const T1 *, cudnnTensorStruct, T1 *, cudnnTensorStruct, const T2 *, const T2 *, const T2 *, const T2 *, T2)","1","7","(64, 1, 1)","(512, 64, 1)","0","8.0","Command line profiler metrics","lts__t_sectors.avg.pct_of_peak_sustained_elapsed","%","6.64"
"383","583630","python3.8","127.0.0.1","void at::native::vectorized_elementwise_kernel<(int)4, at::native::<unnamed>::launch_clamp_scalar(at::TensorIteratorBase &, c10::Scalar, c10::Scalar, at::native::detail::ClampLimits)::[lambda() (instance 1)]::operator ()() const::[lambda() (instance 14)]::operator ()() const::[lambda(float) (instance 1)], at::detail::Array<char *, (int)2>>(int, T2, T3)","1","7","(128, 1, 1)","(3136, 1, 1)","0","8.0","Command line profiler metrics","dram__throughput.avg.pct_of_peak_sustained_elapsed","%","28.29"
"383","583630","python3.8","127.0.0.1","void at::native::vectorized_elementwise_kernel<(int)4, at::native::<unnamed>::launch_clamp_scalar(at::TensorIteratorBase &, c10::Scalar, c10::Scalar, at::native::detail::ClampLimits)::[lambda() (instance 1)]::operator ()() const::[lambda() (instance 14)]::operator ()() const::[lambda(float) (instance 1)], at::detail::Array<char *, (int)2>>(int, T2, T3)","1","7","(128, 1, 1)","(3136, 1, 1)","0","8.0","Command line profiler metrics","gpu__time_duration.sum","nsecond","11808"
"383","583630","python3.8","127.0.0.1","void at::native::vectorized_elementwise_kernel<(int)4, at::native::<unnamed>::launch_clamp_scalar(at::TensorIteratorBase &, c10::Scalar, c10::Scalar, at::native::detail::ClampLimits)::[lambda() (instance 1)]::operator ()() const::[lambda() (instance 14)]::operator ()() const::[lambda(float) (instance 1)], at::detail::Array<char *, (int)2>>(int, T2, T3)","1","7","(128, 1, 1)","(3136, 1, 1)","0","8.0","Command line profiler metrics","lts__t_sectors.avg.pct_of_peak_sustained_elapsed","%","22.24"
"384","583630","python3.8","127.0.0.1","void cudnn::ops::nchwToNhwcKernel<float, float, float, (bool)0, (bool)1, (cudnnKernelDataType_t)2>(cudnn::ops::nchw2nhwc_params_t<T3>, const T1 *, T2 *)","1","7","(256, 1, 1)","(2, 16, 64)","0","8.0","Command line profiler metrics","dram__throughput.avg.pct_of_peak_sustained_elapsed","%","21.13"
"384","583630","python3.8","127.0.0.1","void cudnn::ops::nchwToNhwcKernel<float, float, float, (bool)0, (bool)1, (cudnnKernelDataType_t)2>(cudnn::ops::nchw2nhwc_params_t<T3>, const T1 *, T2 *)","1","7","(256, 1, 1)","(2, 16, 64)","0","8.0","Command line profiler metrics","gpu__time_duration.sum","nsecond","15776"
"384","583630","python3.8","127.0.0.1","void cudnn::ops::nchwToNhwcKernel<float, float, float, (bool)0, (bool)1, (cudnnKernelDataType_t)2>(cudnn::ops::nchw2nhwc_params_t<T3>, const T1 *, T2 *)","1","7","(256, 1, 1)","(2, 16, 64)","0","8.0","Command line profiler metrics","lts__t_sectors.avg.pct_of_peak_sustained_elapsed","%","19.09"
"385","583630","python3.8","127.0.0.1","void cudnn::ops::nchwToNhwcKernel<float, float, float, (bool)0, (bool)1, (cudnnKernelDataType_t)2>(cudnn::ops::nchw2nhwc_params_t<T3>, const T1 *, T2 *)","1","7","(256, 1, 1)","(1, 16, 2048)","0","8.0","Command line profiler metrics","dram__throughput.avg.pct_of_peak_sustained_elapsed","%","1.48"
"385","583630","python3.8","127.0.0.1","void cudnn::ops::nchwToNhwcKernel<float, float, float, (bool)0, (bool)1, (cudnnKernelDataType_t)2>(cudnn::ops::nchw2nhwc_params_t<T3>, const T1 *, T2 *)","1","7","(256, 1, 1)","(1, 16, 2048)","0","8.0","Command line profiler metrics","gpu__time_duration.sum","nsecond","146528"
"385","583630","python3.8","127.0.0.1","void cudnn::ops::nchwToNhwcKernel<float, float, float, (bool)0, (bool)1, (cudnnKernelDataType_t)2>(cudnn::ops::nchw2nhwc_params_t<T3>, const T1 *, T2 *)","1","7","(256, 1, 1)","(1, 16, 2048)","0","8.0","Command line profiler metrics","lts__t_sectors.avg.pct_of_peak_sustained_elapsed","%","1.25"
"386","583630","python3.8","127.0.0.1","void cutlass_cudnn::Kernel<cutlass_tensorop_s1688fprop_optimized_tf32_128x128_16x4_nhwc_align4>(T1::Params)","1","7","(128, 1, 1)","(100, 4, 1)","0","8.0","Command line profiler metrics","dram__throughput.avg.pct_of_peak_sustained_elapsed","%","7.69"
"386","583630","python3.8","127.0.0.1","void cutlass_cudnn::Kernel<cutlass_tensorop_s1688fprop_optimized_tf32_128x128_16x4_nhwc_align4>(T1::Params)","1","7","(128, 1, 1)","(100, 4, 1)","0","8.0","Command line profiler metrics","gpu__time_duration.sum","nsecond","144704"
"386","583630","python3.8","127.0.0.1","void cutlass_cudnn::Kernel<cutlass_tensorop_s1688fprop_optimized_tf32_128x128_16x4_nhwc_align4>(T1::Params)","1","7","(128, 1, 1)","(100, 4, 1)","0","8.0","Command line profiler metrics","lts__t_sectors.avg.pct_of_peak_sustained_elapsed","%","23.33"
"387","583630","python3.8","127.0.0.1","void cudnn::ops::nhwcToNchwKernel<float, float, float, (bool)1, (bool)0, (cudnnKernelDataType_t)0>(cudnn::ops::nhwc2nchw_params_t<T3>, const T1 *, T2 *)","1","7","(256, 1, 1)","(2, 64, 64)","0","8.0","Command line profiler metrics","dram__throughput.avg.pct_of_peak_sustained_elapsed","%","38.13"
"387","583630","python3.8","127.0.0.1","void cudnn::ops::nhwcToNchwKernel<float, float, float, (bool)1, (bool)0, (cudnnKernelDataType_t)0>(cudnn::ops::nhwc2nchw_params_t<T3>, const T1 *, T2 *)","1","7","(256, 1, 1)","(2, 64, 64)","0","8.0","Command line profiler metrics","gpu__time_duration.sum","nsecond","52608"
"387","583630","python3.8","127.0.0.1","void cudnn::ops::nhwcToNchwKernel<float, float, float, (bool)1, (bool)0, (cudnnKernelDataType_t)0>(cudnn::ops::nhwc2nchw_params_t<T3>, const T1 *, T2 *)","1","7","(256, 1, 1)","(2, 64, 64)","0","8.0","Command line profiler metrics","lts__t_sectors.avg.pct_of_peak_sustained_elapsed","%","25.83"
"388","583630","python3.8","127.0.0.1","void cudnn::bn_fw_inf_1C11_kernel_NCHW<float, float, (bool)1, (int)1>(T2, T2, cudnnTensorStruct, const T1 *, cudnnTensorStruct, T1 *, cudnnTensorStruct, const T2 *, const T2 *, const T2 *, const T2 *, T2)","1","7","(64, 1, 1)","(2048, 64, 1)","0","8.0","Command line profiler metrics","dram__throughput.avg.pct_of_peak_sustained_elapsed","%","13.13"
"388","583630","python3.8","127.0.0.1","void cudnn::bn_fw_inf_1C11_kernel_NCHW<float, float, (bool)1, (int)1>(T2, T2, cudnnTensorStruct, const T1 *, cudnnTensorStruct, T1 *, cudnnTensorStruct, const T2 *, const T2 *, const T2 *, const T2 *, T2)","1","7","(64, 1, 1)","(2048, 64, 1)","0","8.0","Command line profiler metrics","gpu__time_duration.sum","nsecond","156320"
"388","583630","python3.8","127.0.0.1","void cudnn::bn_fw_inf_1C11_kernel_NCHW<float, float, (bool)1, (int)1>(T2, T2, cudnnTensorStruct, const T1 *, cudnnTensorStruct, T1 *, cudnnTensorStruct, const T2 *, const T2 *, const T2 *, const T2 *, T2)","1","7","(64, 1, 1)","(2048, 64, 1)","0","8.0","Command line profiler metrics","lts__t_sectors.avg.pct_of_peak_sustained_elapsed","%","8.90"
"389","583630","python3.8","127.0.0.1","void cudnn::ops::nchwToNhwcKernel<float, float, float, (bool)0, (bool)1, (cudnnKernelDataType_t)2>(cudnn::ops::nchw2nhwc_params_t<T3>, const T1 *, T2 *)","1","7","(256, 1, 1)","(7, 32, 64)","0","8.0","Command line profiler metrics","dram__throughput.avg.pct_of_peak_sustained_elapsed","%","56.03"
"389","583630","python3.8","127.0.0.1","void cudnn::ops::nchwToNhwcKernel<float, float, float, (bool)0, (bool)1, (cudnnKernelDataType_t)2>(cudnn::ops::nchw2nhwc_params_t<T3>, const T1 *, T2 *)","1","7","(256, 1, 1)","(7, 32, 64)","0","8.0","Command line profiler metrics","gpu__time_duration.sum","nsecond","83360"
"389","583630","python3.8","127.0.0.1","void cudnn::ops::nchwToNhwcKernel<float, float, float, (bool)0, (bool)1, (cudnnKernelDataType_t)2>(cudnn::ops::nchw2nhwc_params_t<T3>, const T1 *, T2 *)","1","7","(256, 1, 1)","(7, 32, 64)","0","8.0","Command line profiler metrics","lts__t_sectors.avg.pct_of_peak_sustained_elapsed","%","34.54"
"390","583630","python3.8","127.0.0.1","void cudnn::ops::nchwToNhwcKernel<float, float, float, (bool)0, (bool)1, (cudnnKernelDataType_t)2>(cudnn::ops::nchw2nhwc_params_t<T3>, const T1 *, T2 *)","1","7","(256, 1, 1)","(1, 32, 2048)","0","8.0","Command line profiler metrics","dram__throughput.avg.pct_of_peak_sustained_elapsed","%","1.52"
"390","583630","python3.8","127.0.0.1","void cudnn::ops::nchwToNhwcKernel<float, float, float, (bool)0, (bool)1, (cudnnKernelDataType_t)2>(cudnn::ops::nchw2nhwc_params_t<T3>, const T1 *, T2 *)","1","7","(256, 1, 1)","(1, 32, 2048)","0","8.0","Command line profiler metrics","gpu__time_duration.sum","nsecond","285344"
"390","583630","python3.8","127.0.0.1","void cudnn::ops::nchwToNhwcKernel<float, float, float, (bool)0, (bool)1, (cudnnKernelDataType_t)2>(cudnn::ops::nchw2nhwc_params_t<T3>, const T1 *, T2 *)","1","7","(256, 1, 1)","(1, 32, 2048)","0","8.0","Command line profiler metrics","lts__t_sectors.avg.pct_of_peak_sustained_elapsed","%","1.17"
"391","583630","python3.8","127.0.0.1","sm80_xmma_fprop_implicit_gemm_tf32f32_tf32f32_f32_nhwckrsc_nhwc_tilesize128x128x16_stage4_warpsize2x2x1_g1_tensor16x8x8_execute_kernel_cudnn","1","7","(128, 1, 1)","(16, 25, 1)","0","8.0","Command line profiler metrics","dram__throughput.avg.pct_of_peak_sustained_elapsed","%","7.55"
"391","583630","python3.8","127.0.0.1","sm80_xmma_fprop_implicit_gemm_tf32f32_tf32f32_f32_nhwckrsc_nhwc_tilesize128x128x16_stage4_warpsize2x2x1_g1_tensor16x8x8_execute_kernel_cudnn","1","7","(128, 1, 1)","(16, 25, 1)","0","8.0","Command line profiler metrics","gpu__time_duration.sum","nsecond","258592"
"391","583630","python3.8","127.0.0.1","sm80_xmma_fprop_implicit_gemm_tf32f32_tf32f32_f32_nhwckrsc_nhwc_tilesize128x128x16_stage4_warpsize2x2x1_g1_tensor16x8x8_execute_kernel_cudnn","1","7","(128, 1, 1)","(16, 25, 1)","0","8.0","Command line profiler metrics","lts__t_sectors.avg.pct_of_peak_sustained_elapsed","%","24.56"
"392","583630","python3.8","127.0.0.1","void cudnn::ops::nhwcToNchwKernel<float, float, float, (bool)1, (bool)0, (cudnnKernelDataType_t)0>(cudnn::ops::nhwc2nchw_params_t<T3>, const T1 *, T2 *)","1","7","(256, 1, 1)","(2, 64, 64)","0","8.0","Command line profiler metrics","dram__throughput.avg.pct_of_peak_sustained_elapsed","%","38.00"
"392","583630","python3.8","127.0.0.1","void cudnn::ops::nhwcToNchwKernel<float, float, float, (bool)1, (bool)0, (cudnnKernelDataType_t)0>(cudnn::ops::nhwc2nchw_params_t<T3>, const T1 *, T2 *)","1","7","(256, 1, 1)","(2, 64, 64)","0","8.0","Command line profiler metrics","gpu__time_duration.sum","nsecond","52928"
"392","583630","python3.8","127.0.0.1","void cudnn::ops::nhwcToNchwKernel<float, float, float, (bool)1, (bool)0, (cudnnKernelDataType_t)0>(cudnn::ops::nhwc2nchw_params_t<T3>, const T1 *, T2 *)","1","7","(256, 1, 1)","(2, 64, 64)","0","8.0","Command line profiler metrics","lts__t_sectors.avg.pct_of_peak_sustained_elapsed","%","25.36"
"393","583630","python3.8","127.0.0.1","void cudnn::bn_fw_inf_1C11_kernel_NCHW<float, float, (bool)1, (int)1>(T2, T2, cudnnTensorStruct, const T1 *, cudnnTensorStruct, T1 *, cudnnTensorStruct, const T2 *, const T2 *, const T2 *, const T2 *, T2)","1","7","(64, 1, 1)","(2048, 64, 1)","0","8.0","Command line profiler metrics","dram__throughput.avg.pct_of_peak_sustained_elapsed","%","13.12"
"393","583630","python3.8","127.0.0.1","void cudnn::bn_fw_inf_1C11_kernel_NCHW<float, float, (bool)1, (int)1>(T2, T2, cudnnTensorStruct, const T1 *, cudnnTensorStruct, T1 *, cudnnTensorStruct, const T2 *, const T2 *, const T2 *, const T2 *, T2)","1","7","(64, 1, 1)","(2048, 64, 1)","0","8.0","Command line profiler metrics","gpu__time_duration.sum","nsecond","156096"
"393","583630","python3.8","127.0.0.1","void cudnn::bn_fw_inf_1C11_kernel_NCHW<float, float, (bool)1, (int)1>(T2, T2, cudnnTensorStruct, const T1 *, cudnnTensorStruct, T1 *, cudnnTensorStruct, const T2 *, const T2 *, const T2 *, const T2 *, T2)","1","7","(64, 1, 1)","(2048, 64, 1)","0","8.0","Command line profiler metrics","lts__t_sectors.avg.pct_of_peak_sustained_elapsed","%","8.90"
"394","583630","python3.8","127.0.0.1","void at::native::vectorized_elementwise_kernel<(int)4, at::native::CUDAFunctor_add<float>, at::detail::Array<char *, (int)3>>(int, T2, T3)","1","7","(128, 1, 1)","(12544, 1, 1)","0","8.0","Command line profiler metrics","dram__throughput.avg.pct_of_peak_sustained_elapsed","%","79.38"
"394","583630","python3.8","127.0.0.1","void at::native::vectorized_elementwise_kernel<(int)4, at::native::CUDAFunctor_add<float>, at::detail::Array<char *, (int)3>>(int, T2, T3)","1","7","(128, 1, 1)","(12544, 1, 1)","0","8.0","Command line profiler metrics","gpu__time_duration.sum","nsecond","41248"
"394","583630","python3.8","127.0.0.1","void at::native::vectorized_elementwise_kernel<(int)4, at::native::CUDAFunctor_add<float>, at::detail::Array<char *, (int)3>>(int, T2, T3)","1","7","(128, 1, 1)","(12544, 1, 1)","0","8.0","Command line profiler metrics","lts__t_sectors.avg.pct_of_peak_sustained_elapsed","%","40.54"
"395","583630","python3.8","127.0.0.1","void at::native::vectorized_elementwise_kernel<(int)4, at::native::<unnamed>::launch_clamp_scalar(at::TensorIteratorBase &, c10::Scalar, c10::Scalar, at::native::detail::ClampLimits)::[lambda() (instance 1)]::operator ()() const::[lambda() (instance 14)]::operator ()() const::[lambda(float) (instance 1)], at::detail::Array<char *, (int)2>>(int, T2, T3)","1","7","(128, 1, 1)","(12544, 1, 1)","0","8.0","Command line profiler metrics","dram__throughput.avg.pct_of_peak_sustained_elapsed","%","50.12"
"395","583630","python3.8","127.0.0.1","void at::native::vectorized_elementwise_kernel<(int)4, at::native::<unnamed>::launch_clamp_scalar(at::TensorIteratorBase &, c10::Scalar, c10::Scalar, at::native::detail::ClampLimits)::[lambda() (instance 1)]::operator ()() const::[lambda() (instance 14)]::operator ()() const::[lambda(float) (instance 1)], at::detail::Array<char *, (int)2>>(int, T2, T3)","1","7","(128, 1, 1)","(12544, 1, 1)","0","8.0","Command line profiler metrics","gpu__time_duration.sum","nsecond","33920"
"395","583630","python3.8","127.0.0.1","void at::native::vectorized_elementwise_kernel<(int)4, at::native::<unnamed>::launch_clamp_scalar(at::TensorIteratorBase &, c10::Scalar, c10::Scalar, at::native::detail::ClampLimits)::[lambda() (instance 1)]::operator ()() const::[lambda() (instance 14)]::operator ()() const::[lambda(float) (instance 1)], at::detail::Array<char *, (int)2>>(int, T2, T3)","1","7","(128, 1, 1)","(12544, 1, 1)","0","8.0","Command line profiler metrics","lts__t_sectors.avg.pct_of_peak_sustained_elapsed","%","29.84"
"396","583630","python3.8","127.0.0.1","void cudnn::ops::nchwToNhwcKernel<float, float, float, (bool)0, (bool)1, (cudnnKernelDataType_t)2>(cudnn::ops::nchw2nhwc_params_t<T3>, const T1 *, T2 *)","1","7","(256, 1, 1)","(2, 64, 64)","0","8.0","Command line profiler metrics","dram__throughput.avg.pct_of_peak_sustained_elapsed","%","43.87"
"396","583630","python3.8","127.0.0.1","void cudnn::ops::nchwToNhwcKernel<float, float, float, (bool)0, (bool)1, (cudnnKernelDataType_t)2>(cudnn::ops::nchw2nhwc_params_t<T3>, const T1 *, T2 *)","1","7","(256, 1, 1)","(2, 64, 64)","0","8.0","Command line profiler metrics","gpu__time_duration.sum","nsecond","46816"
"396","583630","python3.8","127.0.0.1","void cudnn::ops::nchwToNhwcKernel<float, float, float, (bool)0, (bool)1, (cudnnKernelDataType_t)2>(cudnn::ops::nchw2nhwc_params_t<T3>, const T1 *, T2 *)","1","7","(256, 1, 1)","(2, 64, 64)","0","8.0","Command line profiler metrics","lts__t_sectors.avg.pct_of_peak_sustained_elapsed","%","30.00"
"397","583630","python3.8","127.0.0.1","void cudnn::ops::nchwToNhwcKernel<float, float, float, (bool)0, (bool)1, (cudnnKernelDataType_t)2>(cudnn::ops::nchw2nhwc_params_t<T3>, const T1 *, T2 *)","1","7","(256, 1, 1)","(1, 64, 512)","0","8.0","Command line profiler metrics","dram__throughput.avg.pct_of_peak_sustained_elapsed","%","1.51"
"397","583630","python3.8","127.0.0.1","void cudnn::ops::nchwToNhwcKernel<float, float, float, (bool)0, (bool)1, (cudnnKernelDataType_t)2>(cudnn::ops::nchw2nhwc_params_t<T3>, const T1 *, T2 *)","1","7","(256, 1, 1)","(1, 64, 512)","0","8.0","Command line profiler metrics","gpu__time_duration.sum","nsecond","143968"
"397","583630","python3.8","127.0.0.1","void cudnn::ops::nchwToNhwcKernel<float, float, float, (bool)0, (bool)1, (cudnnKernelDataType_t)2>(cudnn::ops::nchw2nhwc_params_t<T3>, const T1 *, T2 *)","1","7","(256, 1, 1)","(1, 64, 512)","0","8.0","Command line profiler metrics","lts__t_sectors.avg.pct_of_peak_sustained_elapsed","%","1.18"
"398","583630","python3.8","127.0.0.1","void cutlass_cudnn::Kernel<cutlass_tensorop_s1688fprop_optimized_tf32_128x128_16x4_nhwc_align4>(T1::Params)","1","7","(128, 1, 1)","(100, 1, 1)","0","8.0","Command line profiler metrics","dram__throughput.avg.pct_of_peak_sustained_elapsed","%","11.53"
"398","583630","python3.8","127.0.0.1","void cutlass_cudnn::Kernel<cutlass_tensorop_s1688fprop_optimized_tf32_128x128_16x4_nhwc_align4>(T1::Params)","1","7","(128, 1, 1)","(100, 1, 1)","0","8.0","Command line profiler metrics","gpu__time_duration.sum","nsecond","141312"
"398","583630","python3.8","127.0.0.1","void cutlass_cudnn::Kernel<cutlass_tensorop_s1688fprop_optimized_tf32_128x128_16x4_nhwc_align4>(T1::Params)","1","7","(128, 1, 1)","(100, 1, 1)","0","8.0","Command line profiler metrics","lts__t_sectors.avg.pct_of_peak_sustained_elapsed","%","23.39"
"399","583630","python3.8","127.0.0.1","void cudnn::ops::nhwcToNchwKernel<float, float, float, (bool)1, (bool)0, (cudnnKernelDataType_t)0>(cudnn::ops::nhwc2nchw_params_t<T3>, const T1 *, T2 *)","1","7","(256, 1, 1)","(2, 16, 64)","0","8.0","Command line profiler metrics","dram__throughput.avg.pct_of_peak_sustained_elapsed","%","18.80"
"399","583630","python3.8","127.0.0.1","void cudnn::ops::nhwcToNchwKernel<float, float, float, (bool)1, (bool)0, (cudnnKernelDataType_t)0>(cudnn::ops::nhwc2nchw_params_t<T3>, const T1 *, T2 *)","1","7","(256, 1, 1)","(2, 16, 64)","0","8.0","Command line profiler metrics","gpu__time_duration.sum","nsecond","17728"
"399","583630","python3.8","127.0.0.1","void cudnn::ops::nhwcToNchwKernel<float, float, float, (bool)1, (bool)0, (cudnnKernelDataType_t)0>(cudnn::ops::nhwc2nchw_params_t<T3>, const T1 *, T2 *)","1","7","(256, 1, 1)","(2, 16, 64)","0","8.0","Command line profiler metrics","lts__t_sectors.avg.pct_of_peak_sustained_elapsed","%","16.74"
"400","583630","python3.8","127.0.0.1","void cudnn::bn_fw_inf_1C11_kernel_NCHW<float, float, (bool)1, (int)1>(T2, T2, cudnnTensorStruct, const T1 *, cudnnTensorStruct, T1 *, cudnnTensorStruct, const T2 *, const T2 *, const T2 *, const T2 *, T2)","1","7","(64, 1, 1)","(512, 64, 1)","0","8.0","Command line profiler metrics","dram__throughput.avg.pct_of_peak_sustained_elapsed","%","7.35"
"400","583630","python3.8","127.0.0.1","void cudnn::bn_fw_inf_1C11_kernel_NCHW<float, float, (bool)1, (int)1>(T2, T2, cudnnTensorStruct, const T1 *, cudnnTensorStruct, T1 *, cudnnTensorStruct, const T2 *, const T2 *, const T2 *, const T2 *, T2)","1","7","(64, 1, 1)","(512, 64, 1)","0","8.0","Command line profiler metrics","gpu__time_duration.sum","nsecond","45248"
"400","583630","python3.8","127.0.0.1","void cudnn::bn_fw_inf_1C11_kernel_NCHW<float, float, (bool)1, (int)1>(T2, T2, cudnnTensorStruct, const T1 *, cudnnTensorStruct, T1 *, cudnnTensorStruct, const T2 *, const T2 *, const T2 *, const T2 *, T2)","1","7","(64, 1, 1)","(512, 64, 1)","0","8.0","Command line profiler metrics","lts__t_sectors.avg.pct_of_peak_sustained_elapsed","%","6.74"
"401","583630","python3.8","127.0.0.1","void at::native::vectorized_elementwise_kernel<(int)4, at::native::<unnamed>::launch_clamp_scalar(at::TensorIteratorBase &, c10::Scalar, c10::Scalar, at::native::detail::ClampLimits)::[lambda() (instance 1)]::operator ()() const::[lambda() (instance 14)]::operator ()() const::[lambda(float) (instance 1)], at::detail::Array<char *, (int)2>>(int, T2, T3)","1","7","(128, 1, 1)","(3136, 1, 1)","0","8.0","Command line profiler metrics","dram__throughput.avg.pct_of_peak_sustained_elapsed","%","27.86"
"401","583630","python3.8","127.0.0.1","void at::native::vectorized_elementwise_kernel<(int)4, at::native::<unnamed>::launch_clamp_scalar(at::TensorIteratorBase &, c10::Scalar, c10::Scalar, at::native::detail::ClampLimits)::[lambda() (instance 1)]::operator ()() const::[lambda() (instance 14)]::operator ()() const::[lambda(float) (instance 1)], at::detail::Array<char *, (int)2>>(int, T2, T3)","1","7","(128, 1, 1)","(3136, 1, 1)","0","8.0","Command line profiler metrics","gpu__time_duration.sum","nsecond","11968"
"401","583630","python3.8","127.0.0.1","void at::native::vectorized_elementwise_kernel<(int)4, at::native::<unnamed>::launch_clamp_scalar(at::TensorIteratorBase &, c10::Scalar, c10::Scalar, at::native::detail::ClampLimits)::[lambda() (instance 1)]::operator ()() const::[lambda() (instance 14)]::operator ()() const::[lambda(float) (instance 1)], at::detail::Array<char *, (int)2>>(int, T2, T3)","1","7","(128, 1, 1)","(3136, 1, 1)","0","8.0","Command line profiler metrics","lts__t_sectors.avg.pct_of_peak_sustained_elapsed","%","21.60"
"402","583630","python3.8","127.0.0.1","void cudnn::ops::nchwToNhwcKernel<float, float, float, (bool)0, (bool)1, (cudnnKernelDataType_t)2>(cudnn::ops::nchw2nhwc_params_t<T3>, const T1 *, T2 *)","1","7","(256, 1, 1)","(2, 16, 64)","0","8.0","Command line profiler metrics","dram__throughput.avg.pct_of_peak_sustained_elapsed","%","21.49"
"402","583630","python3.8","127.0.0.1","void cudnn::ops::nchwToNhwcKernel<float, float, float, (bool)0, (bool)1, (cudnnKernelDataType_t)2>(cudnn::ops::nchw2nhwc_params_t<T3>, const T1 *, T2 *)","1","7","(256, 1, 1)","(2, 16, 64)","0","8.0","Command line profiler metrics","gpu__time_duration.sum","nsecond","15520"
"402","583630","python3.8","127.0.0.1","void cudnn::ops::nchwToNhwcKernel<float, float, float, (bool)0, (bool)1, (cudnnKernelDataType_t)2>(cudnn::ops::nchw2nhwc_params_t<T3>, const T1 *, T2 *)","1","7","(256, 1, 1)","(2, 16, 64)","0","8.0","Command line profiler metrics","lts__t_sectors.avg.pct_of_peak_sustained_elapsed","%","19.31"
"403","583630","python3.8","127.0.0.1","void cudnn::ops::nchwToNhwcKernel<float, float, float, (bool)0, (bool)1, (cudnnKernelDataType_t)2>(cudnn::ops::nchw2nhwc_params_t<T3>, const T1 *, T2 *)","1","7","(256, 1, 1)","(1, 16, 512)","0","8.0","Command line profiler metrics","dram__throughput.avg.pct_of_peak_sustained_elapsed","%","11.16"
"403","583630","python3.8","127.0.0.1","void cudnn::ops::nchwToNhwcKernel<float, float, float, (bool)0, (bool)1, (cudnnKernelDataType_t)2>(cudnn::ops::nchw2nhwc_params_t<T3>, const T1 *, T2 *)","1","7","(256, 1, 1)","(1, 16, 512)","0","8.0","Command line profiler metrics","gpu__time_duration.sum","nsecond","43808"
"403","583630","python3.8","127.0.0.1","void cudnn::ops::nchwToNhwcKernel<float, float, float, (bool)0, (bool)1, (cudnnKernelDataType_t)2>(cudnn::ops::nchw2nhwc_params_t<T3>, const T1 *, T2 *)","1","7","(256, 1, 1)","(1, 16, 512)","0","8.0","Command line profiler metrics","lts__t_sectors.avg.pct_of_peak_sustained_elapsed","%","9.03"
"404","583630","python3.8","127.0.0.1","void cutlass_cudnn::Kernel<cutlass_tensorop_s1688fprop_optimized_tf32_128x128_32x4_nhwc_align4>(T1::Params)","1","7","(128, 1, 1)","(100, 1, 1)","0","8.0","Command line profiler metrics","dram__throughput.avg.pct_of_peak_sustained_elapsed","%","2.88"
"404","583630","python3.8","127.0.0.1","void cutlass_cudnn::Kernel<cutlass_tensorop_s1688fprop_optimized_tf32_128x128_32x4_nhwc_align4>(T1::Params)","1","7","(128, 1, 1)","(100, 1, 1)","0","8.0","Command line profiler metrics","gpu__time_duration.sum","nsecond","303648"
"404","583630","python3.8","127.0.0.1","void cutlass_cudnn::Kernel<cutlass_tensorop_s1688fprop_optimized_tf32_128x128_32x4_nhwc_align4>(T1::Params)","1","7","(128, 1, 1)","(100, 1, 1)","0","8.0","Command line profiler metrics","lts__t_sectors.avg.pct_of_peak_sustained_elapsed","%","12.32"
"405","583630","python3.8","127.0.0.1","void cudnn::ops::nhwcToNchwKernel<float, float, float, (bool)1, (bool)0, (cudnnKernelDataType_t)0>(cudnn::ops::nhwc2nchw_params_t<T3>, const T1 *, T2 *)","1","7","(256, 1, 1)","(2, 16, 64)","0","8.0","Command line profiler metrics","dram__throughput.avg.pct_of_peak_sustained_elapsed","%","18.83"
"405","583630","python3.8","127.0.0.1","void cudnn::ops::nhwcToNchwKernel<float, float, float, (bool)1, (bool)0, (cudnnKernelDataType_t)0>(cudnn::ops::nhwc2nchw_params_t<T3>, const T1 *, T2 *)","1","7","(256, 1, 1)","(2, 16, 64)","0","8.0","Command line profiler metrics","gpu__time_duration.sum","nsecond","17728"
"405","583630","python3.8","127.0.0.1","void cudnn::ops::nhwcToNchwKernel<float, float, float, (bool)1, (bool)0, (cudnnKernelDataType_t)0>(cudnn::ops::nhwc2nchw_params_t<T3>, const T1 *, T2 *)","1","7","(256, 1, 1)","(2, 16, 64)","0","8.0","Command line profiler metrics","lts__t_sectors.avg.pct_of_peak_sustained_elapsed","%","17.36"
"406","583630","python3.8","127.0.0.1","void cudnn::bn_fw_inf_1C11_kernel_NCHW<float, float, (bool)1, (int)1>(T2, T2, cudnnTensorStruct, const T1 *, cudnnTensorStruct, T1 *, cudnnTensorStruct, const T2 *, const T2 *, const T2 *, const T2 *, T2)","1","7","(64, 1, 1)","(512, 64, 1)","0","8.0","Command line profiler metrics","dram__throughput.avg.pct_of_peak_sustained_elapsed","%","7.41"
"406","583630","python3.8","127.0.0.1","void cudnn::bn_fw_inf_1C11_kernel_NCHW<float, float, (bool)1, (int)1>(T2, T2, cudnnTensorStruct, const T1 *, cudnnTensorStruct, T1 *, cudnnTensorStruct, const T2 *, const T2 *, const T2 *, const T2 *, T2)","1","7","(64, 1, 1)","(512, 64, 1)","0","8.0","Command line profiler metrics","gpu__time_duration.sum","nsecond","44896"
"406","583630","python3.8","127.0.0.1","void cudnn::bn_fw_inf_1C11_kernel_NCHW<float, float, (bool)1, (int)1>(T2, T2, cudnnTensorStruct, const T1 *, cudnnTensorStruct, T1 *, cudnnTensorStruct, const T2 *, const T2 *, const T2 *, const T2 *, T2)","1","7","(64, 1, 1)","(512, 64, 1)","0","8.0","Command line profiler metrics","lts__t_sectors.avg.pct_of_peak_sustained_elapsed","%","6.98"
"407","583630","python3.8","127.0.0.1","void at::native::vectorized_elementwise_kernel<(int)4, at::native::<unnamed>::launch_clamp_scalar(at::TensorIteratorBase &, c10::Scalar, c10::Scalar, at::native::detail::ClampLimits)::[lambda() (instance 1)]::operator ()() const::[lambda() (instance 14)]::operator ()() const::[lambda(float) (instance 1)], at::detail::Array<char *, (int)2>>(int, T2, T3)","1","7","(128, 1, 1)","(3136, 1, 1)","0","8.0","Command line profiler metrics","dram__throughput.avg.pct_of_peak_sustained_elapsed","%","29.21"
"407","583630","python3.8","127.0.0.1","void at::native::vectorized_elementwise_kernel<(int)4, at::native::<unnamed>::launch_clamp_scalar(at::TensorIteratorBase &, c10::Scalar, c10::Scalar, at::native::detail::ClampLimits)::[lambda() (instance 1)]::operator ()() const::[lambda() (instance 14)]::operator ()() const::[lambda(float) (instance 1)], at::detail::Array<char *, (int)2>>(int, T2, T3)","1","7","(128, 1, 1)","(3136, 1, 1)","0","8.0","Command line profiler metrics","gpu__time_duration.sum","nsecond","11392"
"407","583630","python3.8","127.0.0.1","void at::native::vectorized_elementwise_kernel<(int)4, at::native::<unnamed>::launch_clamp_scalar(at::TensorIteratorBase &, c10::Scalar, c10::Scalar, at::native::detail::ClampLimits)::[lambda() (instance 1)]::operator ()() const::[lambda() (instance 14)]::operator ()() const::[lambda(float) (instance 1)], at::detail::Array<char *, (int)2>>(int, T2, T3)","1","7","(128, 1, 1)","(3136, 1, 1)","0","8.0","Command line profiler metrics","lts__t_sectors.avg.pct_of_peak_sustained_elapsed","%","22.85"
"408","583630","python3.8","127.0.0.1","void cudnn::ops::nchwToNhwcKernel<float, float, float, (bool)0, (bool)1, (cudnnKernelDataType_t)2>(cudnn::ops::nchw2nhwc_params_t<T3>, const T1 *, T2 *)","1","7","(256, 1, 1)","(2, 16, 64)","0","8.0","Command line profiler metrics","dram__throughput.avg.pct_of_peak_sustained_elapsed","%","21.46"
"408","583630","python3.8","127.0.0.1","void cudnn::ops::nchwToNhwcKernel<float, float, float, (bool)0, (bool)1, (cudnnKernelDataType_t)2>(cudnn::ops::nchw2nhwc_params_t<T3>, const T1 *, T2 *)","1","7","(256, 1, 1)","(2, 16, 64)","0","8.0","Command line profiler metrics","gpu__time_duration.sum","nsecond","15552"
"408","583630","python3.8","127.0.0.1","void cudnn::ops::nchwToNhwcKernel<float, float, float, (bool)0, (bool)1, (cudnnKernelDataType_t)2>(cudnn::ops::nchw2nhwc_params_t<T3>, const T1 *, T2 *)","1","7","(256, 1, 1)","(2, 16, 64)","0","8.0","Command line profiler metrics","lts__t_sectors.avg.pct_of_peak_sustained_elapsed","%","19.39"
"409","583630","python3.8","127.0.0.1","void cudnn::ops::nchwToNhwcKernel<float, float, float, (bool)0, (bool)1, (cudnnKernelDataType_t)2>(cudnn::ops::nchw2nhwc_params_t<T3>, const T1 *, T2 *)","1","7","(256, 1, 1)","(1, 16, 2048)","0","8.0","Command line profiler metrics","dram__throughput.avg.pct_of_peak_sustained_elapsed","%","1.48"
"409","583630","python3.8","127.0.0.1","void cudnn::ops::nchwToNhwcKernel<float, float, float, (bool)0, (bool)1, (cudnnKernelDataType_t)2>(cudnn::ops::nchw2nhwc_params_t<T3>, const T1 *, T2 *)","1","7","(256, 1, 1)","(1, 16, 2048)","0","8.0","Command line profiler metrics","gpu__time_duration.sum","nsecond","146848"
"409","583630","python3.8","127.0.0.1","void cudnn::ops::nchwToNhwcKernel<float, float, float, (bool)0, (bool)1, (cudnnKernelDataType_t)2>(cudnn::ops::nchw2nhwc_params_t<T3>, const T1 *, T2 *)","1","7","(256, 1, 1)","(1, 16, 2048)","0","8.0","Command line profiler metrics","lts__t_sectors.avg.pct_of_peak_sustained_elapsed","%","1.25"
"410","583630","python3.8","127.0.0.1","void cutlass_cudnn::Kernel<cutlass_tensorop_s1688fprop_optimized_tf32_128x128_16x4_nhwc_align4>(T1::Params)","1","7","(128, 1, 1)","(100, 4, 1)","0","8.0","Command line profiler metrics","dram__throughput.avg.pct_of_peak_sustained_elapsed","%","7.76"
"410","583630","python3.8","127.0.0.1","void cutlass_cudnn::Kernel<cutlass_tensorop_s1688fprop_optimized_tf32_128x128_16x4_nhwc_align4>(T1::Params)","1","7","(128, 1, 1)","(100, 4, 1)","0","8.0","Command line profiler metrics","gpu__time_duration.sum","nsecond","144608"
"410","583630","python3.8","127.0.0.1","void cutlass_cudnn::Kernel<cutlass_tensorop_s1688fprop_optimized_tf32_128x128_16x4_nhwc_align4>(T1::Params)","1","7","(128, 1, 1)","(100, 4, 1)","0","8.0","Command line profiler metrics","lts__t_sectors.avg.pct_of_peak_sustained_elapsed","%","23.35"
"411","583630","python3.8","127.0.0.1","void cudnn::ops::nhwcToNchwKernel<float, float, float, (bool)1, (bool)0, (cudnnKernelDataType_t)0>(cudnn::ops::nhwc2nchw_params_t<T3>, const T1 *, T2 *)","1","7","(256, 1, 1)","(2, 64, 64)","0","8.0","Command line profiler metrics","dram__throughput.avg.pct_of_peak_sustained_elapsed","%","38.16"
"411","583630","python3.8","127.0.0.1","void cudnn::ops::nhwcToNchwKernel<float, float, float, (bool)1, (bool)0, (cudnnKernelDataType_t)0>(cudnn::ops::nhwc2nchw_params_t<T3>, const T1 *, T2 *)","1","7","(256, 1, 1)","(2, 64, 64)","0","8.0","Command line profiler metrics","gpu__time_duration.sum","nsecond","52256"
"411","583630","python3.8","127.0.0.1","void cudnn::ops::nhwcToNchwKernel<float, float, float, (bool)1, (bool)0, (cudnnKernelDataType_t)0>(cudnn::ops::nhwc2nchw_params_t<T3>, const T1 *, T2 *)","1","7","(256, 1, 1)","(2, 64, 64)","0","8.0","Command line profiler metrics","lts__t_sectors.avg.pct_of_peak_sustained_elapsed","%","25.82"
"412","583630","python3.8","127.0.0.1","void cudnn::bn_fw_inf_1C11_kernel_NCHW<float, float, (bool)1, (int)1>(T2, T2, cudnnTensorStruct, const T1 *, cudnnTensorStruct, T1 *, cudnnTensorStruct, const T2 *, const T2 *, const T2 *, const T2 *, T2)","1","7","(64, 1, 1)","(2048, 64, 1)","0","8.0","Command line profiler metrics","dram__throughput.avg.pct_of_peak_sustained_elapsed","%","13.14"
"412","583630","python3.8","127.0.0.1","void cudnn::bn_fw_inf_1C11_kernel_NCHW<float, float, (bool)1, (int)1>(T2, T2, cudnnTensorStruct, const T1 *, cudnnTensorStruct, T1 *, cudnnTensorStruct, const T2 *, const T2 *, const T2 *, const T2 *, T2)","1","7","(64, 1, 1)","(2048, 64, 1)","0","8.0","Command line profiler metrics","gpu__time_duration.sum","nsecond","155936"
"412","583630","python3.8","127.0.0.1","void cudnn::bn_fw_inf_1C11_kernel_NCHW<float, float, (bool)1, (int)1>(T2, T2, cudnnTensorStruct, const T1 *, cudnnTensorStruct, T1 *, cudnnTensorStruct, const T2 *, const T2 *, const T2 *, const T2 *, T2)","1","7","(64, 1, 1)","(2048, 64, 1)","0","8.0","Command line profiler metrics","lts__t_sectors.avg.pct_of_peak_sustained_elapsed","%","8.87"
"413","583630","python3.8","127.0.0.1","void at::native::vectorized_elementwise_kernel<(int)4, at::native::CUDAFunctor_add<float>, at::detail::Array<char *, (int)3>>(int, T2, T3)","1","7","(128, 1, 1)","(12544, 1, 1)","0","8.0","Command line profiler metrics","dram__throughput.avg.pct_of_peak_sustained_elapsed","%","77.99"
"413","583630","python3.8","127.0.0.1","void at::native::vectorized_elementwise_kernel<(int)4, at::native::CUDAFunctor_add<float>, at::detail::Array<char *, (int)3>>(int, T2, T3)","1","7","(128, 1, 1)","(12544, 1, 1)","0","8.0","Command line profiler metrics","gpu__time_duration.sum","nsecond","41824"
"413","583630","python3.8","127.0.0.1","void at::native::vectorized_elementwise_kernel<(int)4, at::native::CUDAFunctor_add<float>, at::detail::Array<char *, (int)3>>(int, T2, T3)","1","7","(128, 1, 1)","(12544, 1, 1)","0","8.0","Command line profiler metrics","lts__t_sectors.avg.pct_of_peak_sustained_elapsed","%","40.23"
"414","583630","python3.8","127.0.0.1","void at::native::vectorized_elementwise_kernel<(int)4, at::native::<unnamed>::launch_clamp_scalar(at::TensorIteratorBase &, c10::Scalar, c10::Scalar, at::native::detail::ClampLimits)::[lambda() (instance 1)]::operator ()() const::[lambda() (instance 14)]::operator ()() const::[lambda(float) (instance 1)], at::detail::Array<char *, (int)2>>(int, T2, T3)","1","7","(128, 1, 1)","(12544, 1, 1)","0","8.0","Command line profiler metrics","dram__throughput.avg.pct_of_peak_sustained_elapsed","%","49.65"
"414","583630","python3.8","127.0.0.1","void at::native::vectorized_elementwise_kernel<(int)4, at::native::<unnamed>::launch_clamp_scalar(at::TensorIteratorBase &, c10::Scalar, c10::Scalar, at::native::detail::ClampLimits)::[lambda() (instance 1)]::operator ()() const::[lambda() (instance 14)]::operator ()() const::[lambda(float) (instance 1)], at::detail::Array<char *, (int)2>>(int, T2, T3)","1","7","(128, 1, 1)","(12544, 1, 1)","0","8.0","Command line profiler metrics","gpu__time_duration.sum","nsecond","34304"
"414","583630","python3.8","127.0.0.1","void at::native::vectorized_elementwise_kernel<(int)4, at::native::<unnamed>::launch_clamp_scalar(at::TensorIteratorBase &, c10::Scalar, c10::Scalar, at::native::detail::ClampLimits)::[lambda() (instance 1)]::operator ()() const::[lambda() (instance 14)]::operator ()() const::[lambda(float) (instance 1)], at::detail::Array<char *, (int)2>>(int, T2, T3)","1","7","(128, 1, 1)","(12544, 1, 1)","0","8.0","Command line profiler metrics","lts__t_sectors.avg.pct_of_peak_sustained_elapsed","%","29.45"
"415","583630","python3.8","127.0.0.1","void cudnn::ops::nchwToNhwcKernel<float, float, float, (bool)0, (bool)1, (cudnnKernelDataType_t)2>(cudnn::ops::nchw2nhwc_params_t<T3>, const T1 *, T2 *)","1","7","(256, 1, 1)","(2, 64, 64)","0","8.0","Command line profiler metrics","dram__throughput.avg.pct_of_peak_sustained_elapsed","%","43.37"
"415","583630","python3.8","127.0.0.1","void cudnn::ops::nchwToNhwcKernel<float, float, float, (bool)0, (bool)1, (cudnnKernelDataType_t)2>(cudnn::ops::nchw2nhwc_params_t<T3>, const T1 *, T2 *)","1","7","(256, 1, 1)","(2, 64, 64)","0","8.0","Command line profiler metrics","gpu__time_duration.sum","nsecond","47072"
"415","583630","python3.8","127.0.0.1","void cudnn::ops::nchwToNhwcKernel<float, float, float, (bool)0, (bool)1, (cudnnKernelDataType_t)2>(cudnn::ops::nchw2nhwc_params_t<T3>, const T1 *, T2 *)","1","7","(256, 1, 1)","(2, 64, 64)","0","8.0","Command line profiler metrics","lts__t_sectors.avg.pct_of_peak_sustained_elapsed","%","29.57"
"416","583630","python3.8","127.0.0.1","void cudnn::ops::nchwToNhwcKernel<float, float, float, (bool)0, (bool)1, (cudnnKernelDataType_t)2>(cudnn::ops::nchw2nhwc_params_t<T3>, const T1 *, T2 *)","1","7","(256, 1, 1)","(1, 64, 512)","0","8.0","Command line profiler metrics","dram__throughput.avg.pct_of_peak_sustained_elapsed","%","1.51"
"416","583630","python3.8","127.0.0.1","void cudnn::ops::nchwToNhwcKernel<float, float, float, (bool)0, (bool)1, (cudnnKernelDataType_t)2>(cudnn::ops::nchw2nhwc_params_t<T3>, const T1 *, T2 *)","1","7","(256, 1, 1)","(1, 64, 512)","0","8.0","Command line profiler metrics","gpu__time_duration.sum","nsecond","144320"
"416","583630","python3.8","127.0.0.1","void cudnn::ops::nchwToNhwcKernel<float, float, float, (bool)0, (bool)1, (cudnnKernelDataType_t)2>(cudnn::ops::nchw2nhwc_params_t<T3>, const T1 *, T2 *)","1","7","(256, 1, 1)","(1, 64, 512)","0","8.0","Command line profiler metrics","lts__t_sectors.avg.pct_of_peak_sustained_elapsed","%","1.20"
"417","583630","python3.8","127.0.0.1","void cutlass_cudnn::Kernel<cutlass_tensorop_s1688fprop_optimized_tf32_128x128_16x4_nhwc_align4>(T1::Params)","1","7","(128, 1, 1)","(100, 1, 1)","0","8.0","Command line profiler metrics","dram__throughput.avg.pct_of_peak_sustained_elapsed","%","11.49"
"417","583630","python3.8","127.0.0.1","void cutlass_cudnn::Kernel<cutlass_tensorop_s1688fprop_optimized_tf32_128x128_16x4_nhwc_align4>(T1::Params)","1","7","(128, 1, 1)","(100, 1, 1)","0","8.0","Command line profiler metrics","gpu__time_duration.sum","nsecond","141760"
"417","583630","python3.8","127.0.0.1","void cutlass_cudnn::Kernel<cutlass_tensorop_s1688fprop_optimized_tf32_128x128_16x4_nhwc_align4>(T1::Params)","1","7","(128, 1, 1)","(100, 1, 1)","0","8.0","Command line profiler metrics","lts__t_sectors.avg.pct_of_peak_sustained_elapsed","%","23.36"
"418","583630","python3.8","127.0.0.1","void cudnn::ops::nhwcToNchwKernel<float, float, float, (bool)1, (bool)0, (cudnnKernelDataType_t)0>(cudnn::ops::nhwc2nchw_params_t<T3>, const T1 *, T2 *)","1","7","(256, 1, 1)","(2, 16, 64)","0","8.0","Command line profiler metrics","dram__throughput.avg.pct_of_peak_sustained_elapsed","%","18.65"
"418","583630","python3.8","127.0.0.1","void cudnn::ops::nhwcToNchwKernel<float, float, float, (bool)1, (bool)0, (cudnnKernelDataType_t)0>(cudnn::ops::nhwc2nchw_params_t<T3>, const T1 *, T2 *)","1","7","(256, 1, 1)","(2, 16, 64)","0","8.0","Command line profiler metrics","gpu__time_duration.sum","nsecond","17888"
"418","583630","python3.8","127.0.0.1","void cudnn::ops::nhwcToNchwKernel<float, float, float, (bool)1, (bool)0, (cudnnKernelDataType_t)0>(cudnn::ops::nhwc2nchw_params_t<T3>, const T1 *, T2 *)","1","7","(256, 1, 1)","(2, 16, 64)","0","8.0","Command line profiler metrics","lts__t_sectors.avg.pct_of_peak_sustained_elapsed","%","16.77"
"419","583630","python3.8","127.0.0.1","void cudnn::bn_fw_inf_1C11_kernel_NCHW<float, float, (bool)1, (int)1>(T2, T2, cudnnTensorStruct, const T1 *, cudnnTensorStruct, T1 *, cudnnTensorStruct, const T2 *, const T2 *, const T2 *, const T2 *, T2)","1","7","(64, 1, 1)","(512, 64, 1)","0","8.0","Command line profiler metrics","dram__throughput.avg.pct_of_peak_sustained_elapsed","%","7.31"
"419","583630","python3.8","127.0.0.1","void cudnn::bn_fw_inf_1C11_kernel_NCHW<float, float, (bool)1, (int)1>(T2, T2, cudnnTensorStruct, const T1 *, cudnnTensorStruct, T1 *, cudnnTensorStruct, const T2 *, const T2 *, const T2 *, const T2 *, T2)","1","7","(64, 1, 1)","(512, 64, 1)","0","8.0","Command line profiler metrics","gpu__time_duration.sum","nsecond","45536"
"419","583630","python3.8","127.0.0.1","void cudnn::bn_fw_inf_1C11_kernel_NCHW<float, float, (bool)1, (int)1>(T2, T2, cudnnTensorStruct, const T1 *, cudnnTensorStruct, T1 *, cudnnTensorStruct, const T2 *, const T2 *, const T2 *, const T2 *, T2)","1","7","(64, 1, 1)","(512, 64, 1)","0","8.0","Command line profiler metrics","lts__t_sectors.avg.pct_of_peak_sustained_elapsed","%","6.70"
"420","583630","python3.8","127.0.0.1","void at::native::vectorized_elementwise_kernel<(int)4, at::native::<unnamed>::launch_clamp_scalar(at::TensorIteratorBase &, c10::Scalar, c10::Scalar, at::native::detail::ClampLimits)::[lambda() (instance 1)]::operator ()() const::[lambda() (instance 14)]::operator ()() const::[lambda(float) (instance 1)], at::detail::Array<char *, (int)2>>(int, T2, T3)","1","7","(128, 1, 1)","(3136, 1, 1)","0","8.0","Command line profiler metrics","dram__throughput.avg.pct_of_peak_sustained_elapsed","%","27.43"
"420","583630","python3.8","127.0.0.1","void at::native::vectorized_elementwise_kernel<(int)4, at::native::<unnamed>::launch_clamp_scalar(at::TensorIteratorBase &, c10::Scalar, c10::Scalar, at::native::detail::ClampLimits)::[lambda() (instance 1)]::operator ()() const::[lambda() (instance 14)]::operator ()() const::[lambda(float) (instance 1)], at::detail::Array<char *, (int)2>>(int, T2, T3)","1","7","(128, 1, 1)","(3136, 1, 1)","0","8.0","Command line profiler metrics","gpu__time_duration.sum","nsecond","12160"
"420","583630","python3.8","127.0.0.1","void at::native::vectorized_elementwise_kernel<(int)4, at::native::<unnamed>::launch_clamp_scalar(at::TensorIteratorBase &, c10::Scalar, c10::Scalar, at::native::detail::ClampLimits)::[lambda() (instance 1)]::operator ()() const::[lambda() (instance 14)]::operator ()() const::[lambda(float) (instance 1)], at::detail::Array<char *, (int)2>>(int, T2, T3)","1","7","(128, 1, 1)","(3136, 1, 1)","0","8.0","Command line profiler metrics","lts__t_sectors.avg.pct_of_peak_sustained_elapsed","%","21.43"
"421","583630","python3.8","127.0.0.1","void cudnn::ops::nchwToNhwcKernel<float, float, float, (bool)0, (bool)1, (cudnnKernelDataType_t)2>(cudnn::ops::nchw2nhwc_params_t<T3>, const T1 *, T2 *)","1","7","(256, 1, 1)","(2, 16, 64)","0","8.0","Command line profiler metrics","dram__throughput.avg.pct_of_peak_sustained_elapsed","%","21.13"
"421","583630","python3.8","127.0.0.1","void cudnn::ops::nchwToNhwcKernel<float, float, float, (bool)0, (bool)1, (cudnnKernelDataType_t)2>(cudnn::ops::nchw2nhwc_params_t<T3>, const T1 *, T2 *)","1","7","(256, 1, 1)","(2, 16, 64)","0","8.0","Command line profiler metrics","gpu__time_duration.sum","nsecond","15776"
"421","583630","python3.8","127.0.0.1","void cudnn::ops::nchwToNhwcKernel<float, float, float, (bool)0, (bool)1, (cudnnKernelDataType_t)2>(cudnn::ops::nchw2nhwc_params_t<T3>, const T1 *, T2 *)","1","7","(256, 1, 1)","(2, 16, 64)","0","8.0","Command line profiler metrics","lts__t_sectors.avg.pct_of_peak_sustained_elapsed","%","18.83"
"422","583630","python3.8","127.0.0.1","void cudnn::ops::nchwToNhwcKernel<float, float, float, (bool)0, (bool)1, (cudnnKernelDataType_t)2>(cudnn::ops::nchw2nhwc_params_t<T3>, const T1 *, T2 *)","1","7","(256, 1, 1)","(1, 16, 512)","0","8.0","Command line profiler metrics","dram__throughput.avg.pct_of_peak_sustained_elapsed","%","11.21"
"422","583630","python3.8","127.0.0.1","void cudnn::ops::nchwToNhwcKernel<float, float, float, (bool)0, (bool)1, (cudnnKernelDataType_t)2>(cudnn::ops::nchw2nhwc_params_t<T3>, const T1 *, T2 *)","1","7","(256, 1, 1)","(1, 16, 512)","0","8.0","Command line profiler metrics","gpu__time_duration.sum","nsecond","43776"
"422","583630","python3.8","127.0.0.1","void cudnn::ops::nchwToNhwcKernel<float, float, float, (bool)0, (bool)1, (cudnnKernelDataType_t)2>(cudnn::ops::nchw2nhwc_params_t<T3>, const T1 *, T2 *)","1","7","(256, 1, 1)","(1, 16, 512)","0","8.0","Command line profiler metrics","lts__t_sectors.avg.pct_of_peak_sustained_elapsed","%","9.10"
"423","583630","python3.8","127.0.0.1","void cutlass_cudnn::Kernel<cutlass_tensorop_s1688fprop_optimized_tf32_128x128_32x4_nhwc_align4>(T1::Params)","1","7","(128, 1, 1)","(100, 1, 1)","0","8.0","Command line profiler metrics","dram__throughput.avg.pct_of_peak_sustained_elapsed","%","2.87"
"423","583630","python3.8","127.0.0.1","void cutlass_cudnn::Kernel<cutlass_tensorop_s1688fprop_optimized_tf32_128x128_32x4_nhwc_align4>(T1::Params)","1","7","(128, 1, 1)","(100, 1, 1)","0","8.0","Command line profiler metrics","gpu__time_duration.sum","nsecond","303456"
"423","583630","python3.8","127.0.0.1","void cutlass_cudnn::Kernel<cutlass_tensorop_s1688fprop_optimized_tf32_128x128_32x4_nhwc_align4>(T1::Params)","1","7","(128, 1, 1)","(100, 1, 1)","0","8.0","Command line profiler metrics","lts__t_sectors.avg.pct_of_peak_sustained_elapsed","%","12.33"
"424","583630","python3.8","127.0.0.1","void cudnn::ops::nhwcToNchwKernel<float, float, float, (bool)1, (bool)0, (cudnnKernelDataType_t)0>(cudnn::ops::nhwc2nchw_params_t<T3>, const T1 *, T2 *)","1","7","(256, 1, 1)","(2, 16, 64)","0","8.0","Command line profiler metrics","dram__throughput.avg.pct_of_peak_sustained_elapsed","%","18.62"
"424","583630","python3.8","127.0.0.1","void cudnn::ops::nhwcToNchwKernel<float, float, float, (bool)1, (bool)0, (cudnnKernelDataType_t)0>(cudnn::ops::nhwc2nchw_params_t<T3>, const T1 *, T2 *)","1","7","(256, 1, 1)","(2, 16, 64)","0","8.0","Command line profiler metrics","gpu__time_duration.sum","nsecond","17920"
"424","583630","python3.8","127.0.0.1","void cudnn::ops::nhwcToNchwKernel<float, float, float, (bool)1, (bool)0, (cudnnKernelDataType_t)0>(cudnn::ops::nhwc2nchw_params_t<T3>, const T1 *, T2 *)","1","7","(256, 1, 1)","(2, 16, 64)","0","8.0","Command line profiler metrics","lts__t_sectors.avg.pct_of_peak_sustained_elapsed","%","17.23"
"425","583630","python3.8","127.0.0.1","void cudnn::bn_fw_inf_1C11_kernel_NCHW<float, float, (bool)1, (int)1>(T2, T2, cudnnTensorStruct, const T1 *, cudnnTensorStruct, T1 *, cudnnTensorStruct, const T2 *, const T2 *, const T2 *, const T2 *, T2)","1","7","(64, 1, 1)","(512, 64, 1)","0","8.0","Command line profiler metrics","dram__throughput.avg.pct_of_peak_sustained_elapsed","%","7.36"
"425","583630","python3.8","127.0.0.1","void cudnn::bn_fw_inf_1C11_kernel_NCHW<float, float, (bool)1, (int)1>(T2, T2, cudnnTensorStruct, const T1 *, cudnnTensorStruct, T1 *, cudnnTensorStruct, const T2 *, const T2 *, const T2 *, const T2 *, T2)","1","7","(64, 1, 1)","(512, 64, 1)","0","8.0","Command line profiler metrics","gpu__time_duration.sum","nsecond","45216"
"425","583630","python3.8","127.0.0.1","void cudnn::bn_fw_inf_1C11_kernel_NCHW<float, float, (bool)1, (int)1>(T2, T2, cudnnTensorStruct, const T1 *, cudnnTensorStruct, T1 *, cudnnTensorStruct, const T2 *, const T2 *, const T2 *, const T2 *, T2)","1","7","(64, 1, 1)","(512, 64, 1)","0","8.0","Command line profiler metrics","lts__t_sectors.avg.pct_of_peak_sustained_elapsed","%","6.96"
"426","583630","python3.8","127.0.0.1","void at::native::vectorized_elementwise_kernel<(int)4, at::native::<unnamed>::launch_clamp_scalar(at::TensorIteratorBase &, c10::Scalar, c10::Scalar, at::native::detail::ClampLimits)::[lambda() (instance 1)]::operator ()() const::[lambda() (instance 14)]::operator ()() const::[lambda(float) (instance 1)], at::detail::Array<char *, (int)2>>(int, T2, T3)","1","7","(128, 1, 1)","(3136, 1, 1)","0","8.0","Command line profiler metrics","dram__throughput.avg.pct_of_peak_sustained_elapsed","%","27.02"
"426","583630","python3.8","127.0.0.1","void at::native::vectorized_elementwise_kernel<(int)4, at::native::<unnamed>::launch_clamp_scalar(at::TensorIteratorBase &, c10::Scalar, c10::Scalar, at::native::detail::ClampLimits)::[lambda() (instance 1)]::operator ()() const::[lambda() (instance 14)]::operator ()() const::[lambda(float) (instance 1)], at::detail::Array<char *, (int)2>>(int, T2, T3)","1","7","(128, 1, 1)","(3136, 1, 1)","0","8.0","Command line profiler metrics","gpu__time_duration.sum","nsecond","12352"
"426","583630","python3.8","127.0.0.1","void at::native::vectorized_elementwise_kernel<(int)4, at::native::<unnamed>::launch_clamp_scalar(at::TensorIteratorBase &, c10::Scalar, c10::Scalar, at::native::detail::ClampLimits)::[lambda() (instance 1)]::operator ()() const::[lambda() (instance 14)]::operator ()() const::[lambda(float) (instance 1)], at::detail::Array<char *, (int)2>>(int, T2, T3)","1","7","(128, 1, 1)","(3136, 1, 1)","0","8.0","Command line profiler metrics","lts__t_sectors.avg.pct_of_peak_sustained_elapsed","%","21.04"
"427","583630","python3.8","127.0.0.1","void cudnn::ops::nchwToNhwcKernel<float, float, float, (bool)0, (bool)1, (cudnnKernelDataType_t)2>(cudnn::ops::nchw2nhwc_params_t<T3>, const T1 *, T2 *)","1","7","(256, 1, 1)","(2, 16, 64)","0","8.0","Command line profiler metrics","dram__throughput.avg.pct_of_peak_sustained_elapsed","%","21.58"
"427","583630","python3.8","127.0.0.1","void cudnn::ops::nchwToNhwcKernel<float, float, float, (bool)0, (bool)1, (cudnnKernelDataType_t)2>(cudnn::ops::nchw2nhwc_params_t<T3>, const T1 *, T2 *)","1","7","(256, 1, 1)","(2, 16, 64)","0","8.0","Command line profiler metrics","gpu__time_duration.sum","nsecond","15456"
"427","583630","python3.8","127.0.0.1","void cudnn::ops::nchwToNhwcKernel<float, float, float, (bool)0, (bool)1, (cudnnKernelDataType_t)2>(cudnn::ops::nchw2nhwc_params_t<T3>, const T1 *, T2 *)","1","7","(256, 1, 1)","(2, 16, 64)","0","8.0","Command line profiler metrics","lts__t_sectors.avg.pct_of_peak_sustained_elapsed","%","19.58"
"428","583630","python3.8","127.0.0.1","void cudnn::ops::nchwToNhwcKernel<float, float, float, (bool)0, (bool)1, (cudnnKernelDataType_t)2>(cudnn::ops::nchw2nhwc_params_t<T3>, const T1 *, T2 *)","1","7","(256, 1, 1)","(1, 16, 2048)","0","8.0","Command line profiler metrics","dram__throughput.avg.pct_of_peak_sustained_elapsed","%","1.48"
"428","583630","python3.8","127.0.0.1","void cudnn::ops::nchwToNhwcKernel<float, float, float, (bool)0, (bool)1, (cudnnKernelDataType_t)2>(cudnn::ops::nchw2nhwc_params_t<T3>, const T1 *, T2 *)","1","7","(256, 1, 1)","(1, 16, 2048)","0","8.0","Command line profiler metrics","gpu__time_duration.sum","nsecond","146400"
"428","583630","python3.8","127.0.0.1","void cudnn::ops::nchwToNhwcKernel<float, float, float, (bool)0, (bool)1, (cudnnKernelDataType_t)2>(cudnn::ops::nchw2nhwc_params_t<T3>, const T1 *, T2 *)","1","7","(256, 1, 1)","(1, 16, 2048)","0","8.0","Command line profiler metrics","lts__t_sectors.avg.pct_of_peak_sustained_elapsed","%","1.27"
"429","583630","python3.8","127.0.0.1","void cutlass_cudnn::Kernel<cutlass_tensorop_s1688fprop_optimized_tf32_128x128_16x4_nhwc_align4>(T1::Params)","1","7","(128, 1, 1)","(100, 4, 1)","0","8.0","Command line profiler metrics","dram__throughput.avg.pct_of_peak_sustained_elapsed","%","7.84"
"429","583630","python3.8","127.0.0.1","void cutlass_cudnn::Kernel<cutlass_tensorop_s1688fprop_optimized_tf32_128x128_16x4_nhwc_align4>(T1::Params)","1","7","(128, 1, 1)","(100, 4, 1)","0","8.0","Command line profiler metrics","gpu__time_duration.sum","nsecond","144736"
"429","583630","python3.8","127.0.0.1","void cutlass_cudnn::Kernel<cutlass_tensorop_s1688fprop_optimized_tf32_128x128_16x4_nhwc_align4>(T1::Params)","1","7","(128, 1, 1)","(100, 4, 1)","0","8.0","Command line profiler metrics","lts__t_sectors.avg.pct_of_peak_sustained_elapsed","%","23.40"
"430","583630","python3.8","127.0.0.1","void cudnn::ops::nhwcToNchwKernel<float, float, float, (bool)1, (bool)0, (cudnnKernelDataType_t)0>(cudnn::ops::nhwc2nchw_params_t<T3>, const T1 *, T2 *)","1","7","(256, 1, 1)","(2, 64, 64)","0","8.0","Command line profiler metrics","dram__throughput.avg.pct_of_peak_sustained_elapsed","%","37.57"
"430","583630","python3.8","127.0.0.1","void cudnn::ops::nhwcToNchwKernel<float, float, float, (bool)1, (bool)0, (cudnnKernelDataType_t)0>(cudnn::ops::nhwc2nchw_params_t<T3>, const T1 *, T2 *)","1","7","(256, 1, 1)","(2, 64, 64)","0","8.0","Command line profiler metrics","gpu__time_duration.sum","nsecond","53280"
"430","583630","python3.8","127.0.0.1","void cudnn::ops::nhwcToNchwKernel<float, float, float, (bool)1, (bool)0, (cudnnKernelDataType_t)0>(cudnn::ops::nhwc2nchw_params_t<T3>, const T1 *, T2 *)","1","7","(256, 1, 1)","(2, 64, 64)","0","8.0","Command line profiler metrics","lts__t_sectors.avg.pct_of_peak_sustained_elapsed","%","25.42"
"431","583630","python3.8","127.0.0.1","void cudnn::bn_fw_inf_1C11_kernel_NCHW<float, float, (bool)1, (int)1>(T2, T2, cudnnTensorStruct, const T1 *, cudnnTensorStruct, T1 *, cudnnTensorStruct, const T2 *, const T2 *, const T2 *, const T2 *, T2)","1","7","(64, 1, 1)","(2048, 64, 1)","0","8.0","Command line profiler metrics","dram__throughput.avg.pct_of_peak_sustained_elapsed","%","12.99"
"431","583630","python3.8","127.0.0.1","void cudnn::bn_fw_inf_1C11_kernel_NCHW<float, float, (bool)1, (int)1>(T2, T2, cudnnTensorStruct, const T1 *, cudnnTensorStruct, T1 *, cudnnTensorStruct, const T2 *, const T2 *, const T2 *, const T2 *, T2)","1","7","(64, 1, 1)","(2048, 64, 1)","0","8.0","Command line profiler metrics","gpu__time_duration.sum","nsecond","156768"
"431","583630","python3.8","127.0.0.1","void cudnn::bn_fw_inf_1C11_kernel_NCHW<float, float, (bool)1, (int)1>(T2, T2, cudnnTensorStruct, const T1 *, cudnnTensorStruct, T1 *, cudnnTensorStruct, const T2 *, const T2 *, const T2 *, const T2 *, T2)","1","7","(64, 1, 1)","(2048, 64, 1)","0","8.0","Command line profiler metrics","lts__t_sectors.avg.pct_of_peak_sustained_elapsed","%","8.82"
"432","583630","python3.8","127.0.0.1","void at::native::vectorized_elementwise_kernel<(int)4, at::native::CUDAFunctor_add<float>, at::detail::Array<char *, (int)3>>(int, T2, T3)","1","7","(128, 1, 1)","(12544, 1, 1)","0","8.0","Command line profiler metrics","dram__throughput.avg.pct_of_peak_sustained_elapsed","%","80.34"
"432","583630","python3.8","127.0.0.1","void at::native::vectorized_elementwise_kernel<(int)4, at::native::CUDAFunctor_add<float>, at::detail::Array<char *, (int)3>>(int, T2, T3)","1","7","(128, 1, 1)","(12544, 1, 1)","0","8.0","Command line profiler metrics","gpu__time_duration.sum","nsecond","40736"
"432","583630","python3.8","127.0.0.1","void at::native::vectorized_elementwise_kernel<(int)4, at::native::CUDAFunctor_add<float>, at::detail::Array<char *, (int)3>>(int, T2, T3)","1","7","(128, 1, 1)","(12544, 1, 1)","0","8.0","Command line profiler metrics","lts__t_sectors.avg.pct_of_peak_sustained_elapsed","%","41.16"
"433","583630","python3.8","127.0.0.1","void at::native::vectorized_elementwise_kernel<(int)4, at::native::<unnamed>::launch_clamp_scalar(at::TensorIteratorBase &, c10::Scalar, c10::Scalar, at::native::detail::ClampLimits)::[lambda() (instance 1)]::operator ()() const::[lambda() (instance 14)]::operator ()() const::[lambda(float) (instance 1)], at::detail::Array<char *, (int)2>>(int, T2, T3)","1","7","(128, 1, 1)","(12544, 1, 1)","0","8.0","Command line profiler metrics","dram__throughput.avg.pct_of_peak_sustained_elapsed","%","50.00"
"433","583630","python3.8","127.0.0.1","void at::native::vectorized_elementwise_kernel<(int)4, at::native::<unnamed>::launch_clamp_scalar(at::TensorIteratorBase &, c10::Scalar, c10::Scalar, at::native::detail::ClampLimits)::[lambda() (instance 1)]::operator ()() const::[lambda() (instance 14)]::operator ()() const::[lambda(float) (instance 1)], at::detail::Array<char *, (int)2>>(int, T2, T3)","1","7","(128, 1, 1)","(12544, 1, 1)","0","8.0","Command line profiler metrics","gpu__time_duration.sum","nsecond","34048"
"433","583630","python3.8","127.0.0.1","void at::native::vectorized_elementwise_kernel<(int)4, at::native::<unnamed>::launch_clamp_scalar(at::TensorIteratorBase &, c10::Scalar, c10::Scalar, at::native::detail::ClampLimits)::[lambda() (instance 1)]::operator ()() const::[lambda() (instance 14)]::operator ()() const::[lambda(float) (instance 1)], at::detail::Array<char *, (int)2>>(int, T2, T3)","1","7","(128, 1, 1)","(12544, 1, 1)","0","8.0","Command line profiler metrics","lts__t_sectors.avg.pct_of_peak_sustained_elapsed","%","29.64"
"434","583630","python3.8","127.0.0.1","void at::native::reduce_kernel<(int)512, (int)1, at::native::ReduceOp<float, at::native::MeanOps<float, float>, unsigned int, float, (int)4>>(T3)","1","7","(32, 16, 1)","(8192, 1, 1)","0","8.0","Command line profiler metrics","dram__throughput.avg.pct_of_peak_sustained_elapsed","%","12.46"
"434","583630","python3.8","127.0.0.1","void at::native::reduce_kernel<(int)512, (int)1, at::native::ReduceOp<float, at::native::MeanOps<float, float>, unsigned int, float, (int)4>>(T3)","1","7","(32, 16, 1)","(8192, 1, 1)","0","8.0","Command line profiler metrics","gpu__time_duration.sum","nsecond","109696"
"434","583630","python3.8","127.0.0.1","void at::native::reduce_kernel<(int)512, (int)1, at::native::ReduceOp<float, at::native::MeanOps<float, float>, unsigned int, float, (int)4>>(T3)","1","7","(32, 16, 1)","(8192, 1, 1)","0","8.0","Command line profiler metrics","lts__t_sectors.avg.pct_of_peak_sustained_elapsed","%","4.86"
"435","583630","python3.8","127.0.0.1","void cutlass::Kernel<cutlass_80_tensorop_s1688gemm_64x64_32x6_tn_align4>(T1::Params)","1","7","(128, 1, 1)","(8, 2, 1)","0","8.0","Command line profiler metrics","dram__throughput.avg.pct_of_peak_sustained_elapsed","%","11.56"
"435","583630","python3.8","127.0.0.1","void cutlass::Kernel<cutlass_80_tensorop_s1688gemm_64x64_32x6_tn_align4>(T1::Params)","1","7","(128, 1, 1)","(8, 2, 1)","0","8.0","Command line profiler metrics","gpu__time_duration.sum","nsecond","39168"
"435","583630","python3.8","127.0.0.1","void cutlass::Kernel<cutlass_80_tensorop_s1688gemm_64x64_32x6_tn_align4>(T1::Params)","1","7","(128, 1, 1)","(8, 2, 1)","0","8.0","Command line profiler metrics","lts__t_sectors.avg.pct_of_peak_sustained_elapsed","%","7.34"
"436","583630","python3.8","127.0.0.1","void cask_cudnn::computeOffsetsKernel<(bool)0, (bool)0>(cask_cudnn::ComputeOffsetsParams)","1","7","(256, 1, 1)","(50, 1, 1)","0","8.0","Command line profiler metrics","dram__throughput.avg.pct_of_peak_sustained_elapsed","%","0.06"
"436","583630","python3.8","127.0.0.1","void cask_cudnn::computeOffsetsKernel<(bool)0, (bool)0>(cask_cudnn::ComputeOffsetsParams)","1","7","(256, 1, 1)","(50, 1, 1)","0","8.0","Command line profiler metrics","gpu__time_duration.sum","nsecond","4448"
"436","583630","python3.8","127.0.0.1","void cask_cudnn::computeOffsetsKernel<(bool)0, (bool)0>(cask_cudnn::ComputeOffsetsParams)","1","7","(256, 1, 1)","(50, 1, 1)","0","8.0","Command line profiler metrics","lts__t_sectors.avg.pct_of_peak_sustained_elapsed","%","0.82"
"437","583630","python3.8","127.0.0.1","cudnn_ampere_scudnn_128x64_relu_xregs_large_nn_v1","1","7","(128, 1, 1)","(6272, 1, 1)","0","8.0","Command line profiler metrics","dram__throughput.avg.pct_of_peak_sustained_elapsed","%","5.37"
"437","583630","python3.8","127.0.0.1","cudnn_ampere_scudnn_128x64_relu_xregs_large_nn_v1","1","7","(128, 1, 1)","(6272, 1, 1)","0","8.0","Command line profiler metrics","gpu__time_duration.sum","nsecond","2172864"
"437","583630","python3.8","127.0.0.1","cudnn_ampere_scudnn_128x64_relu_xregs_large_nn_v1","1","7","(128, 1, 1)","(6272, 1, 1)","0","8.0","Command line profiler metrics","lts__t_sectors.avg.pct_of_peak_sustained_elapsed","%","3.97"
"438","583630","python3.8","127.0.0.1","void cudnn::bn_fw_inf_1C11_kernel_NCHW<float, float, (bool)1, (int)1>(T2, T2, cudnnTensorStruct, const T1 *, cudnnTensorStruct, T1 *, cudnnTensorStruct, const T2 *, const T2 *, const T2 *, const T2 *, T2)","1","7","(512, 1, 1)","(64, 64, 1)","0","8.0","Command line profiler metrics","dram__throughput.avg.pct_of_peak_sustained_elapsed","%","45.80"
"438","583630","python3.8","127.0.0.1","void cudnn::bn_fw_inf_1C11_kernel_NCHW<float, float, (bool)1, (int)1>(T2, T2, cudnnTensorStruct, const T1 *, cudnnTensorStruct, T1 *, cudnnTensorStruct, const T2 *, const T2 *, const T2 *, const T2 *, T2)","1","7","(512, 1, 1)","(64, 64, 1)","0","8.0","Command line profiler metrics","gpu__time_duration.sum","nsecond","448768"
"438","583630","python3.8","127.0.0.1","void cudnn::bn_fw_inf_1C11_kernel_NCHW<float, float, (bool)1, (int)1>(T2, T2, cudnnTensorStruct, const T1 *, cudnnTensorStruct, T1 *, cudnnTensorStruct, const T2 *, const T2 *, const T2 *, const T2 *, T2)","1","7","(512, 1, 1)","(64, 64, 1)","0","8.0","Command line profiler metrics","lts__t_sectors.avg.pct_of_peak_sustained_elapsed","%","23.13"
"439","583630","python3.8","127.0.0.1","void at::native::vectorized_elementwise_kernel<(int)4, at::native::<unnamed>::launch_clamp_scalar(at::TensorIteratorBase &, c10::Scalar, c10::Scalar, at::native::detail::ClampLimits)::[lambda() (instance 1)]::operator ()() const::[lambda() (instance 14)]::operator ()() const::[lambda(float) (instance 1)], at::detail::Array<char *, (int)2>>(int, T2, T3)","1","7","(128, 1, 1)","(100352, 1, 1)","0","8.0","Command line profiler metrics","dram__throughput.avg.pct_of_peak_sustained_elapsed","%","79.38"
"439","583630","python3.8","127.0.0.1","void at::native::vectorized_elementwise_kernel<(int)4, at::native::<unnamed>::launch_clamp_scalar(at::TensorIteratorBase &, c10::Scalar, c10::Scalar, at::native::detail::ClampLimits)::[lambda() (instance 1)]::operator ()() const::[lambda() (instance 14)]::operator ()() const::[lambda(float) (instance 1)], at::detail::Array<char *, (int)2>>(int, T2, T3)","1","7","(128, 1, 1)","(100352, 1, 1)","0","8.0","Command line profiler metrics","gpu__time_duration.sum","nsecond","255584"
"439","583630","python3.8","127.0.0.1","void at::native::vectorized_elementwise_kernel<(int)4, at::native::<unnamed>::launch_clamp_scalar(at::TensorIteratorBase &, c10::Scalar, c10::Scalar, at::native::detail::ClampLimits)::[lambda() (instance 1)]::operator ()() const::[lambda() (instance 14)]::operator ()() const::[lambda(float) (instance 1)], at::detail::Array<char *, (int)2>>(int, T2, T3)","1","7","(128, 1, 1)","(100352, 1, 1)","0","8.0","Command line profiler metrics","lts__t_sectors.avg.pct_of_peak_sustained_elapsed","%","35.31"
"440","583630","python3.8","127.0.0.1","void at::native::<unnamed>::max_pool_forward_nchw<float, float>(int, const T1 *, long, long, long, int, int, int, int, int, int, int, int, int, int, T1 *, long *)","1","7","(256, 1, 1)","(50176, 1, 1)","0","8.0","Command line profiler metrics","dram__throughput.avg.pct_of_peak_sustained_elapsed","%","23.94"
"440","583630","python3.8","127.0.0.1","void at::native::<unnamed>::max_pool_forward_nchw<float, float>(int, const T1 *, long, long, long, int, int, int, int, int, int, int, int, int, int, T1 *, long *)","1","7","(256, 1, 1)","(50176, 1, 1)","0","8.0","Command line profiler metrics","gpu__time_duration.sum","nsecond","753408"
"440","583630","python3.8","127.0.0.1","void at::native::<unnamed>::max_pool_forward_nchw<float, float>(int, const T1 *, long, long, long, int, int, int, int, int, int, int, int, int, int, T1 *, long *)","1","7","(256, 1, 1)","(50176, 1, 1)","0","8.0","Command line profiler metrics","lts__t_sectors.avg.pct_of_peak_sustained_elapsed","%","12.71"
"441","583630","python3.8","127.0.0.1","void cutlass::Kernel<cutlass_80_tensorop_s1688gemm_256x64_16x4_nn_align4>(T1::Params)","1","7","(128, 1, 1)","(8, 2, 64)","0","8.0","Command line profiler metrics","dram__throughput.avg.pct_of_peak_sustained_elapsed","%","50.47"
"441","583630","python3.8","127.0.0.1","void cutlass::Kernel<cutlass_80_tensorop_s1688gemm_256x64_16x4_nn_align4>(T1::Params)","1","7","(128, 1, 1)","(8, 2, 64)","0","8.0","Command line profiler metrics","gpu__time_duration.sum","nsecond","89632"
"441","583630","python3.8","127.0.0.1","void cutlass::Kernel<cutlass_80_tensorop_s1688gemm_256x64_16x4_nn_align4>(T1::Params)","1","7","(128, 1, 1)","(8, 2, 64)","0","8.0","Command line profiler metrics","lts__t_sectors.avg.pct_of_peak_sustained_elapsed","%","29.67"
"442","583630","python3.8","127.0.0.1","void cudnn::bn_fw_inf_1C11_kernel_NCHW<float, float, (bool)1, (int)1>(T2, T2, cudnnTensorStruct, const T1 *, cudnnTensorStruct, T1 *, cudnnTensorStruct, const T2 *, const T2 *, const T2 *, const T2 *, T2)","1","7","(512, 1, 1)","(64, 64, 1)","0","8.0","Command line profiler metrics","dram__throughput.avg.pct_of_peak_sustained_elapsed","%","36.88"
"442","583630","python3.8","127.0.0.1","void cudnn::bn_fw_inf_1C11_kernel_NCHW<float, float, (bool)1, (int)1>(T2, T2, cudnnTensorStruct, const T1 *, cudnnTensorStruct, T1 *, cudnnTensorStruct, const T2 *, const T2 *, const T2 *, const T2 *, T2)","1","7","(512, 1, 1)","(64, 64, 1)","0","8.0","Command line profiler metrics","gpu__time_duration.sum","nsecond","125824"
"442","583630","python3.8","127.0.0.1","void cudnn::bn_fw_inf_1C11_kernel_NCHW<float, float, (bool)1, (int)1>(T2, T2, cudnnTensorStruct, const T1 *, cudnnTensorStruct, T1 *, cudnnTensorStruct, const T2 *, const T2 *, const T2 *, const T2 *, T2)","1","7","(512, 1, 1)","(64, 64, 1)","0","8.0","Command line profiler metrics","lts__t_sectors.avg.pct_of_peak_sustained_elapsed","%","19.75"
"443","583630","python3.8","127.0.0.1","void at::native::vectorized_elementwise_kernel<(int)4, at::native::<unnamed>::launch_clamp_scalar(at::TensorIteratorBase &, c10::Scalar, c10::Scalar, at::native::detail::ClampLimits)::[lambda() (instance 1)]::operator ()() const::[lambda() (instance 14)]::operator ()() const::[lambda(float) (instance 1)], at::detail::Array<char *, (int)2>>(int, T2, T3)","1","7","(128, 1, 1)","(25088, 1, 1)","0","8.0","Command line profiler metrics","dram__throughput.avg.pct_of_peak_sustained_elapsed","%","66.50"
"443","583630","python3.8","127.0.0.1","void at::native::vectorized_elementwise_kernel<(int)4, at::native::<unnamed>::launch_clamp_scalar(at::TensorIteratorBase &, c10::Scalar, c10::Scalar, at::native::detail::ClampLimits)::[lambda() (instance 1)]::operator ()() const::[lambda() (instance 14)]::operator ()() const::[lambda(float) (instance 1)], at::detail::Array<char *, (int)2>>(int, T2, T3)","1","7","(128, 1, 1)","(25088, 1, 1)","0","8.0","Command line profiler metrics","gpu__time_duration.sum","nsecond","65536"
"443","583630","python3.8","127.0.0.1","void at::native::vectorized_elementwise_kernel<(int)4, at::native::<unnamed>::launch_clamp_scalar(at::TensorIteratorBase &, c10::Scalar, c10::Scalar, at::native::detail::ClampLimits)::[lambda() (instance 1)]::operator ()() const::[lambda() (instance 14)]::operator ()() const::[lambda(float) (instance 1)], at::detail::Array<char *, (int)2>>(int, T2, T3)","1","7","(128, 1, 1)","(25088, 1, 1)","0","8.0","Command line profiler metrics","lts__t_sectors.avg.pct_of_peak_sustained_elapsed","%","32.87"
"444","583630","python3.8","127.0.0.1","void cudnn::ops::nchwToNhwcKernel<float, float, float, (bool)0, (bool)1, (cudnnKernelDataType_t)2>(cudnn::ops::nchw2nhwc_params_t<T3>, const T1 *, T2 *)","1","7","(256, 1, 1)","(98, 2, 64)","0","8.0","Command line profiler metrics","dram__throughput.avg.pct_of_peak_sustained_elapsed","%","56.81"
"444","583630","python3.8","127.0.0.1","void cudnn::ops::nchwToNhwcKernel<float, float, float, (bool)0, (bool)1, (cudnnKernelDataType_t)2>(cudnn::ops::nchw2nhwc_params_t<T3>, const T1 *, T2 *)","1","7","(256, 1, 1)","(98, 2, 64)","0","8.0","Command line profiler metrics","gpu__time_duration.sum","nsecond","81024"
"444","583630","python3.8","127.0.0.1","void cudnn::ops::nchwToNhwcKernel<float, float, float, (bool)0, (bool)1, (cudnnKernelDataType_t)2>(cudnn::ops::nchw2nhwc_params_t<T3>, const T1 *, T2 *)","1","7","(256, 1, 1)","(98, 2, 64)","0","8.0","Command line profiler metrics","lts__t_sectors.avg.pct_of_peak_sustained_elapsed","%","30.98"
"445","583630","python3.8","127.0.0.1","void cudnn::ops::nchwToNhwcKernel<float, float, float, (bool)0, (bool)1, (cudnnKernelDataType_t)2>(cudnn::ops::nchw2nhwc_params_t<T3>, const T1 *, T2 *)","1","7","(256, 1, 1)","(1, 2, 64)","0","8.0","Command line profiler metrics","dram__throughput.avg.pct_of_peak_sustained_elapsed","%","1.38"
"445","583630","python3.8","127.0.0.1","void cudnn::ops::nchwToNhwcKernel<float, float, float, (bool)0, (bool)1, (cudnnKernelDataType_t)2>(cudnn::ops::nchw2nhwc_params_t<T3>, const T1 *, T2 *)","1","7","(256, 1, 1)","(1, 2, 64)","0","8.0","Command line profiler metrics","gpu__time_duration.sum","nsecond","5952"
"445","583630","python3.8","127.0.0.1","void cudnn::ops::nchwToNhwcKernel<float, float, float, (bool)0, (bool)1, (cudnnKernelDataType_t)2>(cudnn::ops::nchw2nhwc_params_t<T3>, const T1 *, T2 *)","1","7","(256, 1, 1)","(1, 2, 64)","0","8.0","Command line profiler metrics","lts__t_sectors.avg.pct_of_peak_sustained_elapsed","%","1.65"
"446","583630","python3.8","127.0.0.1","sm80_xmma_fprop_implicit_gemm_indexed_tf32f32_tf32f32_f32_nhwckrsc_nchw_tilesize256x64x32_stage3_warpsize4x2x1_g1_tensor16x8x8_execute_kernel_cudnn","1","7","(256, 1, 1)","(1, 784, 1)","0","8.0","Command line profiler metrics","dram__throughput.avg.pct_of_peak_sustained_elapsed","%","11.26"
"446","583630","python3.8","127.0.0.1","sm80_xmma_fprop_implicit_gemm_indexed_tf32f32_tf32f32_f32_nhwckrsc_nchw_tilesize256x64x32_stage3_warpsize4x2x1_g1_tensor16x8x8_execute_kernel_cudnn","1","7","(256, 1, 1)","(1, 784, 1)","0","8.0","Command line profiler metrics","gpu__time_duration.sum","nsecond","412320"
"446","583630","python3.8","127.0.0.1","sm80_xmma_fprop_implicit_gemm_indexed_tf32f32_tf32f32_f32_nhwckrsc_nchw_tilesize256x64x32_stage3_warpsize4x2x1_g1_tensor16x8x8_execute_kernel_cudnn","1","7","(256, 1, 1)","(1, 784, 1)","0","8.0","Command line profiler metrics","lts__t_sectors.avg.pct_of_peak_sustained_elapsed","%","22.35"
"447","583630","python3.8","127.0.0.1","void cudnn::bn_fw_inf_1C11_kernel_NCHW<float, float, (bool)1, (int)1>(T2, T2, cudnnTensorStruct, const T1 *, cudnnTensorStruct, T1 *, cudnnTensorStruct, const T2 *, const T2 *, const T2 *, const T2 *, T2)","1","7","(512, 1, 1)","(64, 64, 1)","0","8.0","Command line profiler metrics","dram__throughput.avg.pct_of_peak_sustained_elapsed","%","36.96"
"447","583630","python3.8","127.0.0.1","void cudnn::bn_fw_inf_1C11_kernel_NCHW<float, float, (bool)1, (int)1>(T2, T2, cudnnTensorStruct, const T1 *, cudnnTensorStruct, T1 *, cudnnTensorStruct, const T2 *, const T2 *, const T2 *, const T2 *, T2)","1","7","(512, 1, 1)","(64, 64, 1)","0","8.0","Command line profiler metrics","gpu__time_duration.sum","nsecond","125792"
"447","583630","python3.8","127.0.0.1","void cudnn::bn_fw_inf_1C11_kernel_NCHW<float, float, (bool)1, (int)1>(T2, T2, cudnnTensorStruct, const T1 *, cudnnTensorStruct, T1 *, cudnnTensorStruct, const T2 *, const T2 *, const T2 *, const T2 *, T2)","1","7","(512, 1, 1)","(64, 64, 1)","0","8.0","Command line profiler metrics","lts__t_sectors.avg.pct_of_peak_sustained_elapsed","%","19.80"
"448","583630","python3.8","127.0.0.1","void at::native::vectorized_elementwise_kernel<(int)4, at::native::<unnamed>::launch_clamp_scalar(at::TensorIteratorBase &, c10::Scalar, c10::Scalar, at::native::detail::ClampLimits)::[lambda() (instance 1)]::operator ()() const::[lambda() (instance 14)]::operator ()() const::[lambda(float) (instance 1)], at::detail::Array<char *, (int)2>>(int, T2, T3)","1","7","(128, 1, 1)","(25088, 1, 1)","0","8.0","Command line profiler metrics","dram__throughput.avg.pct_of_peak_sustained_elapsed","%","66.50"
"448","583630","python3.8","127.0.0.1","void at::native::vectorized_elementwise_kernel<(int)4, at::native::<unnamed>::launch_clamp_scalar(at::TensorIteratorBase &, c10::Scalar, c10::Scalar, at::native::detail::ClampLimits)::[lambda() (instance 1)]::operator ()() const::[lambda() (instance 14)]::operator ()() const::[lambda(float) (instance 1)], at::detail::Array<char *, (int)2>>(int, T2, T3)","1","7","(128, 1, 1)","(25088, 1, 1)","0","8.0","Command line profiler metrics","gpu__time_duration.sum","nsecond","65472"
"448","583630","python3.8","127.0.0.1","void at::native::vectorized_elementwise_kernel<(int)4, at::native::<unnamed>::launch_clamp_scalar(at::TensorIteratorBase &, c10::Scalar, c10::Scalar, at::native::detail::ClampLimits)::[lambda() (instance 1)]::operator ()() const::[lambda() (instance 14)]::operator ()() const::[lambda(float) (instance 1)], at::detail::Array<char *, (int)2>>(int, T2, T3)","1","7","(128, 1, 1)","(25088, 1, 1)","0","8.0","Command line profiler metrics","lts__t_sectors.avg.pct_of_peak_sustained_elapsed","%","32.70"
"449","583630","python3.8","127.0.0.1","void cutlass::Kernel<cutlass_80_tensorop_s1688gemm_256x64_16x4_nn_align4>(T1::Params)","1","7","(128, 1, 1)","(32, 2, 64)","0","8.0","Command line profiler metrics","dram__throughput.avg.pct_of_peak_sustained_elapsed","%","39.06"
"449","583630","python3.8","127.0.0.1","void cutlass::Kernel<cutlass_80_tensorop_s1688gemm_256x64_16x4_nn_align4>(T1::Params)","1","7","(128, 1, 1)","(32, 2, 64)","0","8.0","Command line profiler metrics","gpu__time_duration.sum","nsecond","315392"
"449","583630","python3.8","127.0.0.1","void cutlass::Kernel<cutlass_80_tensorop_s1688gemm_256x64_16x4_nn_align4>(T1::Params)","1","7","(128, 1, 1)","(32, 2, 64)","0","8.0","Command line profiler metrics","lts__t_sectors.avg.pct_of_peak_sustained_elapsed","%","30.63"
"450","583630","python3.8","127.0.0.1","void cudnn::bn_fw_inf_1C11_kernel_NCHW<float, float, (bool)1, (int)1>(T2, T2, cudnnTensorStruct, const T1 *, cudnnTensorStruct, T1 *, cudnnTensorStruct, const T2 *, const T2 *, const T2 *, const T2 *, T2)","1","7","(512, 1, 1)","(256, 64, 1)","0","8.0","Command line profiler metrics","dram__throughput.avg.pct_of_peak_sustained_elapsed","%","41.50"
"450","583630","python3.8","127.0.0.1","void cudnn::bn_fw_inf_1C11_kernel_NCHW<float, float, (bool)1, (int)1>(T2, T2, cudnnTensorStruct, const T1 *, cudnnTensorStruct, T1 *, cudnnTensorStruct, const T2 *, const T2 *, const T2 *, const T2 *, T2)","1","7","(512, 1, 1)","(256, 64, 1)","0","8.0","Command line profiler metrics","gpu__time_duration.sum","nsecond","495616"
"450","583630","python3.8","127.0.0.1","void cudnn::bn_fw_inf_1C11_kernel_NCHW<float, float, (bool)1, (int)1>(T2, T2, cudnnTensorStruct, const T1 *, cudnnTensorStruct, T1 *, cudnnTensorStruct, const T2 *, const T2 *, const T2 *, const T2 *, T2)","1","7","(512, 1, 1)","(256, 64, 1)","0","8.0","Command line profiler metrics","lts__t_sectors.avg.pct_of_peak_sustained_elapsed","%","20.89"
"451","583630","python3.8","127.0.0.1","void cutlass::Kernel<cutlass_80_tensorop_s1688gemm_256x64_16x4_nn_align4>(T1::Params)","1","7","(128, 1, 1)","(32, 2, 64)","0","8.0","Command line profiler metrics","dram__throughput.avg.pct_of_peak_sustained_elapsed","%","39.06"
"451","583630","python3.8","127.0.0.1","void cutlass::Kernel<cutlass_80_tensorop_s1688gemm_256x64_16x4_nn_align4>(T1::Params)","1","7","(128, 1, 1)","(32, 2, 64)","0","8.0","Command line profiler metrics","gpu__time_duration.sum","nsecond","315424"
"451","583630","python3.8","127.0.0.1","void cutlass::Kernel<cutlass_80_tensorop_s1688gemm_256x64_16x4_nn_align4>(T1::Params)","1","7","(128, 1, 1)","(32, 2, 64)","0","8.0","Command line profiler metrics","lts__t_sectors.avg.pct_of_peak_sustained_elapsed","%","30.57"
"452","583630","python3.8","127.0.0.1","void cudnn::bn_fw_inf_1C11_kernel_NCHW<float, float, (bool)1, (int)1>(T2, T2, cudnnTensorStruct, const T1 *, cudnnTensorStruct, T1 *, cudnnTensorStruct, const T2 *, const T2 *, const T2 *, const T2 *, T2)","1","7","(512, 1, 1)","(256, 64, 1)","0","8.0","Command line profiler metrics","dram__throughput.avg.pct_of_peak_sustained_elapsed","%","41.50"
"452","583630","python3.8","127.0.0.1","void cudnn::bn_fw_inf_1C11_kernel_NCHW<float, float, (bool)1, (int)1>(T2, T2, cudnnTensorStruct, const T1 *, cudnnTensorStruct, T1 *, cudnnTensorStruct, const T2 *, const T2 *, const T2 *, const T2 *, T2)","1","7","(512, 1, 1)","(256, 64, 1)","0","8.0","Command line profiler metrics","gpu__time_duration.sum","nsecond","495840"
"452","583630","python3.8","127.0.0.1","void cudnn::bn_fw_inf_1C11_kernel_NCHW<float, float, (bool)1, (int)1>(T2, T2, cudnnTensorStruct, const T1 *, cudnnTensorStruct, T1 *, cudnnTensorStruct, const T2 *, const T2 *, const T2 *, const T2 *, T2)","1","7","(512, 1, 1)","(256, 64, 1)","0","8.0","Command line profiler metrics","lts__t_sectors.avg.pct_of_peak_sustained_elapsed","%","20.96"
"453","583630","python3.8","127.0.0.1","void at::native::vectorized_elementwise_kernel<(int)4, at::native::CUDAFunctor_add<float>, at::detail::Array<char *, (int)3>>(int, T2, T3)","1","7","(128, 1, 1)","(100352, 1, 1)","0","8.0","Command line profiler metrics","dram__throughput.avg.pct_of_peak_sustained_elapsed","%","86.97"
"453","583630","python3.8","127.0.0.1","void at::native::vectorized_elementwise_kernel<(int)4, at::native::CUDAFunctor_add<float>, at::detail::Array<char *, (int)3>>(int, T2, T3)","1","7","(128, 1, 1)","(100352, 1, 1)","0","8.0","Command line profiler metrics","gpu__time_duration.sum","nsecond","358272"
"453","583630","python3.8","127.0.0.1","void at::native::vectorized_elementwise_kernel<(int)4, at::native::CUDAFunctor_add<float>, at::detail::Array<char *, (int)3>>(int, T2, T3)","1","7","(128, 1, 1)","(100352, 1, 1)","0","8.0","Command line profiler metrics","lts__t_sectors.avg.pct_of_peak_sustained_elapsed","%","39.85"
"454","583630","python3.8","127.0.0.1","void at::native::vectorized_elementwise_kernel<(int)4, at::native::<unnamed>::launch_clamp_scalar(at::TensorIteratorBase &, c10::Scalar, c10::Scalar, at::native::detail::ClampLimits)::[lambda() (instance 1)]::operator ()() const::[lambda() (instance 14)]::operator ()() const::[lambda(float) (instance 1)], at::detail::Array<char *, (int)2>>(int, T2, T3)","1","7","(128, 1, 1)","(100352, 1, 1)","0","8.0","Command line profiler metrics","dram__throughput.avg.pct_of_peak_sustained_elapsed","%","80.02"
"454","583630","python3.8","127.0.0.1","void at::native::vectorized_elementwise_kernel<(int)4, at::native::<unnamed>::launch_clamp_scalar(at::TensorIteratorBase &, c10::Scalar, c10::Scalar, at::native::detail::ClampLimits)::[lambda() (instance 1)]::operator ()() const::[lambda() (instance 14)]::operator ()() const::[lambda(float) (instance 1)], at::detail::Array<char *, (int)2>>(int, T2, T3)","1","7","(128, 1, 1)","(100352, 1, 1)","0","8.0","Command line profiler metrics","gpu__time_duration.sum","nsecond","253568"
"454","583630","python3.8","127.0.0.1","void at::native::vectorized_elementwise_kernel<(int)4, at::native::<unnamed>::launch_clamp_scalar(at::TensorIteratorBase &, c10::Scalar, c10::Scalar, at::native::detail::ClampLimits)::[lambda() (instance 1)]::operator ()() const::[lambda() (instance 14)]::operator ()() const::[lambda(float) (instance 1)], at::detail::Array<char *, (int)2>>(int, T2, T3)","1","7","(128, 1, 1)","(100352, 1, 1)","0","8.0","Command line profiler metrics","lts__t_sectors.avg.pct_of_peak_sustained_elapsed","%","35.73"
"455","583630","python3.8","127.0.0.1","void cutlass::Kernel<cutlass_80_tensorop_s1688gemm_256x64_16x4_nn_align4>(T1::Params)","1","7","(128, 1, 1)","(8, 2, 64)","0","8.0","Command line profiler metrics","dram__throughput.avg.pct_of_peak_sustained_elapsed","%","65.54"
"455","583630","python3.8","127.0.0.1","void cutlass::Kernel<cutlass_80_tensorop_s1688gemm_256x64_16x4_nn_align4>(T1::Params)","1","7","(128, 1, 1)","(8, 2, 64)","0","8.0","Command line profiler metrics","gpu__time_duration.sum","nsecond","196992"
"455","583630","python3.8","127.0.0.1","void cutlass::Kernel<cutlass_80_tensorop_s1688gemm_256x64_16x4_nn_align4>(T1::Params)","1","7","(128, 1, 1)","(8, 2, 64)","0","8.0","Command line profiler metrics","lts__t_sectors.avg.pct_of_peak_sustained_elapsed","%","36.25"
"456","583630","python3.8","127.0.0.1","void cudnn::bn_fw_inf_1C11_kernel_NCHW<float, float, (bool)1, (int)1>(T2, T2, cudnnTensorStruct, const T1 *, cudnnTensorStruct, T1 *, cudnnTensorStruct, const T2 *, const T2 *, const T2 *, const T2 *, T2)","1","7","(512, 1, 1)","(64, 64, 1)","0","8.0","Command line profiler metrics","dram__throughput.avg.pct_of_peak_sustained_elapsed","%","36.96"
"456","583630","python3.8","127.0.0.1","void cudnn::bn_fw_inf_1C11_kernel_NCHW<float, float, (bool)1, (int)1>(T2, T2, cudnnTensorStruct, const T1 *, cudnnTensorStruct, T1 *, cudnnTensorStruct, const T2 *, const T2 *, const T2 *, const T2 *, T2)","1","7","(512, 1, 1)","(64, 64, 1)","0","8.0","Command line profiler metrics","gpu__time_duration.sum","nsecond","125568"
"456","583630","python3.8","127.0.0.1","void cudnn::bn_fw_inf_1C11_kernel_NCHW<float, float, (bool)1, (int)1>(T2, T2, cudnnTensorStruct, const T1 *, cudnnTensorStruct, T1 *, cudnnTensorStruct, const T2 *, const T2 *, const T2 *, const T2 *, T2)","1","7","(512, 1, 1)","(64, 64, 1)","0","8.0","Command line profiler metrics","lts__t_sectors.avg.pct_of_peak_sustained_elapsed","%","19.76"
"457","583630","python3.8","127.0.0.1","void at::native::vectorized_elementwise_kernel<(int)4, at::native::<unnamed>::launch_clamp_scalar(at::TensorIteratorBase &, c10::Scalar, c10::Scalar, at::native::detail::ClampLimits)::[lambda() (instance 1)]::operator ()() const::[lambda() (instance 14)]::operator ()() const::[lambda(float) (instance 1)], at::detail::Array<char *, (int)2>>(int, T2, T3)","1","7","(128, 1, 1)","(25088, 1, 1)","0","8.0","Command line profiler metrics","dram__throughput.avg.pct_of_peak_sustained_elapsed","%","66.50"
"457","583630","python3.8","127.0.0.1","void at::native::vectorized_elementwise_kernel<(int)4, at::native::<unnamed>::launch_clamp_scalar(at::TensorIteratorBase &, c10::Scalar, c10::Scalar, at::native::detail::ClampLimits)::[lambda() (instance 1)]::operator ()() const::[lambda() (instance 14)]::operator ()() const::[lambda(float) (instance 1)], at::detail::Array<char *, (int)2>>(int, T2, T3)","1","7","(128, 1, 1)","(25088, 1, 1)","0","8.0","Command line profiler metrics","gpu__time_duration.sum","nsecond","65536"
"457","583630","python3.8","127.0.0.1","void at::native::vectorized_elementwise_kernel<(int)4, at::native::<unnamed>::launch_clamp_scalar(at::TensorIteratorBase &, c10::Scalar, c10::Scalar, at::native::detail::ClampLimits)::[lambda() (instance 1)]::operator ()() const::[lambda() (instance 14)]::operator ()() const::[lambda(float) (instance 1)], at::detail::Array<char *, (int)2>>(int, T2, T3)","1","7","(128, 1, 1)","(25088, 1, 1)","0","8.0","Command line profiler metrics","lts__t_sectors.avg.pct_of_peak_sustained_elapsed","%","32.73"
"458","583630","python3.8","127.0.0.1","void cudnn::ops::nchwToNhwcKernel<float, float, float, (bool)0, (bool)1, (cudnnKernelDataType_t)2>(cudnn::ops::nchw2nhwc_params_t<T3>, const T1 *, T2 *)","1","7","(256, 1, 1)","(98, 2, 64)","0","8.0","Command line profiler metrics","dram__throughput.avg.pct_of_peak_sustained_elapsed","%","56.21"
"458","583630","python3.8","127.0.0.1","void cudnn::ops::nchwToNhwcKernel<float, float, float, (bool)0, (bool)1, (cudnnKernelDataType_t)2>(cudnn::ops::nchw2nhwc_params_t<T3>, const T1 *, T2 *)","1","7","(256, 1, 1)","(98, 2, 64)","0","8.0","Command line profiler metrics","gpu__time_duration.sum","nsecond","81920"
"458","583630","python3.8","127.0.0.1","void cudnn::ops::nchwToNhwcKernel<float, float, float, (bool)0, (bool)1, (cudnnKernelDataType_t)2>(cudnn::ops::nchw2nhwc_params_t<T3>, const T1 *, T2 *)","1","7","(256, 1, 1)","(98, 2, 64)","0","8.0","Command line profiler metrics","lts__t_sectors.avg.pct_of_peak_sustained_elapsed","%","30.58"
"459","583630","python3.8","127.0.0.1","void cudnn::ops::nchwToNhwcKernel<float, float, float, (bool)0, (bool)1, (cudnnKernelDataType_t)2>(cudnn::ops::nchw2nhwc_params_t<T3>, const T1 *, T2 *)","1","7","(256, 1, 1)","(1, 2, 64)","0","8.0","Command line profiler metrics","dram__throughput.avg.pct_of_peak_sustained_elapsed","%","1.33"
"459","583630","python3.8","127.0.0.1","void cudnn::ops::nchwToNhwcKernel<float, float, float, (bool)0, (bool)1, (cudnnKernelDataType_t)2>(cudnn::ops::nchw2nhwc_params_t<T3>, const T1 *, T2 *)","1","7","(256, 1, 1)","(1, 2, 64)","0","8.0","Command line profiler metrics","gpu__time_duration.sum","nsecond","6176"
"459","583630","python3.8","127.0.0.1","void cudnn::ops::nchwToNhwcKernel<float, float, float, (bool)0, (bool)1, (cudnnKernelDataType_t)2>(cudnn::ops::nchw2nhwc_params_t<T3>, const T1 *, T2 *)","1","7","(256, 1, 1)","(1, 2, 64)","0","8.0","Command line profiler metrics","lts__t_sectors.avg.pct_of_peak_sustained_elapsed","%","1.61"
"460","583630","python3.8","127.0.0.1","sm80_xmma_fprop_implicit_gemm_indexed_tf32f32_tf32f32_f32_nhwckrsc_nchw_tilesize256x64x32_stage3_warpsize4x2x1_g1_tensor16x8x8_execute_kernel_cudnn","1","7","(256, 1, 1)","(1, 784, 1)","0","8.0","Command line profiler metrics","dram__throughput.avg.pct_of_peak_sustained_elapsed","%","11.25"
"460","583630","python3.8","127.0.0.1","sm80_xmma_fprop_implicit_gemm_indexed_tf32f32_tf32f32_f32_nhwckrsc_nchw_tilesize256x64x32_stage3_warpsize4x2x1_g1_tensor16x8x8_execute_kernel_cudnn","1","7","(256, 1, 1)","(1, 784, 1)","0","8.0","Command line profiler metrics","gpu__time_duration.sum","nsecond","412928"
"460","583630","python3.8","127.0.0.1","sm80_xmma_fprop_implicit_gemm_indexed_tf32f32_tf32f32_f32_nhwckrsc_nchw_tilesize256x64x32_stage3_warpsize4x2x1_g1_tensor16x8x8_execute_kernel_cudnn","1","7","(256, 1, 1)","(1, 784, 1)","0","8.0","Command line profiler metrics","lts__t_sectors.avg.pct_of_peak_sustained_elapsed","%","22.30"
"461","583630","python3.8","127.0.0.1","void cudnn::bn_fw_inf_1C11_kernel_NCHW<float, float, (bool)1, (int)1>(T2, T2, cudnnTensorStruct, const T1 *, cudnnTensorStruct, T1 *, cudnnTensorStruct, const T2 *, const T2 *, const T2 *, const T2 *, T2)","1","7","(512, 1, 1)","(64, 64, 1)","0","8.0","Command line profiler metrics","dram__throughput.avg.pct_of_peak_sustained_elapsed","%","36.84"
"461","583630","python3.8","127.0.0.1","void cudnn::bn_fw_inf_1C11_kernel_NCHW<float, float, (bool)1, (int)1>(T2, T2, cudnnTensorStruct, const T1 *, cudnnTensorStruct, T1 *, cudnnTensorStruct, const T2 *, const T2 *, const T2 *, const T2 *, T2)","1","7","(512, 1, 1)","(64, 64, 1)","0","8.0","Command line profiler metrics","gpu__time_duration.sum","nsecond","125888"
"461","583630","python3.8","127.0.0.1","void cudnn::bn_fw_inf_1C11_kernel_NCHW<float, float, (bool)1, (int)1>(T2, T2, cudnnTensorStruct, const T1 *, cudnnTensorStruct, T1 *, cudnnTensorStruct, const T2 *, const T2 *, const T2 *, const T2 *, T2)","1","7","(512, 1, 1)","(64, 64, 1)","0","8.0","Command line profiler metrics","lts__t_sectors.avg.pct_of_peak_sustained_elapsed","%","19.78"
"462","583630","python3.8","127.0.0.1","void at::native::vectorized_elementwise_kernel<(int)4, at::native::<unnamed>::launch_clamp_scalar(at::TensorIteratorBase &, c10::Scalar, c10::Scalar, at::native::detail::ClampLimits)::[lambda() (instance 1)]::operator ()() const::[lambda() (instance 14)]::operator ()() const::[lambda(float) (instance 1)], at::detail::Array<char *, (int)2>>(int, T2, T3)","1","7","(128, 1, 1)","(25088, 1, 1)","0","8.0","Command line profiler metrics","dram__throughput.avg.pct_of_peak_sustained_elapsed","%","66.31"
"462","583630","python3.8","127.0.0.1","void at::native::vectorized_elementwise_kernel<(int)4, at::native::<unnamed>::launch_clamp_scalar(at::TensorIteratorBase &, c10::Scalar, c10::Scalar, at::native::detail::ClampLimits)::[lambda() (instance 1)]::operator ()() const::[lambda() (instance 14)]::operator ()() const::[lambda(float) (instance 1)], at::detail::Array<char *, (int)2>>(int, T2, T3)","1","7","(128, 1, 1)","(25088, 1, 1)","0","8.0","Command line profiler metrics","gpu__time_duration.sum","nsecond","65696"
"462","583630","python3.8","127.0.0.1","void at::native::vectorized_elementwise_kernel<(int)4, at::native::<unnamed>::launch_clamp_scalar(at::TensorIteratorBase &, c10::Scalar, c10::Scalar, at::native::detail::ClampLimits)::[lambda() (instance 1)]::operator ()() const::[lambda() (instance 14)]::operator ()() const::[lambda(float) (instance 1)], at::detail::Array<char *, (int)2>>(int, T2, T3)","1","7","(128, 1, 1)","(25088, 1, 1)","0","8.0","Command line profiler metrics","lts__t_sectors.avg.pct_of_peak_sustained_elapsed","%","32.74"
"463","583630","python3.8","127.0.0.1","void cutlass::Kernel<cutlass_80_tensorop_s1688gemm_256x64_16x4_nn_align4>(T1::Params)","1","7","(128, 1, 1)","(32, 2, 64)","0","8.0","Command line profiler metrics","dram__throughput.avg.pct_of_peak_sustained_elapsed","%","39.00"
"463","583630","python3.8","127.0.0.1","void cutlass::Kernel<cutlass_80_tensorop_s1688gemm_256x64_16x4_nn_align4>(T1::Params)","1","7","(128, 1, 1)","(32, 2, 64)","0","8.0","Command line profiler metrics","gpu__time_duration.sum","nsecond","315840"
"463","583630","python3.8","127.0.0.1","void cutlass::Kernel<cutlass_80_tensorop_s1688gemm_256x64_16x4_nn_align4>(T1::Params)","1","7","(128, 1, 1)","(32, 2, 64)","0","8.0","Command line profiler metrics","lts__t_sectors.avg.pct_of_peak_sustained_elapsed","%","30.61"
"464","583630","python3.8","127.0.0.1","void cudnn::bn_fw_inf_1C11_kernel_NCHW<float, float, (bool)1, (int)1>(T2, T2, cudnnTensorStruct, const T1 *, cudnnTensorStruct, T1 *, cudnnTensorStruct, const T2 *, const T2 *, const T2 *, const T2 *, T2)","1","7","(512, 1, 1)","(256, 64, 1)","0","8.0","Command line profiler metrics","dram__throughput.avg.pct_of_peak_sustained_elapsed","%","41.52"
"464","583630","python3.8","127.0.0.1","void cudnn::bn_fw_inf_1C11_kernel_NCHW<float, float, (bool)1, (int)1>(T2, T2, cudnnTensorStruct, const T1 *, cudnnTensorStruct, T1 *, cudnnTensorStruct, const T2 *, const T2 *, const T2 *, const T2 *, T2)","1","7","(512, 1, 1)","(256, 64, 1)","0","8.0","Command line profiler metrics","gpu__time_duration.sum","nsecond","495488"
"464","583630","python3.8","127.0.0.1","void cudnn::bn_fw_inf_1C11_kernel_NCHW<float, float, (bool)1, (int)1>(T2, T2, cudnnTensorStruct, const T1 *, cudnnTensorStruct, T1 *, cudnnTensorStruct, const T2 *, const T2 *, const T2 *, const T2 *, T2)","1","7","(512, 1, 1)","(256, 64, 1)","0","8.0","Command line profiler metrics","lts__t_sectors.avg.pct_of_peak_sustained_elapsed","%","20.94"
"465","583630","python3.8","127.0.0.1","void at::native::vectorized_elementwise_kernel<(int)4, at::native::CUDAFunctor_add<float>, at::detail::Array<char *, (int)3>>(int, T2, T3)","1","7","(128, 1, 1)","(100352, 1, 1)","0","8.0","Command line profiler metrics","dram__throughput.avg.pct_of_peak_sustained_elapsed","%","86.64"
"465","583630","python3.8","127.0.0.1","void at::native::vectorized_elementwise_kernel<(int)4, at::native::CUDAFunctor_add<float>, at::detail::Array<char *, (int)3>>(int, T2, T3)","1","7","(128, 1, 1)","(100352, 1, 1)","0","8.0","Command line profiler metrics","gpu__time_duration.sum","nsecond","359200"
"465","583630","python3.8","127.0.0.1","void at::native::vectorized_elementwise_kernel<(int)4, at::native::CUDAFunctor_add<float>, at::detail::Array<char *, (int)3>>(int, T2, T3)","1","7","(128, 1, 1)","(100352, 1, 1)","0","8.0","Command line profiler metrics","lts__t_sectors.avg.pct_of_peak_sustained_elapsed","%","39.91"
"466","583630","python3.8","127.0.0.1","void at::native::vectorized_elementwise_kernel<(int)4, at::native::<unnamed>::launch_clamp_scalar(at::TensorIteratorBase &, c10::Scalar, c10::Scalar, at::native::detail::ClampLimits)::[lambda() (instance 1)]::operator ()() const::[lambda() (instance 14)]::operator ()() const::[lambda(float) (instance 1)], at::detail::Array<char *, (int)2>>(int, T2, T3)","1","7","(128, 1, 1)","(100352, 1, 1)","0","8.0","Command line profiler metrics","dram__throughput.avg.pct_of_peak_sustained_elapsed","%","79.80"
"466","583630","python3.8","127.0.0.1","void at::native::vectorized_elementwise_kernel<(int)4, at::native::<unnamed>::launch_clamp_scalar(at::TensorIteratorBase &, c10::Scalar, c10::Scalar, at::native::detail::ClampLimits)::[lambda() (instance 1)]::operator ()() const::[lambda() (instance 14)]::operator ()() const::[lambda(float) (instance 1)], at::detail::Array<char *, (int)2>>(int, T2, T3)","1","7","(128, 1, 1)","(100352, 1, 1)","0","8.0","Command line profiler metrics","gpu__time_duration.sum","nsecond","254240"
"466","583630","python3.8","127.0.0.1","void at::native::vectorized_elementwise_kernel<(int)4, at::native::<unnamed>::launch_clamp_scalar(at::TensorIteratorBase &, c10::Scalar, c10::Scalar, at::native::detail::ClampLimits)::[lambda() (instance 1)]::operator ()() const::[lambda() (instance 14)]::operator ()() const::[lambda(float) (instance 1)], at::detail::Array<char *, (int)2>>(int, T2, T3)","1","7","(128, 1, 1)","(100352, 1, 1)","0","8.0","Command line profiler metrics","lts__t_sectors.avg.pct_of_peak_sustained_elapsed","%","35.49"
"467","583630","python3.8","127.0.0.1","void cutlass::Kernel<cutlass_80_tensorop_s1688gemm_256x64_16x4_nn_align4>(T1::Params)","1","7","(128, 1, 1)","(8, 2, 64)","0","8.0","Command line profiler metrics","dram__throughput.avg.pct_of_peak_sustained_elapsed","%","65.79"
"467","583630","python3.8","127.0.0.1","void cutlass::Kernel<cutlass_80_tensorop_s1688gemm_256x64_16x4_nn_align4>(T1::Params)","1","7","(128, 1, 1)","(8, 2, 64)","0","8.0","Command line profiler metrics","gpu__time_duration.sum","nsecond","196160"
"467","583630","python3.8","127.0.0.1","void cutlass::Kernel<cutlass_80_tensorop_s1688gemm_256x64_16x4_nn_align4>(T1::Params)","1","7","(128, 1, 1)","(8, 2, 64)","0","8.0","Command line profiler metrics","lts__t_sectors.avg.pct_of_peak_sustained_elapsed","%","36.35"
"468","583630","python3.8","127.0.0.1","void cudnn::bn_fw_inf_1C11_kernel_NCHW<float, float, (bool)1, (int)1>(T2, T2, cudnnTensorStruct, const T1 *, cudnnTensorStruct, T1 *, cudnnTensorStruct, const T2 *, const T2 *, const T2 *, const T2 *, T2)","1","7","(512, 1, 1)","(64, 64, 1)","0","8.0","Command line profiler metrics","dram__throughput.avg.pct_of_peak_sustained_elapsed","%","36.85"
"468","583630","python3.8","127.0.0.1","void cudnn::bn_fw_inf_1C11_kernel_NCHW<float, float, (bool)1, (int)1>(T2, T2, cudnnTensorStruct, const T1 *, cudnnTensorStruct, T1 *, cudnnTensorStruct, const T2 *, const T2 *, const T2 *, const T2 *, T2)","1","7","(512, 1, 1)","(64, 64, 1)","0","8.0","Command line profiler metrics","gpu__time_duration.sum","nsecond","126016"
"468","583630","python3.8","127.0.0.1","void cudnn::bn_fw_inf_1C11_kernel_NCHW<float, float, (bool)1, (int)1>(T2, T2, cudnnTensorStruct, const T1 *, cudnnTensorStruct, T1 *, cudnnTensorStruct, const T2 *, const T2 *, const T2 *, const T2 *, T2)","1","7","(512, 1, 1)","(64, 64, 1)","0","8.0","Command line profiler metrics","lts__t_sectors.avg.pct_of_peak_sustained_elapsed","%","19.69"
"469","583630","python3.8","127.0.0.1","void at::native::vectorized_elementwise_kernel<(int)4, at::native::<unnamed>::launch_clamp_scalar(at::TensorIteratorBase &, c10::Scalar, c10::Scalar, at::native::detail::ClampLimits)::[lambda() (instance 1)]::operator ()() const::[lambda() (instance 14)]::operator ()() const::[lambda(float) (instance 1)], at::detail::Array<char *, (int)2>>(int, T2, T3)","1","7","(128, 1, 1)","(25088, 1, 1)","0","8.0","Command line profiler metrics","dram__throughput.avg.pct_of_peak_sustained_elapsed","%","65.61"
"469","583630","python3.8","127.0.0.1","void at::native::vectorized_elementwise_kernel<(int)4, at::native::<unnamed>::launch_clamp_scalar(at::TensorIteratorBase &, c10::Scalar, c10::Scalar, at::native::detail::ClampLimits)::[lambda() (instance 1)]::operator ()() const::[lambda() (instance 14)]::operator ()() const::[lambda(float) (instance 1)], at::detail::Array<char *, (int)2>>(int, T2, T3)","1","7","(128, 1, 1)","(25088, 1, 1)","0","8.0","Command line profiler metrics","gpu__time_duration.sum","nsecond","66400"
"469","583630","python3.8","127.0.0.1","void at::native::vectorized_elementwise_kernel<(int)4, at::native::<unnamed>::launch_clamp_scalar(at::TensorIteratorBase &, c10::Scalar, c10::Scalar, at::native::detail::ClampLimits)::[lambda() (instance 1)]::operator ()() const::[lambda() (instance 14)]::operator ()() const::[lambda(float) (instance 1)], at::detail::Array<char *, (int)2>>(int, T2, T3)","1","7","(128, 1, 1)","(25088, 1, 1)","0","8.0","Command line profiler metrics","lts__t_sectors.avg.pct_of_peak_sustained_elapsed","%","32.39"
"470","583630","python3.8","127.0.0.1","void cudnn::ops::nchwToNhwcKernel<float, float, float, (bool)0, (bool)1, (cudnnKernelDataType_t)2>(cudnn::ops::nchw2nhwc_params_t<T3>, const T1 *, T2 *)","1","7","(256, 1, 1)","(98, 2, 64)","0","8.0","Command line profiler metrics","dram__throughput.avg.pct_of_peak_sustained_elapsed","%","56.93"
"470","583630","python3.8","127.0.0.1","void cudnn::ops::nchwToNhwcKernel<float, float, float, (bool)0, (bool)1, (cudnnKernelDataType_t)2>(cudnn::ops::nchw2nhwc_params_t<T3>, const T1 *, T2 *)","1","7","(256, 1, 1)","(98, 2, 64)","0","8.0","Command line profiler metrics","gpu__time_duration.sum","nsecond","80992"
"470","583630","python3.8","127.0.0.1","void cudnn::ops::nchwToNhwcKernel<float, float, float, (bool)0, (bool)1, (cudnnKernelDataType_t)2>(cudnn::ops::nchw2nhwc_params_t<T3>, const T1 *, T2 *)","1","7","(256, 1, 1)","(98, 2, 64)","0","8.0","Command line profiler metrics","lts__t_sectors.avg.pct_of_peak_sustained_elapsed","%","30.95"
"471","583630","python3.8","127.0.0.1","void cudnn::ops::nchwToNhwcKernel<float, float, float, (bool)0, (bool)1, (cudnnKernelDataType_t)2>(cudnn::ops::nchw2nhwc_params_t<T3>, const T1 *, T2 *)","1","7","(256, 1, 1)","(1, 2, 64)","0","8.0","Command line profiler metrics","dram__throughput.avg.pct_of_peak_sustained_elapsed","%","1.39"
"471","583630","python3.8","127.0.0.1","void cudnn::ops::nchwToNhwcKernel<float, float, float, (bool)0, (bool)1, (cudnnKernelDataType_t)2>(cudnn::ops::nchw2nhwc_params_t<T3>, const T1 *, T2 *)","1","7","(256, 1, 1)","(1, 2, 64)","0","8.0","Command line profiler metrics","gpu__time_duration.sum","nsecond","5856"
"471","583630","python3.8","127.0.0.1","void cudnn::ops::nchwToNhwcKernel<float, float, float, (bool)0, (bool)1, (cudnnKernelDataType_t)2>(cudnn::ops::nchw2nhwc_params_t<T3>, const T1 *, T2 *)","1","7","(256, 1, 1)","(1, 2, 64)","0","8.0","Command line profiler metrics","lts__t_sectors.avg.pct_of_peak_sustained_elapsed","%","1.69"
"472","583630","python3.8","127.0.0.1","sm80_xmma_fprop_implicit_gemm_indexed_tf32f32_tf32f32_f32_nhwckrsc_nchw_tilesize256x64x32_stage3_warpsize4x2x1_g1_tensor16x8x8_execute_kernel_cudnn","1","7","(256, 1, 1)","(1, 784, 1)","0","8.0","Command line profiler metrics","dram__throughput.avg.pct_of_peak_sustained_elapsed","%","11.26"
"472","583630","python3.8","127.0.0.1","sm80_xmma_fprop_implicit_gemm_indexed_tf32f32_tf32f32_f32_nhwckrsc_nchw_tilesize256x64x32_stage3_warpsize4x2x1_g1_tensor16x8x8_execute_kernel_cudnn","1","7","(256, 1, 1)","(1, 784, 1)","0","8.0","Command line profiler metrics","gpu__time_duration.sum","nsecond","412096"
"472","583630","python3.8","127.0.0.1","sm80_xmma_fprop_implicit_gemm_indexed_tf32f32_tf32f32_f32_nhwckrsc_nchw_tilesize256x64x32_stage3_warpsize4x2x1_g1_tensor16x8x8_execute_kernel_cudnn","1","7","(256, 1, 1)","(1, 784, 1)","0","8.0","Command line profiler metrics","lts__t_sectors.avg.pct_of_peak_sustained_elapsed","%","22.30"
"473","583630","python3.8","127.0.0.1","void cudnn::bn_fw_inf_1C11_kernel_NCHW<float, float, (bool)1, (int)1>(T2, T2, cudnnTensorStruct, const T1 *, cudnnTensorStruct, T1 *, cudnnTensorStruct, const T2 *, const T2 *, const T2 *, const T2 *, T2)","1","7","(512, 1, 1)","(64, 64, 1)","0","8.0","Command line profiler metrics","dram__throughput.avg.pct_of_peak_sustained_elapsed","%","37.01"
"473","583630","python3.8","127.0.0.1","void cudnn::bn_fw_inf_1C11_kernel_NCHW<float, float, (bool)1, (int)1>(T2, T2, cudnnTensorStruct, const T1 *, cudnnTensorStruct, T1 *, cudnnTensorStruct, const T2 *, const T2 *, const T2 *, const T2 *, T2)","1","7","(512, 1, 1)","(64, 64, 1)","0","8.0","Command line profiler metrics","gpu__time_duration.sum","nsecond","125472"
"473","583630","python3.8","127.0.0.1","void cudnn::bn_fw_inf_1C11_kernel_NCHW<float, float, (bool)1, (int)1>(T2, T2, cudnnTensorStruct, const T1 *, cudnnTensorStruct, T1 *, cudnnTensorStruct, const T2 *, const T2 *, const T2 *, const T2 *, T2)","1","7","(512, 1, 1)","(64, 64, 1)","0","8.0","Command line profiler metrics","lts__t_sectors.avg.pct_of_peak_sustained_elapsed","%","19.85"
"474","583630","python3.8","127.0.0.1","void at::native::vectorized_elementwise_kernel<(int)4, at::native::<unnamed>::launch_clamp_scalar(at::TensorIteratorBase &, c10::Scalar, c10::Scalar, at::native::detail::ClampLimits)::[lambda() (instance 1)]::operator ()() const::[lambda() (instance 14)]::operator ()() const::[lambda(float) (instance 1)], at::detail::Array<char *, (int)2>>(int, T2, T3)","1","7","(128, 1, 1)","(25088, 1, 1)","0","8.0","Command line profiler metrics","dram__throughput.avg.pct_of_peak_sustained_elapsed","%","66.04"
"474","583630","python3.8","127.0.0.1","void at::native::vectorized_elementwise_kernel<(int)4, at::native::<unnamed>::launch_clamp_scalar(at::TensorIteratorBase &, c10::Scalar, c10::Scalar, at::native::detail::ClampLimits)::[lambda() (instance 1)]::operator ()() const::[lambda() (instance 14)]::operator ()() const::[lambda(float) (instance 1)], at::detail::Array<char *, (int)2>>(int, T2, T3)","1","7","(128, 1, 1)","(25088, 1, 1)","0","8.0","Command line profiler metrics","gpu__time_duration.sum","nsecond","66048"
"474","583630","python3.8","127.0.0.1","void at::native::vectorized_elementwise_kernel<(int)4, at::native::<unnamed>::launch_clamp_scalar(at::TensorIteratorBase &, c10::Scalar, c10::Scalar, at::native::detail::ClampLimits)::[lambda() (instance 1)]::operator ()() const::[lambda() (instance 14)]::operator ()() const::[lambda(float) (instance 1)], at::detail::Array<char *, (int)2>>(int, T2, T3)","1","7","(128, 1, 1)","(25088, 1, 1)","0","8.0","Command line profiler metrics","lts__t_sectors.avg.pct_of_peak_sustained_elapsed","%","32.47"
"475","583630","python3.8","127.0.0.1","void cutlass::Kernel<cutlass_80_tensorop_s1688gemm_256x64_16x4_nn_align4>(T1::Params)","1","7","(128, 1, 1)","(32, 2, 64)","0","8.0","Command line profiler metrics","dram__throughput.avg.pct_of_peak_sustained_elapsed","%","39.06"
"475","583630","python3.8","127.0.0.1","void cutlass::Kernel<cutlass_80_tensorop_s1688gemm_256x64_16x4_nn_align4>(T1::Params)","1","7","(128, 1, 1)","(32, 2, 64)","0","8.0","Command line profiler metrics","gpu__time_duration.sum","nsecond","315264"
"475","583630","python3.8","127.0.0.1","void cutlass::Kernel<cutlass_80_tensorop_s1688gemm_256x64_16x4_nn_align4>(T1::Params)","1","7","(128, 1, 1)","(32, 2, 64)","0","8.0","Command line profiler metrics","lts__t_sectors.avg.pct_of_peak_sustained_elapsed","%","30.61"
"476","583630","python3.8","127.0.0.1","void cudnn::bn_fw_inf_1C11_kernel_NCHW<float, float, (bool)1, (int)1>(T2, T2, cudnnTensorStruct, const T1 *, cudnnTensorStruct, T1 *, cudnnTensorStruct, const T2 *, const T2 *, const T2 *, const T2 *, T2)","1","7","(512, 1, 1)","(256, 64, 1)","0","8.0","Command line profiler metrics","dram__throughput.avg.pct_of_peak_sustained_elapsed","%","41.51"
"476","583630","python3.8","127.0.0.1","void cudnn::bn_fw_inf_1C11_kernel_NCHW<float, float, (bool)1, (int)1>(T2, T2, cudnnTensorStruct, const T1 *, cudnnTensorStruct, T1 *, cudnnTensorStruct, const T2 *, const T2 *, const T2 *, const T2 *, T2)","1","7","(512, 1, 1)","(256, 64, 1)","0","8.0","Command line profiler metrics","gpu__time_duration.sum","nsecond","495520"
"476","583630","python3.8","127.0.0.1","void cudnn::bn_fw_inf_1C11_kernel_NCHW<float, float, (bool)1, (int)1>(T2, T2, cudnnTensorStruct, const T1 *, cudnnTensorStruct, T1 *, cudnnTensorStruct, const T2 *, const T2 *, const T2 *, const T2 *, T2)","1","7","(512, 1, 1)","(256, 64, 1)","0","8.0","Command line profiler metrics","lts__t_sectors.avg.pct_of_peak_sustained_elapsed","%","20.88"
"477","583630","python3.8","127.0.0.1","void at::native::vectorized_elementwise_kernel<(int)4, at::native::CUDAFunctor_add<float>, at::detail::Array<char *, (int)3>>(int, T2, T3)","1","7","(128, 1, 1)","(100352, 1, 1)","0","8.0","Command line profiler metrics","dram__throughput.avg.pct_of_peak_sustained_elapsed","%","87.23"
"477","583630","python3.8","127.0.0.1","void at::native::vectorized_elementwise_kernel<(int)4, at::native::CUDAFunctor_add<float>, at::detail::Array<char *, (int)3>>(int, T2, T3)","1","7","(128, 1, 1)","(100352, 1, 1)","0","8.0","Command line profiler metrics","gpu__time_duration.sum","nsecond","356832"
"477","583630","python3.8","127.0.0.1","void at::native::vectorized_elementwise_kernel<(int)4, at::native::CUDAFunctor_add<float>, at::detail::Array<char *, (int)3>>(int, T2, T3)","1","7","(128, 1, 1)","(100352, 1, 1)","0","8.0","Command line profiler metrics","lts__t_sectors.avg.pct_of_peak_sustained_elapsed","%","40.06"
"478","583630","python3.8","127.0.0.1","void at::native::vectorized_elementwise_kernel<(int)4, at::native::<unnamed>::launch_clamp_scalar(at::TensorIteratorBase &, c10::Scalar, c10::Scalar, at::native::detail::ClampLimits)::[lambda() (instance 1)]::operator ()() const::[lambda() (instance 14)]::operator ()() const::[lambda(float) (instance 1)], at::detail::Array<char *, (int)2>>(int, T2, T3)","1","7","(128, 1, 1)","(100352, 1, 1)","0","8.0","Command line profiler metrics","dram__throughput.avg.pct_of_peak_sustained_elapsed","%","79.66"
"478","583630","python3.8","127.0.0.1","void at::native::vectorized_elementwise_kernel<(int)4, at::native::<unnamed>::launch_clamp_scalar(at::TensorIteratorBase &, c10::Scalar, c10::Scalar, at::native::detail::ClampLimits)::[lambda() (instance 1)]::operator ()() const::[lambda() (instance 14)]::operator ()() const::[lambda(float) (instance 1)], at::detail::Array<char *, (int)2>>(int, T2, T3)","1","7","(128, 1, 1)","(100352, 1, 1)","0","8.0","Command line profiler metrics","gpu__time_duration.sum","nsecond","254688"
"478","583630","python3.8","127.0.0.1","void at::native::vectorized_elementwise_kernel<(int)4, at::native::<unnamed>::launch_clamp_scalar(at::TensorIteratorBase &, c10::Scalar, c10::Scalar, at::native::detail::ClampLimits)::[lambda() (instance 1)]::operator ()() const::[lambda() (instance 14)]::operator ()() const::[lambda(float) (instance 1)], at::detail::Array<char *, (int)2>>(int, T2, T3)","1","7","(128, 1, 1)","(100352, 1, 1)","0","8.0","Command line profiler metrics","lts__t_sectors.avg.pct_of_peak_sustained_elapsed","%","35.51"
"479","583630","python3.8","127.0.0.1","void cutlass::Kernel<cutlass_80_tensorop_s1688gemm_256x64_16x4_nn_align4>(T1::Params)","1","7","(128, 1, 1)","(16, 2, 64)","0","8.0","Command line profiler metrics","dram__throughput.avg.pct_of_peak_sustained_elapsed","%","42.76"
"479","583630","python3.8","127.0.0.1","void cutlass::Kernel<cutlass_80_tensorop_s1688gemm_256x64_16x4_nn_align4>(T1::Params)","1","7","(128, 1, 1)","(16, 2, 64)","0","8.0","Command line profiler metrics","gpu__time_duration.sum","nsecond","360800"
"479","583630","python3.8","127.0.0.1","void cutlass::Kernel<cutlass_80_tensorop_s1688gemm_256x64_16x4_nn_align4>(T1::Params)","1","7","(128, 1, 1)","(16, 2, 64)","0","8.0","Command line profiler metrics","lts__t_sectors.avg.pct_of_peak_sustained_elapsed","%","36.37"
"480","583630","python3.8","127.0.0.1","void cudnn::bn_fw_inf_1C11_kernel_NCHW<float, float, (bool)1, (int)1>(T2, T2, cudnnTensorStruct, const T1 *, cudnnTensorStruct, T1 *, cudnnTensorStruct, const T2 *, const T2 *, const T2 *, const T2 *, T2)","1","7","(512, 1, 1)","(128, 64, 1)","0","8.0","Command line profiler metrics","dram__throughput.avg.pct_of_peak_sustained_elapsed","%","39.85"
"480","583630","python3.8","127.0.0.1","void cudnn::bn_fw_inf_1C11_kernel_NCHW<float, float, (bool)1, (int)1>(T2, T2, cudnnTensorStruct, const T1 *, cudnnTensorStruct, T1 *, cudnnTensorStruct, const T2 *, const T2 *, const T2 *, const T2 *, T2)","1","7","(512, 1, 1)","(128, 64, 1)","0","8.0","Command line profiler metrics","gpu__time_duration.sum","nsecond","249760"
"480","583630","python3.8","127.0.0.1","void cudnn::bn_fw_inf_1C11_kernel_NCHW<float, float, (bool)1, (int)1>(T2, T2, cudnnTensorStruct, const T1 *, cudnnTensorStruct, T1 *, cudnnTensorStruct, const T2 *, const T2 *, const T2 *, const T2 *, T2)","1","7","(512, 1, 1)","(128, 64, 1)","0","8.0","Command line profiler metrics","lts__t_sectors.avg.pct_of_peak_sustained_elapsed","%","20.40"
"481","583630","python3.8","127.0.0.1","void at::native::vectorized_elementwise_kernel<(int)4, at::native::<unnamed>::launch_clamp_scalar(at::TensorIteratorBase &, c10::Scalar, c10::Scalar, at::native::detail::ClampLimits)::[lambda() (instance 1)]::operator ()() const::[lambda() (instance 14)]::operator ()() const::[lambda(float) (instance 1)], at::detail::Array<char *, (int)2>>(int, T2, T3)","1","7","(128, 1, 1)","(50176, 1, 1)","0","8.0","Command line profiler metrics","dram__throughput.avg.pct_of_peak_sustained_elapsed","%","75.47"
"481","583630","python3.8","127.0.0.1","void at::native::vectorized_elementwise_kernel<(int)4, at::native::<unnamed>::launch_clamp_scalar(at::TensorIteratorBase &, c10::Scalar, c10::Scalar, at::native::detail::ClampLimits)::[lambda() (instance 1)]::operator ()() const::[lambda() (instance 14)]::operator ()() const::[lambda(float) (instance 1)], at::detail::Array<char *, (int)2>>(int, T2, T3)","1","7","(128, 1, 1)","(50176, 1, 1)","0","8.0","Command line profiler metrics","gpu__time_duration.sum","nsecond","128096"
"481","583630","python3.8","127.0.0.1","void at::native::vectorized_elementwise_kernel<(int)4, at::native::<unnamed>::launch_clamp_scalar(at::TensorIteratorBase &, c10::Scalar, c10::Scalar, at::native::detail::ClampLimits)::[lambda() (instance 1)]::operator ()() const::[lambda() (instance 14)]::operator ()() const::[lambda(float) (instance 1)], at::detail::Array<char *, (int)2>>(int, T2, T3)","1","7","(128, 1, 1)","(50176, 1, 1)","0","8.0","Command line profiler metrics","lts__t_sectors.avg.pct_of_peak_sustained_elapsed","%","34.78"
"482","583630","python3.8","127.0.0.1","void cudnn::ops::nchwToNhwcKernel<float, float, float, (bool)0, (bool)1, (cudnnKernelDataType_t)2>(cudnn::ops::nchw2nhwc_params_t<T3>, const T1 *, T2 *)","1","7","(256, 1, 1)","(98, 4, 64)","0","8.0","Command line profiler metrics","dram__throughput.avg.pct_of_peak_sustained_elapsed","%","63.22"
"482","583630","python3.8","127.0.0.1","void cudnn::ops::nchwToNhwcKernel<float, float, float, (bool)0, (bool)1, (cudnnKernelDataType_t)2>(cudnn::ops::nchw2nhwc_params_t<T3>, const T1 *, T2 *)","1","7","(256, 1, 1)","(98, 4, 64)","0","8.0","Command line profiler metrics","gpu__time_duration.sum","nsecond","156768"
"482","583630","python3.8","127.0.0.1","void cudnn::ops::nchwToNhwcKernel<float, float, float, (bool)0, (bool)1, (cudnnKernelDataType_t)2>(cudnn::ops::nchw2nhwc_params_t<T3>, const T1 *, T2 *)","1","7","(256, 1, 1)","(98, 4, 64)","0","8.0","Command line profiler metrics","lts__t_sectors.avg.pct_of_peak_sustained_elapsed","%","32.76"
"483","583630","python3.8","127.0.0.1","void cudnn::ops::nchwToNhwcKernel<float, float, float, (bool)0, (bool)1, (cudnnKernelDataType_t)2>(cudnn::ops::nchw2nhwc_params_t<T3>, const T1 *, T2 *)","1","7","(256, 1, 1)","(1, 4, 128)","0","8.0","Command line profiler metrics","dram__throughput.avg.pct_of_peak_sustained_elapsed","%","3.96"
"483","583630","python3.8","127.0.0.1","void cudnn::ops::nchwToNhwcKernel<float, float, float, (bool)0, (bool)1, (cudnnKernelDataType_t)2>(cudnn::ops::nchw2nhwc_params_t<T3>, const T1 *, T2 *)","1","7","(256, 1, 1)","(1, 4, 128)","0","8.0","Command line profiler metrics","gpu__time_duration.sum","nsecond","7872"
"483","583630","python3.8","127.0.0.1","void cudnn::ops::nchwToNhwcKernel<float, float, float, (bool)0, (bool)1, (cudnnKernelDataType_t)2>(cudnn::ops::nchw2nhwc_params_t<T3>, const T1 *, T2 *)","1","7","(256, 1, 1)","(1, 4, 128)","0","8.0","Command line profiler metrics","lts__t_sectors.avg.pct_of_peak_sustained_elapsed","%","3.59"
"484","583630","python3.8","127.0.0.1","sm80_xmma_fprop_implicit_gemm_indexed_tf32f32_tf32f32_f32_nhwckrsc_nchw_tilesize128x128x16_stage4_warpsize2x2x1_g1_tensor16x8x8_execute_kernel_cudnn","1","7","(128, 1, 1)","(1, 392, 1)","0","8.0","Command line profiler metrics","dram__throughput.avg.pct_of_peak_sustained_elapsed","%","20.68"
"484","583630","python3.8","127.0.0.1","sm80_xmma_fprop_implicit_gemm_indexed_tf32f32_tf32f32_f32_nhwckrsc_nchw_tilesize128x128x16_stage4_warpsize2x2x1_g1_tensor16x8x8_execute_kernel_cudnn","1","7","(128, 1, 1)","(1, 392, 1)","0","8.0","Command line profiler metrics","gpu__time_duration.sum","nsecond","308192"
"484","583630","python3.8","127.0.0.1","sm80_xmma_fprop_implicit_gemm_indexed_tf32f32_tf32f32_f32_nhwckrsc_nchw_tilesize128x128x16_stage4_warpsize2x2x1_g1_tensor16x8x8_execute_kernel_cudnn","1","7","(128, 1, 1)","(1, 392, 1)","0","8.0","Command line profiler metrics","lts__t_sectors.avg.pct_of_peak_sustained_elapsed","%","25.18"
"485","583630","python3.8","127.0.0.1","void cudnn::bn_fw_inf_1C11_kernel_NCHW<float, float, (bool)1, (int)1>(T2, T2, cudnnTensorStruct, const T1 *, cudnnTensorStruct, T1 *, cudnnTensorStruct, const T2 *, const T2 *, const T2 *, const T2 *, T2)","1","7","(256, 1, 1)","(128, 64, 1)","0","8.0","Command line profiler metrics","dram__throughput.avg.pct_of_peak_sustained_elapsed","%","29.44"
"485","583630","python3.8","127.0.0.1","void cudnn::bn_fw_inf_1C11_kernel_NCHW<float, float, (bool)1, (int)1>(T2, T2, cudnnTensorStruct, const T1 *, cudnnTensorStruct, T1 *, cudnnTensorStruct, const T2 *, const T2 *, const T2 *, const T2 *, T2)","1","7","(256, 1, 1)","(128, 64, 1)","0","8.0","Command line profiler metrics","gpu__time_duration.sum","nsecond","67872"
"485","583630","python3.8","127.0.0.1","void cudnn::bn_fw_inf_1C11_kernel_NCHW<float, float, (bool)1, (int)1>(T2, T2, cudnnTensorStruct, const T1 *, cudnnTensorStruct, T1 *, cudnnTensorStruct, const T2 *, const T2 *, const T2 *, const T2 *, T2)","1","7","(256, 1, 1)","(128, 64, 1)","0","8.0","Command line profiler metrics","lts__t_sectors.avg.pct_of_peak_sustained_elapsed","%","17.09"
"486","583630","python3.8","127.0.0.1","void at::native::vectorized_elementwise_kernel<(int)4, at::native::<unnamed>::launch_clamp_scalar(at::TensorIteratorBase &, c10::Scalar, c10::Scalar, at::native::detail::ClampLimits)::[lambda() (instance 1)]::operator ()() const::[lambda() (instance 14)]::operator ()() const::[lambda(float) (instance 1)], at::detail::Array<char *, (int)2>>(int, T2, T3)","1","7","(128, 1, 1)","(12544, 1, 1)","0","8.0","Command line profiler metrics","dram__throughput.avg.pct_of_peak_sustained_elapsed","%","49.33"
"486","583630","python3.8","127.0.0.1","void at::native::vectorized_elementwise_kernel<(int)4, at::native::<unnamed>::launch_clamp_scalar(at::TensorIteratorBase &, c10::Scalar, c10::Scalar, at::native::detail::ClampLimits)::[lambda() (instance 1)]::operator ()() const::[lambda() (instance 14)]::operator ()() const::[lambda(float) (instance 1)], at::detail::Array<char *, (int)2>>(int, T2, T3)","1","7","(128, 1, 1)","(12544, 1, 1)","0","8.0","Command line profiler metrics","gpu__time_duration.sum","nsecond","34464"
"486","583630","python3.8","127.0.0.1","void at::native::vectorized_elementwise_kernel<(int)4, at::native::<unnamed>::launch_clamp_scalar(at::TensorIteratorBase &, c10::Scalar, c10::Scalar, at::native::detail::ClampLimits)::[lambda() (instance 1)]::operator ()() const::[lambda() (instance 14)]::operator ()() const::[lambda(float) (instance 1)], at::detail::Array<char *, (int)2>>(int, T2, T3)","1","7","(128, 1, 1)","(12544, 1, 1)","0","8.0","Command line profiler metrics","lts__t_sectors.avg.pct_of_peak_sustained_elapsed","%","29.23"
"487","583630","python3.8","127.0.0.1","void cutlass::Kernel<cutlass_80_tensorop_s1688gemm_256x64_16x4_nn_align4>(T1::Params)","1","7","(128, 1, 1)","(32, 1, 64)","0","8.0","Command line profiler metrics","dram__throughput.avg.pct_of_peak_sustained_elapsed","%","20.52"
"487","583630","python3.8","127.0.0.1","void cutlass::Kernel<cutlass_80_tensorop_s1688gemm_256x64_16x4_nn_align4>(T1::Params)","1","7","(128, 1, 1)","(32, 1, 64)","0","8.0","Command line profiler metrics","gpu__time_duration.sum","nsecond","278304"
"487","583630","python3.8","127.0.0.1","void cutlass::Kernel<cutlass_80_tensorop_s1688gemm_256x64_16x4_nn_align4>(T1::Params)","1","7","(128, 1, 1)","(32, 1, 64)","0","8.0","Command line profiler metrics","lts__t_sectors.avg.pct_of_peak_sustained_elapsed","%","23.85"
"488","583630","python3.8","127.0.0.1","void cudnn::bn_fw_inf_1C11_kernel_NCHW<float, float, (bool)1, (int)1>(T2, T2, cudnnTensorStruct, const T1 *, cudnnTensorStruct, T1 *, cudnnTensorStruct, const T2 *, const T2 *, const T2 *, const T2 *, T2)","1","7","(256, 1, 1)","(512, 64, 1)","0","8.0","Command line profiler metrics","dram__throughput.avg.pct_of_peak_sustained_elapsed","%","34.69"
"488","583630","python3.8","127.0.0.1","void cudnn::bn_fw_inf_1C11_kernel_NCHW<float, float, (bool)1, (int)1>(T2, T2, cudnnTensorStruct, const T1 *, cudnnTensorStruct, T1 *, cudnnTensorStruct, const T2 *, const T2 *, const T2 *, const T2 *, T2)","1","7","(256, 1, 1)","(512, 64, 1)","0","8.0","Command line profiler metrics","gpu__time_duration.sum","nsecond","287488"
"488","583630","python3.8","127.0.0.1","void cudnn::bn_fw_inf_1C11_kernel_NCHW<float, float, (bool)1, (int)1>(T2, T2, cudnnTensorStruct, const T1 *, cudnnTensorStruct, T1 *, cudnnTensorStruct, const T2 *, const T2 *, const T2 *, const T2 *, T2)","1","7","(256, 1, 1)","(512, 64, 1)","0","8.0","Command line profiler metrics","lts__t_sectors.avg.pct_of_peak_sustained_elapsed","%","17.97"
"489","583630","python3.8","127.0.0.1","void cudnn::ops::nchwToNhwcKernel<float, float, float, (bool)0, (bool)1, (cudnnKernelDataType_t)2>(cudnn::ops::nchw2nhwc_params_t<T3>, const T1 *, T2 *)","1","7","(256, 1, 1)","(98, 8, 64)","0","8.0","Command line profiler metrics","dram__throughput.avg.pct_of_peak_sustained_elapsed","%","69.18"
"489","583630","python3.8","127.0.0.1","void cudnn::ops::nchwToNhwcKernel<float, float, float, (bool)0, (bool)1, (cudnnKernelDataType_t)2>(cudnn::ops::nchw2nhwc_params_t<T3>, const T1 *, T2 *)","1","7","(256, 1, 1)","(98, 8, 64)","0","8.0","Command line profiler metrics","gpu__time_duration.sum","nsecond","296704"
"489","583630","python3.8","127.0.0.1","void cudnn::ops::nchwToNhwcKernel<float, float, float, (bool)0, (bool)1, (cudnnKernelDataType_t)2>(cudnn::ops::nchw2nhwc_params_t<T3>, const T1 *, T2 *)","1","7","(256, 1, 1)","(98, 8, 64)","0","8.0","Command line profiler metrics","lts__t_sectors.avg.pct_of_peak_sustained_elapsed","%","35.03"
"490","583630","python3.8","127.0.0.1","void cudnn::ops::nchwToNhwcKernel<float, float, float, (bool)0, (bool)1, (cudnnKernelDataType_t)2>(cudnn::ops::nchw2nhwc_params_t<T3>, const T1 *, T2 *)","1","7","(256, 1, 1)","(1, 8, 512)","0","8.0","Command line profiler metrics","dram__throughput.avg.pct_of_peak_sustained_elapsed","%","1.22"
"490","583630","python3.8","127.0.0.1","void cudnn::ops::nchwToNhwcKernel<float, float, float, (bool)0, (bool)1, (cudnnKernelDataType_t)2>(cudnn::ops::nchw2nhwc_params_t<T3>, const T1 *, T2 *)","1","7","(256, 1, 1)","(1, 8, 512)","0","8.0","Command line profiler metrics","gpu__time_duration.sum","nsecond","22656"
"490","583630","python3.8","127.0.0.1","void cudnn::ops::nchwToNhwcKernel<float, float, float, (bool)0, (bool)1, (cudnnKernelDataType_t)2>(cudnn::ops::nchw2nhwc_params_t<T3>, const T1 *, T2 *)","1","7","(256, 1, 1)","(1, 8, 512)","0","8.0","Command line profiler metrics","lts__t_sectors.avg.pct_of_peak_sustained_elapsed","%","1.25"
"491","583630","python3.8","127.0.0.1","sm80_xmma_fprop_implicit_gemm_indexed_tf32f32_tf32f32_f32_nhwckrsc_nchw_tilesize128x128x16_stage4_warpsize2x2x1_g1_tensor16x8x8_execute_kernel_cudnn","1","7","(128, 1, 1)","(4, 392, 1)","0","8.0","Command line profiler metrics","dram__throughput.avg.pct_of_peak_sustained_elapsed","%","19.12"
"491","583630","python3.8","127.0.0.1","sm80_xmma_fprop_implicit_gemm_indexed_tf32f32_tf32f32_f32_nhwckrsc_nchw_tilesize128x128x16_stage4_warpsize2x2x1_g1_tensor16x8x8_execute_kernel_cudnn","1","7","(128, 1, 1)","(4, 392, 1)","0","8.0","Command line profiler metrics","gpu__time_duration.sum","nsecond","373312"
"491","583630","python3.8","127.0.0.1","sm80_xmma_fprop_implicit_gemm_indexed_tf32f32_tf32f32_f32_nhwckrsc_nchw_tilesize128x128x16_stage4_warpsize2x2x1_g1_tensor16x8x8_execute_kernel_cudnn","1","7","(128, 1, 1)","(4, 392, 1)","0","8.0","Command line profiler metrics","lts__t_sectors.avg.pct_of_peak_sustained_elapsed","%","23.98"
"492","583630","python3.8","127.0.0.1","void cudnn::bn_fw_inf_1C11_kernel_NCHW<float, float, (bool)1, (int)1>(T2, T2, cudnnTensorStruct, const T1 *, cudnnTensorStruct, T1 *, cudnnTensorStruct, const T2 *, const T2 *, const T2 *, const T2 *, T2)","1","7","(256, 1, 1)","(512, 64, 1)","0","8.0","Command line profiler metrics","dram__throughput.avg.pct_of_peak_sustained_elapsed","%","34.61"
"492","583630","python3.8","127.0.0.1","void cudnn::bn_fw_inf_1C11_kernel_NCHW<float, float, (bool)1, (int)1>(T2, T2, cudnnTensorStruct, const T1 *, cudnnTensorStruct, T1 *, cudnnTensorStruct, const T2 *, const T2 *, const T2 *, const T2 *, T2)","1","7","(256, 1, 1)","(512, 64, 1)","0","8.0","Command line profiler metrics","gpu__time_duration.sum","nsecond","288000"
"492","583630","python3.8","127.0.0.1","void cudnn::bn_fw_inf_1C11_kernel_NCHW<float, float, (bool)1, (int)1>(T2, T2, cudnnTensorStruct, const T1 *, cudnnTensorStruct, T1 *, cudnnTensorStruct, const T2 *, const T2 *, const T2 *, const T2 *, T2)","1","7","(256, 1, 1)","(512, 64, 1)","0","8.0","Command line profiler metrics","lts__t_sectors.avg.pct_of_peak_sustained_elapsed","%","17.85"
"493","583630","python3.8","127.0.0.1","void at::native::vectorized_elementwise_kernel<(int)4, at::native::CUDAFunctor_add<float>, at::detail::Array<char *, (int)3>>(int, T2, T3)","1","7","(128, 1, 1)","(50176, 1, 1)","0","8.0","Command line profiler metrics","dram__throughput.avg.pct_of_peak_sustained_elapsed","%","87.31"
"493","583630","python3.8","127.0.0.1","void at::native::vectorized_elementwise_kernel<(int)4, at::native::CUDAFunctor_add<float>, at::detail::Array<char *, (int)3>>(int, T2, T3)","1","7","(128, 1, 1)","(50176, 1, 1)","0","8.0","Command line profiler metrics","gpu__time_duration.sum","nsecond","174528"
"493","583630","python3.8","127.0.0.1","void at::native::vectorized_elementwise_kernel<(int)4, at::native::CUDAFunctor_add<float>, at::detail::Array<char *, (int)3>>(int, T2, T3)","1","7","(128, 1, 1)","(50176, 1, 1)","0","8.0","Command line profiler metrics","lts__t_sectors.avg.pct_of_peak_sustained_elapsed","%","40.56"
"494","583630","python3.8","127.0.0.1","void at::native::vectorized_elementwise_kernel<(int)4, at::native::<unnamed>::launch_clamp_scalar(at::TensorIteratorBase &, c10::Scalar, c10::Scalar, at::native::detail::ClampLimits)::[lambda() (instance 1)]::operator ()() const::[lambda() (instance 14)]::operator ()() const::[lambda(float) (instance 1)], at::detail::Array<char *, (int)2>>(int, T2, T3)","1","7","(128, 1, 1)","(50176, 1, 1)","0","8.0","Command line profiler metrics","dram__throughput.avg.pct_of_peak_sustained_elapsed","%","74.79"
"494","583630","python3.8","127.0.0.1","void at::native::vectorized_elementwise_kernel<(int)4, at::native::<unnamed>::launch_clamp_scalar(at::TensorIteratorBase &, c10::Scalar, c10::Scalar, at::native::detail::ClampLimits)::[lambda() (instance 1)]::operator ()() const::[lambda() (instance 14)]::operator ()() const::[lambda(float) (instance 1)], at::detail::Array<char *, (int)2>>(int, T2, T3)","1","7","(128, 1, 1)","(50176, 1, 1)","0","8.0","Command line profiler metrics","gpu__time_duration.sum","nsecond","129248"
"494","583630","python3.8","127.0.0.1","void at::native::vectorized_elementwise_kernel<(int)4, at::native::<unnamed>::launch_clamp_scalar(at::TensorIteratorBase &, c10::Scalar, c10::Scalar, at::native::detail::ClampLimits)::[lambda() (instance 1)]::operator ()() const::[lambda() (instance 14)]::operator ()() const::[lambda(float) (instance 1)], at::detail::Array<char *, (int)2>>(int, T2, T3)","1","7","(128, 1, 1)","(50176, 1, 1)","0","8.0","Command line profiler metrics","lts__t_sectors.avg.pct_of_peak_sustained_elapsed","%","34.47"
"495","583630","python3.8","127.0.0.1","void cutlass::Kernel<cutlass_80_tensorop_s1688gemm_256x64_16x4_nn_align4>(T1::Params)","1","7","(128, 1, 1)","(8, 1, 64)","0","8.0","Command line profiler metrics","dram__throughput.avg.pct_of_peak_sustained_elapsed","%","31.48"
"495","583630","python3.8","127.0.0.1","void cutlass::Kernel<cutlass_80_tensorop_s1688gemm_256x64_16x4_nn_align4>(T1::Params)","1","7","(128, 1, 1)","(8, 1, 64)","0","8.0","Command line profiler metrics","gpu__time_duration.sum","nsecond","203520"
"495","583630","python3.8","127.0.0.1","void cutlass::Kernel<cutlass_80_tensorop_s1688gemm_256x64_16x4_nn_align4>(T1::Params)","1","7","(128, 1, 1)","(8, 1, 64)","0","8.0","Command line profiler metrics","lts__t_sectors.avg.pct_of_peak_sustained_elapsed","%","29.63"
"496","583630","python3.8","127.0.0.1","void cudnn::bn_fw_inf_1C11_kernel_NCHW<float, float, (bool)1, (int)1>(T2, T2, cudnnTensorStruct, const T1 *, cudnnTensorStruct, T1 *, cudnnTensorStruct, const T2 *, const T2 *, const T2 *, const T2 *, T2)","1","7","(256, 1, 1)","(128, 64, 1)","0","8.0","Command line profiler metrics","dram__throughput.avg.pct_of_peak_sustained_elapsed","%","29.49"
"496","583630","python3.8","127.0.0.1","void cudnn::bn_fw_inf_1C11_kernel_NCHW<float, float, (bool)1, (int)1>(T2, T2, cudnnTensorStruct, const T1 *, cudnnTensorStruct, T1 *, cudnnTensorStruct, const T2 *, const T2 *, const T2 *, const T2 *, T2)","1","7","(256, 1, 1)","(128, 64, 1)","0","8.0","Command line profiler metrics","gpu__time_duration.sum","nsecond","68192"
"496","583630","python3.8","127.0.0.1","void cudnn::bn_fw_inf_1C11_kernel_NCHW<float, float, (bool)1, (int)1>(T2, T2, cudnnTensorStruct, const T1 *, cudnnTensorStruct, T1 *, cudnnTensorStruct, const T2 *, const T2 *, const T2 *, const T2 *, T2)","1","7","(256, 1, 1)","(128, 64, 1)","0","8.0","Command line profiler metrics","lts__t_sectors.avg.pct_of_peak_sustained_elapsed","%","17.10"
"497","583630","python3.8","127.0.0.1","void at::native::vectorized_elementwise_kernel<(int)4, at::native::<unnamed>::launch_clamp_scalar(at::TensorIteratorBase &, c10::Scalar, c10::Scalar, at::native::detail::ClampLimits)::[lambda() (instance 1)]::operator ()() const::[lambda() (instance 14)]::operator ()() const::[lambda(float) (instance 1)], at::detail::Array<char *, (int)2>>(int, T2, T3)","1","7","(128, 1, 1)","(12544, 1, 1)","0","8.0","Command line profiler metrics","dram__throughput.avg.pct_of_peak_sustained_elapsed","%","50.30"
"497","583630","python3.8","127.0.0.1","void at::native::vectorized_elementwise_kernel<(int)4, at::native::<unnamed>::launch_clamp_scalar(at::TensorIteratorBase &, c10::Scalar, c10::Scalar, at::native::detail::ClampLimits)::[lambda() (instance 1)]::operator ()() const::[lambda() (instance 14)]::operator ()() const::[lambda(float) (instance 1)], at::detail::Array<char *, (int)2>>(int, T2, T3)","1","7","(128, 1, 1)","(12544, 1, 1)","0","8.0","Command line profiler metrics","gpu__time_duration.sum","nsecond","33856"
"497","583630","python3.8","127.0.0.1","void at::native::vectorized_elementwise_kernel<(int)4, at::native::<unnamed>::launch_clamp_scalar(at::TensorIteratorBase &, c10::Scalar, c10::Scalar, at::native::detail::ClampLimits)::[lambda() (instance 1)]::operator ()() const::[lambda() (instance 14)]::operator ()() const::[lambda(float) (instance 1)], at::detail::Array<char *, (int)2>>(int, T2, T3)","1","7","(128, 1, 1)","(12544, 1, 1)","0","8.0","Command line profiler metrics","lts__t_sectors.avg.pct_of_peak_sustained_elapsed","%","29.88"
"498","583630","python3.8","127.0.0.1","void cudnn::ops::nchwToNhwcKernel<float, float, float, (bool)0, (bool)1, (cudnnKernelDataType_t)2>(cudnn::ops::nchw2nhwc_params_t<T3>, const T1 *, T2 *)","1","7","(256, 1, 1)","(25, 4, 64)","0","8.0","Command line profiler metrics","dram__throughput.avg.pct_of_peak_sustained_elapsed","%","49.37"
"498","583630","python3.8","127.0.0.1","void cudnn::ops::nchwToNhwcKernel<float, float, float, (bool)0, (bool)1, (cudnnKernelDataType_t)2>(cudnn::ops::nchw2nhwc_params_t<T3>, const T1 *, T2 *)","1","7","(256, 1, 1)","(25, 4, 64)","0","8.0","Command line profiler metrics","gpu__time_duration.sum","nsecond","40352"
"498","583630","python3.8","127.0.0.1","void cudnn::ops::nchwToNhwcKernel<float, float, float, (bool)0, (bool)1, (cudnnKernelDataType_t)2>(cudnn::ops::nchw2nhwc_params_t<T3>, const T1 *, T2 *)","1","7","(256, 1, 1)","(25, 4, 64)","0","8.0","Command line profiler metrics","lts__t_sectors.avg.pct_of_peak_sustained_elapsed","%","30.98"
"499","583630","python3.8","127.0.0.1","void cudnn::ops::nchwToNhwcKernel<float, float, float, (bool)0, (bool)1, (cudnnKernelDataType_t)2>(cudnn::ops::nchw2nhwc_params_t<T3>, const T1 *, T2 *)","1","7","(256, 1, 1)","(1, 4, 128)","0","8.0","Command line profiler metrics","dram__throughput.avg.pct_of_peak_sustained_elapsed","%","3.81"
"499","583630","python3.8","127.0.0.1","void cudnn::ops::nchwToNhwcKernel<float, float, float, (bool)0, (bool)1, (cudnnKernelDataType_t)2>(cudnn::ops::nchw2nhwc_params_t<T3>, const T1 *, T2 *)","1","7","(256, 1, 1)","(1, 4, 128)","0","8.0","Command line profiler metrics","gpu__time_duration.sum","nsecond","8192"
"499","583630","python3.8","127.0.0.1","void cudnn::ops::nchwToNhwcKernel<float, float, float, (bool)0, (bool)1, (cudnnKernelDataType_t)2>(cudnn::ops::nchw2nhwc_params_t<T3>, const T1 *, T2 *)","1","7","(256, 1, 1)","(1, 4, 128)","0","8.0","Command line profiler metrics","lts__t_sectors.avg.pct_of_peak_sustained_elapsed","%","3.36"
"500","583630","python3.8","127.0.0.1","sm80_xmma_fprop_implicit_gemm_indexed_tf32f32_tf32f32_f32_nhwckrsc_nchw_tilesize128x128x16_stage4_warpsize2x2x1_g1_tensor16x8x8_execute_kernel_cudnn","1","7","(128, 1, 1)","(1, 392, 1)","0","8.0","Command line profiler metrics","dram__throughput.avg.pct_of_peak_sustained_elapsed","%","6.55"
"500","583630","python3.8","127.0.0.1","sm80_xmma_fprop_implicit_gemm_indexed_tf32f32_tf32f32_f32_nhwckrsc_nchw_tilesize128x128x16_stage4_warpsize2x2x1_g1_tensor16x8x8_execute_kernel_cudnn","1","7","(128, 1, 1)","(1, 392, 1)","0","8.0","Command line profiler metrics","gpu__time_duration.sum","nsecond","304736"
"500","583630","python3.8","127.0.0.1","sm80_xmma_fprop_implicit_gemm_indexed_tf32f32_tf32f32_f32_nhwckrsc_nchw_tilesize128x128x16_stage4_warpsize2x2x1_g1_tensor16x8x8_execute_kernel_cudnn","1","7","(128, 1, 1)","(1, 392, 1)","0","8.0","Command line profiler metrics","lts__t_sectors.avg.pct_of_peak_sustained_elapsed","%","21.99"
"501","583630","python3.8","127.0.0.1","void cudnn::bn_fw_inf_1C11_kernel_NCHW<float, float, (bool)1, (int)1>(T2, T2, cudnnTensorStruct, const T1 *, cudnnTensorStruct, T1 *, cudnnTensorStruct, const T2 *, const T2 *, const T2 *, const T2 *, T2)","1","7","(256, 1, 1)","(128, 64, 1)","0","8.0","Command line profiler metrics","dram__throughput.avg.pct_of_peak_sustained_elapsed","%","29.66"
"501","583630","python3.8","127.0.0.1","void cudnn::bn_fw_inf_1C11_kernel_NCHW<float, float, (bool)1, (int)1>(T2, T2, cudnnTensorStruct, const T1 *, cudnnTensorStruct, T1 *, cudnnTensorStruct, const T2 *, const T2 *, const T2 *, const T2 *, T2)","1","7","(256, 1, 1)","(128, 64, 1)","0","8.0","Command line profiler metrics","gpu__time_duration.sum","nsecond","67808"
"501","583630","python3.8","127.0.0.1","void cudnn::bn_fw_inf_1C11_kernel_NCHW<float, float, (bool)1, (int)1>(T2, T2, cudnnTensorStruct, const T1 *, cudnnTensorStruct, T1 *, cudnnTensorStruct, const T2 *, const T2 *, const T2 *, const T2 *, T2)","1","7","(256, 1, 1)","(128, 64, 1)","0","8.0","Command line profiler metrics","lts__t_sectors.avg.pct_of_peak_sustained_elapsed","%","17.45"
"502","583630","python3.8","127.0.0.1","void at::native::vectorized_elementwise_kernel<(int)4, at::native::<unnamed>::launch_clamp_scalar(at::TensorIteratorBase &, c10::Scalar, c10::Scalar, at::native::detail::ClampLimits)::[lambda() (instance 1)]::operator ()() const::[lambda() (instance 14)]::operator ()() const::[lambda(float) (instance 1)], at::detail::Array<char *, (int)2>>(int, T2, T3)","1","7","(128, 1, 1)","(12544, 1, 1)","0","8.0","Command line profiler metrics","dram__throughput.avg.pct_of_peak_sustained_elapsed","%","49.71"
"502","583630","python3.8","127.0.0.1","void at::native::vectorized_elementwise_kernel<(int)4, at::native::<unnamed>::launch_clamp_scalar(at::TensorIteratorBase &, c10::Scalar, c10::Scalar, at::native::detail::ClampLimits)::[lambda() (instance 1)]::operator ()() const::[lambda() (instance 14)]::operator ()() const::[lambda(float) (instance 1)], at::detail::Array<char *, (int)2>>(int, T2, T3)","1","7","(128, 1, 1)","(12544, 1, 1)","0","8.0","Command line profiler metrics","gpu__time_duration.sum","nsecond","34272"
"502","583630","python3.8","127.0.0.1","void at::native::vectorized_elementwise_kernel<(int)4, at::native::<unnamed>::launch_clamp_scalar(at::TensorIteratorBase &, c10::Scalar, c10::Scalar, at::native::detail::ClampLimits)::[lambda() (instance 1)]::operator ()() const::[lambda() (instance 14)]::operator ()() const::[lambda(float) (instance 1)], at::detail::Array<char *, (int)2>>(int, T2, T3)","1","7","(128, 1, 1)","(12544, 1, 1)","0","8.0","Command line profiler metrics","lts__t_sectors.avg.pct_of_peak_sustained_elapsed","%","29.40"
"503","583630","python3.8","127.0.0.1","void cutlass::Kernel<cutlass_80_tensorop_s1688gemm_256x64_16x4_nn_align4>(T1::Params)","1","7","(128, 1, 1)","(32, 1, 64)","0","8.0","Command line profiler metrics","dram__throughput.avg.pct_of_peak_sustained_elapsed","%","20.65"
"503","583630","python3.8","127.0.0.1","void cutlass::Kernel<cutlass_80_tensorop_s1688gemm_256x64_16x4_nn_align4>(T1::Params)","1","7","(128, 1, 1)","(32, 1, 64)","0","8.0","Command line profiler metrics","gpu__time_duration.sum","nsecond","277184"
"503","583630","python3.8","127.0.0.1","void cutlass::Kernel<cutlass_80_tensorop_s1688gemm_256x64_16x4_nn_align4>(T1::Params)","1","7","(128, 1, 1)","(32, 1, 64)","0","8.0","Command line profiler metrics","lts__t_sectors.avg.pct_of_peak_sustained_elapsed","%","23.93"
"504","583630","python3.8","127.0.0.1","void cudnn::bn_fw_inf_1C11_kernel_NCHW<float, float, (bool)1, (int)1>(T2, T2, cudnnTensorStruct, const T1 *, cudnnTensorStruct, T1 *, cudnnTensorStruct, const T2 *, const T2 *, const T2 *, const T2 *, T2)","1","7","(256, 1, 1)","(512, 64, 1)","0","8.0","Command line profiler metrics","dram__throughput.avg.pct_of_peak_sustained_elapsed","%","34.65"
"504","583630","python3.8","127.0.0.1","void cudnn::bn_fw_inf_1C11_kernel_NCHW<float, float, (bool)1, (int)1>(T2, T2, cudnnTensorStruct, const T1 *, cudnnTensorStruct, T1 *, cudnnTensorStruct, const T2 *, const T2 *, const T2 *, const T2 *, T2)","1","7","(256, 1, 1)","(512, 64, 1)","0","8.0","Command line profiler metrics","gpu__time_duration.sum","nsecond","288096"
"504","583630","python3.8","127.0.0.1","void cudnn::bn_fw_inf_1C11_kernel_NCHW<float, float, (bool)1, (int)1>(T2, T2, cudnnTensorStruct, const T1 *, cudnnTensorStruct, T1 *, cudnnTensorStruct, const T2 *, const T2 *, const T2 *, const T2 *, T2)","1","7","(256, 1, 1)","(512, 64, 1)","0","8.0","Command line profiler metrics","lts__t_sectors.avg.pct_of_peak_sustained_elapsed","%","17.89"
"505","583630","python3.8","127.0.0.1","void at::native::vectorized_elementwise_kernel<(int)4, at::native::CUDAFunctor_add<float>, at::detail::Array<char *, (int)3>>(int, T2, T3)","1","7","(128, 1, 1)","(50176, 1, 1)","0","8.0","Command line profiler metrics","dram__throughput.avg.pct_of_peak_sustained_elapsed","%","86.52"
"505","583630","python3.8","127.0.0.1","void at::native::vectorized_elementwise_kernel<(int)4, at::native::CUDAFunctor_add<float>, at::detail::Array<char *, (int)3>>(int, T2, T3)","1","7","(128, 1, 1)","(50176, 1, 1)","0","8.0","Command line profiler metrics","gpu__time_duration.sum","nsecond","176160"
"505","583630","python3.8","127.0.0.1","void at::native::vectorized_elementwise_kernel<(int)4, at::native::CUDAFunctor_add<float>, at::detail::Array<char *, (int)3>>(int, T2, T3)","1","7","(128, 1, 1)","(50176, 1, 1)","0","8.0","Command line profiler metrics","lts__t_sectors.avg.pct_of_peak_sustained_elapsed","%","40.20"
"506","583630","python3.8","127.0.0.1","void at::native::vectorized_elementwise_kernel<(int)4, at::native::<unnamed>::launch_clamp_scalar(at::TensorIteratorBase &, c10::Scalar, c10::Scalar, at::native::detail::ClampLimits)::[lambda() (instance 1)]::operator ()() const::[lambda() (instance 14)]::operator ()() const::[lambda(float) (instance 1)], at::detail::Array<char *, (int)2>>(int, T2, T3)","1","7","(128, 1, 1)","(50176, 1, 1)","0","8.0","Command line profiler metrics","dram__throughput.avg.pct_of_peak_sustained_elapsed","%","74.95"
"506","583630","python3.8","127.0.0.1","void at::native::vectorized_elementwise_kernel<(int)4, at::native::<unnamed>::launch_clamp_scalar(at::TensorIteratorBase &, c10::Scalar, c10::Scalar, at::native::detail::ClampLimits)::[lambda() (instance 1)]::operator ()() const::[lambda() (instance 14)]::operator ()() const::[lambda(float) (instance 1)], at::detail::Array<char *, (int)2>>(int, T2, T3)","1","7","(128, 1, 1)","(50176, 1, 1)","0","8.0","Command line profiler metrics","gpu__time_duration.sum","nsecond","128992"
"506","583630","python3.8","127.0.0.1","void at::native::vectorized_elementwise_kernel<(int)4, at::native::<unnamed>::launch_clamp_scalar(at::TensorIteratorBase &, c10::Scalar, c10::Scalar, at::native::detail::ClampLimits)::[lambda() (instance 1)]::operator ()() const::[lambda() (instance 14)]::operator ()() const::[lambda(float) (instance 1)], at::detail::Array<char *, (int)2>>(int, T2, T3)","1","7","(128, 1, 1)","(50176, 1, 1)","0","8.0","Command line profiler metrics","lts__t_sectors.avg.pct_of_peak_sustained_elapsed","%","34.44"
"507","583630","python3.8","127.0.0.1","void cutlass::Kernel<cutlass_80_tensorop_s1688gemm_256x64_16x4_nn_align4>(T1::Params)","1","7","(128, 1, 1)","(8, 1, 64)","0","8.0","Command line profiler metrics","dram__throughput.avg.pct_of_peak_sustained_elapsed","%","31.19"
"507","583630","python3.8","127.0.0.1","void cutlass::Kernel<cutlass_80_tensorop_s1688gemm_256x64_16x4_nn_align4>(T1::Params)","1","7","(128, 1, 1)","(8, 1, 64)","0","8.0","Command line profiler metrics","gpu__time_duration.sum","nsecond","205056"
"507","583630","python3.8","127.0.0.1","void cutlass::Kernel<cutlass_80_tensorop_s1688gemm_256x64_16x4_nn_align4>(T1::Params)","1","7","(128, 1, 1)","(8, 1, 64)","0","8.0","Command line profiler metrics","lts__t_sectors.avg.pct_of_peak_sustained_elapsed","%","29.32"
"508","583630","python3.8","127.0.0.1","void cudnn::bn_fw_inf_1C11_kernel_NCHW<float, float, (bool)1, (int)1>(T2, T2, cudnnTensorStruct, const T1 *, cudnnTensorStruct, T1 *, cudnnTensorStruct, const T2 *, const T2 *, const T2 *, const T2 *, T2)","1","7","(256, 1, 1)","(128, 64, 1)","0","8.0","Command line profiler metrics","dram__throughput.avg.pct_of_peak_sustained_elapsed","%","29.83"
"508","583630","python3.8","127.0.0.1","void cudnn::bn_fw_inf_1C11_kernel_NCHW<float, float, (bool)1, (int)1>(T2, T2, cudnnTensorStruct, const T1 *, cudnnTensorStruct, T1 *, cudnnTensorStruct, const T2 *, const T2 *, const T2 *, const T2 *, T2)","1","7","(256, 1, 1)","(128, 64, 1)","0","8.0","Command line profiler metrics","gpu__time_duration.sum","nsecond","67552"
"508","583630","python3.8","127.0.0.1","void cudnn::bn_fw_inf_1C11_kernel_NCHW<float, float, (bool)1, (int)1>(T2, T2, cudnnTensorStruct, const T1 *, cudnnTensorStruct, T1 *, cudnnTensorStruct, const T2 *, const T2 *, const T2 *, const T2 *, T2)","1","7","(256, 1, 1)","(128, 64, 1)","0","8.0","Command line profiler metrics","lts__t_sectors.avg.pct_of_peak_sustained_elapsed","%","17.27"
"509","583630","python3.8","127.0.0.1","void at::native::vectorized_elementwise_kernel<(int)4, at::native::<unnamed>::launch_clamp_scalar(at::TensorIteratorBase &, c10::Scalar, c10::Scalar, at::native::detail::ClampLimits)::[lambda() (instance 1)]::operator ()() const::[lambda() (instance 14)]::operator ()() const::[lambda(float) (instance 1)], at::detail::Array<char *, (int)2>>(int, T2, T3)","1","7","(128, 1, 1)","(12544, 1, 1)","0","8.0","Command line profiler metrics","dram__throughput.avg.pct_of_peak_sustained_elapsed","%","49.94"
"509","583630","python3.8","127.0.0.1","void at::native::vectorized_elementwise_kernel<(int)4, at::native::<unnamed>::launch_clamp_scalar(at::TensorIteratorBase &, c10::Scalar, c10::Scalar, at::native::detail::ClampLimits)::[lambda() (instance 1)]::operator ()() const::[lambda() (instance 14)]::operator ()() const::[lambda(float) (instance 1)], at::detail::Array<char *, (int)2>>(int, T2, T3)","1","7","(128, 1, 1)","(12544, 1, 1)","0","8.0","Command line profiler metrics","gpu__time_duration.sum","nsecond","34112"
"509","583630","python3.8","127.0.0.1","void at::native::vectorized_elementwise_kernel<(int)4, at::native::<unnamed>::launch_clamp_scalar(at::TensorIteratorBase &, c10::Scalar, c10::Scalar, at::native::detail::ClampLimits)::[lambda() (instance 1)]::operator ()() const::[lambda() (instance 14)]::operator ()() const::[lambda(float) (instance 1)], at::detail::Array<char *, (int)2>>(int, T2, T3)","1","7","(128, 1, 1)","(12544, 1, 1)","0","8.0","Command line profiler metrics","lts__t_sectors.avg.pct_of_peak_sustained_elapsed","%","29.47"
"510","583630","python3.8","127.0.0.1","void cudnn::ops::nchwToNhwcKernel<float, float, float, (bool)0, (bool)1, (cudnnKernelDataType_t)2>(cudnn::ops::nchw2nhwc_params_t<T3>, const T1 *, T2 *)","1","7","(256, 1, 1)","(25, 4, 64)","0","8.0","Command line profiler metrics","dram__throughput.avg.pct_of_peak_sustained_elapsed","%","48.78"
"510","583630","python3.8","127.0.0.1","void cudnn::ops::nchwToNhwcKernel<float, float, float, (bool)0, (bool)1, (cudnnKernelDataType_t)2>(cudnn::ops::nchw2nhwc_params_t<T3>, const T1 *, T2 *)","1","7","(256, 1, 1)","(25, 4, 64)","0","8.0","Command line profiler metrics","gpu__time_duration.sum","nsecond","40864"
"510","583630","python3.8","127.0.0.1","void cudnn::ops::nchwToNhwcKernel<float, float, float, (bool)0, (bool)1, (cudnnKernelDataType_t)2>(cudnn::ops::nchw2nhwc_params_t<T3>, const T1 *, T2 *)","1","7","(256, 1, 1)","(25, 4, 64)","0","8.0","Command line profiler metrics","lts__t_sectors.avg.pct_of_peak_sustained_elapsed","%","30.61"
"511","583630","python3.8","127.0.0.1","void cudnn::ops::nchwToNhwcKernel<float, float, float, (bool)0, (bool)1, (cudnnKernelDataType_t)2>(cudnn::ops::nchw2nhwc_params_t<T3>, const T1 *, T2 *)","1","7","(256, 1, 1)","(1, 4, 128)","0","8.0","Command line profiler metrics","dram__throughput.avg.pct_of_peak_sustained_elapsed","%","3.79"
"511","583630","python3.8","127.0.0.1","void cudnn::ops::nchwToNhwcKernel<float, float, float, (bool)0, (bool)1, (cudnnKernelDataType_t)2>(cudnn::ops::nchw2nhwc_params_t<T3>, const T1 *, T2 *)","1","7","(256, 1, 1)","(1, 4, 128)","0","8.0","Command line profiler metrics","gpu__time_duration.sum","nsecond","8192"
"511","583630","python3.8","127.0.0.1","void cudnn::ops::nchwToNhwcKernel<float, float, float, (bool)0, (bool)1, (cudnnKernelDataType_t)2>(cudnn::ops::nchw2nhwc_params_t<T3>, const T1 *, T2 *)","1","7","(256, 1, 1)","(1, 4, 128)","0","8.0","Command line profiler metrics","lts__t_sectors.avg.pct_of_peak_sustained_elapsed","%","3.47"
"512","583630","python3.8","127.0.0.1","sm80_xmma_fprop_implicit_gemm_indexed_tf32f32_tf32f32_f32_nhwckrsc_nchw_tilesize128x128x16_stage4_warpsize2x2x1_g1_tensor16x8x8_execute_kernel_cudnn","1","7","(128, 1, 1)","(1, 392, 1)","0","8.0","Command line profiler metrics","dram__throughput.avg.pct_of_peak_sustained_elapsed","%","6.54"
"512","583630","python3.8","127.0.0.1","sm80_xmma_fprop_implicit_gemm_indexed_tf32f32_tf32f32_f32_nhwckrsc_nchw_tilesize128x128x16_stage4_warpsize2x2x1_g1_tensor16x8x8_execute_kernel_cudnn","1","7","(128, 1, 1)","(1, 392, 1)","0","8.0","Command line profiler metrics","gpu__time_duration.sum","nsecond","304928"
"512","583630","python3.8","127.0.0.1","sm80_xmma_fprop_implicit_gemm_indexed_tf32f32_tf32f32_f32_nhwckrsc_nchw_tilesize128x128x16_stage4_warpsize2x2x1_g1_tensor16x8x8_execute_kernel_cudnn","1","7","(128, 1, 1)","(1, 392, 1)","0","8.0","Command line profiler metrics","lts__t_sectors.avg.pct_of_peak_sustained_elapsed","%","21.95"
"513","583630","python3.8","127.0.0.1","void cudnn::bn_fw_inf_1C11_kernel_NCHW<float, float, (bool)1, (int)1>(T2, T2, cudnnTensorStruct, const T1 *, cudnnTensorStruct, T1 *, cudnnTensorStruct, const T2 *, const T2 *, const T2 *, const T2 *, T2)","1","7","(256, 1, 1)","(128, 64, 1)","0","8.0","Command line profiler metrics","dram__throughput.avg.pct_of_peak_sustained_elapsed","%","29.31"
"513","583630","python3.8","127.0.0.1","void cudnn::bn_fw_inf_1C11_kernel_NCHW<float, float, (bool)1, (int)1>(T2, T2, cudnnTensorStruct, const T1 *, cudnnTensorStruct, T1 *, cudnnTensorStruct, const T2 *, const T2 *, const T2 *, const T2 *, T2)","1","7","(256, 1, 1)","(128, 64, 1)","0","8.0","Command line profiler metrics","gpu__time_duration.sum","nsecond","68480"
"513","583630","python3.8","127.0.0.1","void cudnn::bn_fw_inf_1C11_kernel_NCHW<float, float, (bool)1, (int)1>(T2, T2, cudnnTensorStruct, const T1 *, cudnnTensorStruct, T1 *, cudnnTensorStruct, const T2 *, const T2 *, const T2 *, const T2 *, T2)","1","7","(256, 1, 1)","(128, 64, 1)","0","8.0","Command line profiler metrics","lts__t_sectors.avg.pct_of_peak_sustained_elapsed","%","17.23"
"514","583630","python3.8","127.0.0.1","void at::native::vectorized_elementwise_kernel<(int)4, at::native::<unnamed>::launch_clamp_scalar(at::TensorIteratorBase &, c10::Scalar, c10::Scalar, at::native::detail::ClampLimits)::[lambda() (instance 1)]::operator ()() const::[lambda() (instance 14)]::operator ()() const::[lambda(float) (instance 1)], at::detail::Array<char *, (int)2>>(int, T2, T3)","1","7","(128, 1, 1)","(12544, 1, 1)","0","8.0","Command line profiler metrics","dram__throughput.avg.pct_of_peak_sustained_elapsed","%","50.08"
"514","583630","python3.8","127.0.0.1","void at::native::vectorized_elementwise_kernel<(int)4, at::native::<unnamed>::launch_clamp_scalar(at::TensorIteratorBase &, c10::Scalar, c10::Scalar, at::native::detail::ClampLimits)::[lambda() (instance 1)]::operator ()() const::[lambda() (instance 14)]::operator ()() const::[lambda(float) (instance 1)], at::detail::Array<char *, (int)2>>(int, T2, T3)","1","7","(128, 1, 1)","(12544, 1, 1)","0","8.0","Command line profiler metrics","gpu__time_duration.sum","nsecond","33920"
"514","583630","python3.8","127.0.0.1","void at::native::vectorized_elementwise_kernel<(int)4, at::native::<unnamed>::launch_clamp_scalar(at::TensorIteratorBase &, c10::Scalar, c10::Scalar, at::native::detail::ClampLimits)::[lambda() (instance 1)]::operator ()() const::[lambda() (instance 14)]::operator ()() const::[lambda(float) (instance 1)], at::detail::Array<char *, (int)2>>(int, T2, T3)","1","7","(128, 1, 1)","(12544, 1, 1)","0","8.0","Command line profiler metrics","lts__t_sectors.avg.pct_of_peak_sustained_elapsed","%","29.77"
"515","583630","python3.8","127.0.0.1","void cutlass::Kernel<cutlass_80_tensorop_s1688gemm_256x64_16x4_nn_align4>(T1::Params)","1","7","(128, 1, 1)","(32, 1, 64)","0","8.0","Command line profiler metrics","dram__throughput.avg.pct_of_peak_sustained_elapsed","%","20.51"
"515","583630","python3.8","127.0.0.1","void cutlass::Kernel<cutlass_80_tensorop_s1688gemm_256x64_16x4_nn_align4>(T1::Params)","1","7","(128, 1, 1)","(32, 1, 64)","0","8.0","Command line profiler metrics","gpu__time_duration.sum","nsecond","278688"
"515","583630","python3.8","127.0.0.1","void cutlass::Kernel<cutlass_80_tensorop_s1688gemm_256x64_16x4_nn_align4>(T1::Params)","1","7","(128, 1, 1)","(32, 1, 64)","0","8.0","Command line profiler metrics","lts__t_sectors.avg.pct_of_peak_sustained_elapsed","%","23.79"
"516","583630","python3.8","127.0.0.1","void cudnn::bn_fw_inf_1C11_kernel_NCHW<float, float, (bool)1, (int)1>(T2, T2, cudnnTensorStruct, const T1 *, cudnnTensorStruct, T1 *, cudnnTensorStruct, const T2 *, const T2 *, const T2 *, const T2 *, T2)","1","7","(256, 1, 1)","(512, 64, 1)","0","8.0","Command line profiler metrics","dram__throughput.avg.pct_of_peak_sustained_elapsed","%","34.57"
"516","583630","python3.8","127.0.0.1","void cudnn::bn_fw_inf_1C11_kernel_NCHW<float, float, (bool)1, (int)1>(T2, T2, cudnnTensorStruct, const T1 *, cudnnTensorStruct, T1 *, cudnnTensorStruct, const T2 *, const T2 *, const T2 *, const T2 *, T2)","1","7","(256, 1, 1)","(512, 64, 1)","0","8.0","Command line profiler metrics","gpu__time_duration.sum","nsecond","288416"
"516","583630","python3.8","127.0.0.1","void cudnn::bn_fw_inf_1C11_kernel_NCHW<float, float, (bool)1, (int)1>(T2, T2, cudnnTensorStruct, const T1 *, cudnnTensorStruct, T1 *, cudnnTensorStruct, const T2 *, const T2 *, const T2 *, const T2 *, T2)","1","7","(256, 1, 1)","(512, 64, 1)","0","8.0","Command line profiler metrics","lts__t_sectors.avg.pct_of_peak_sustained_elapsed","%","17.88"
"517","583630","python3.8","127.0.0.1","void at::native::vectorized_elementwise_kernel<(int)4, at::native::CUDAFunctor_add<float>, at::detail::Array<char *, (int)3>>(int, T2, T3)","1","7","(128, 1, 1)","(50176, 1, 1)","0","8.0","Command line profiler metrics","dram__throughput.avg.pct_of_peak_sustained_elapsed","%","86.99"
"517","583630","python3.8","127.0.0.1","void at::native::vectorized_elementwise_kernel<(int)4, at::native::CUDAFunctor_add<float>, at::detail::Array<char *, (int)3>>(int, T2, T3)","1","7","(128, 1, 1)","(50176, 1, 1)","0","8.0","Command line profiler metrics","gpu__time_duration.sum","nsecond","174944"
"517","583630","python3.8","127.0.0.1","void at::native::vectorized_elementwise_kernel<(int)4, at::native::CUDAFunctor_add<float>, at::detail::Array<char *, (int)3>>(int, T2, T3)","1","7","(128, 1, 1)","(50176, 1, 1)","0","8.0","Command line profiler metrics","lts__t_sectors.avg.pct_of_peak_sustained_elapsed","%","40.46"
"518","583630","python3.8","127.0.0.1","void at::native::vectorized_elementwise_kernel<(int)4, at::native::<unnamed>::launch_clamp_scalar(at::TensorIteratorBase &, c10::Scalar, c10::Scalar, at::native::detail::ClampLimits)::[lambda() (instance 1)]::operator ()() const::[lambda() (instance 14)]::operator ()() const::[lambda(float) (instance 1)], at::detail::Array<char *, (int)2>>(int, T2, T3)","1","7","(128, 1, 1)","(50176, 1, 1)","0","8.0","Command line profiler metrics","dram__throughput.avg.pct_of_peak_sustained_elapsed","%","75.28"
"518","583630","python3.8","127.0.0.1","void at::native::vectorized_elementwise_kernel<(int)4, at::native::<unnamed>::launch_clamp_scalar(at::TensorIteratorBase &, c10::Scalar, c10::Scalar, at::native::detail::ClampLimits)::[lambda() (instance 1)]::operator ()() const::[lambda() (instance 14)]::operator ()() const::[lambda(float) (instance 1)], at::detail::Array<char *, (int)2>>(int, T2, T3)","1","7","(128, 1, 1)","(50176, 1, 1)","0","8.0","Command line profiler metrics","gpu__time_duration.sum","nsecond","128480"
"518","583630","python3.8","127.0.0.1","void at::native::vectorized_elementwise_kernel<(int)4, at::native::<unnamed>::launch_clamp_scalar(at::TensorIteratorBase &, c10::Scalar, c10::Scalar, at::native::detail::ClampLimits)::[lambda() (instance 1)]::operator ()() const::[lambda() (instance 14)]::operator ()() const::[lambda(float) (instance 1)], at::detail::Array<char *, (int)2>>(int, T2, T3)","1","7","(128, 1, 1)","(50176, 1, 1)","0","8.0","Command line profiler metrics","lts__t_sectors.avg.pct_of_peak_sustained_elapsed","%","34.65"
"519","583630","python3.8","127.0.0.1","void cutlass::Kernel<cutlass_80_tensorop_s1688gemm_256x64_16x4_nn_align4>(T1::Params)","1","7","(128, 1, 1)","(8, 1, 64)","0","8.0","Command line profiler metrics","dram__throughput.avg.pct_of_peak_sustained_elapsed","%","31.31"
"519","583630","python3.8","127.0.0.1","void cutlass::Kernel<cutlass_80_tensorop_s1688gemm_256x64_16x4_nn_align4>(T1::Params)","1","7","(128, 1, 1)","(8, 1, 64)","0","8.0","Command line profiler metrics","gpu__time_duration.sum","nsecond","204160"
"519","583630","python3.8","127.0.0.1","void cutlass::Kernel<cutlass_80_tensorop_s1688gemm_256x64_16x4_nn_align4>(T1::Params)","1","7","(128, 1, 1)","(8, 1, 64)","0","8.0","Command line profiler metrics","lts__t_sectors.avg.pct_of_peak_sustained_elapsed","%","29.58"
"520","583630","python3.8","127.0.0.1","void cudnn::bn_fw_inf_1C11_kernel_NCHW<float, float, (bool)1, (int)1>(T2, T2, cudnnTensorStruct, const T1 *, cudnnTensorStruct, T1 *, cudnnTensorStruct, const T2 *, const T2 *, const T2 *, const T2 *, T2)","1","7","(256, 1, 1)","(128, 64, 1)","0","8.0","Command line profiler metrics","dram__throughput.avg.pct_of_peak_sustained_elapsed","%","29.50"
"520","583630","python3.8","127.0.0.1","void cudnn::bn_fw_inf_1C11_kernel_NCHW<float, float, (bool)1, (int)1>(T2, T2, cudnnTensorStruct, const T1 *, cudnnTensorStruct, T1 *, cudnnTensorStruct, const T2 *, const T2 *, const T2 *, const T2 *, T2)","1","7","(256, 1, 1)","(128, 64, 1)","0","8.0","Command line profiler metrics","gpu__time_duration.sum","nsecond","67744"
"520","583630","python3.8","127.0.0.1","void cudnn::bn_fw_inf_1C11_kernel_NCHW<float, float, (bool)1, (int)1>(T2, T2, cudnnTensorStruct, const T1 *, cudnnTensorStruct, T1 *, cudnnTensorStruct, const T2 *, const T2 *, const T2 *, const T2 *, T2)","1","7","(256, 1, 1)","(128, 64, 1)","0","8.0","Command line profiler metrics","lts__t_sectors.avg.pct_of_peak_sustained_elapsed","%","17.11"
"521","583630","python3.8","127.0.0.1","void at::native::vectorized_elementwise_kernel<(int)4, at::native::<unnamed>::launch_clamp_scalar(at::TensorIteratorBase &, c10::Scalar, c10::Scalar, at::native::detail::ClampLimits)::[lambda() (instance 1)]::operator ()() const::[lambda() (instance 14)]::operator ()() const::[lambda(float) (instance 1)], at::detail::Array<char *, (int)2>>(int, T2, T3)","1","7","(128, 1, 1)","(12544, 1, 1)","0","8.0","Command line profiler metrics","dram__throughput.avg.pct_of_peak_sustained_elapsed","%","48.97"
"521","583630","python3.8","127.0.0.1","void at::native::vectorized_elementwise_kernel<(int)4, at::native::<unnamed>::launch_clamp_scalar(at::TensorIteratorBase &, c10::Scalar, c10::Scalar, at::native::detail::ClampLimits)::[lambda() (instance 1)]::operator ()() const::[lambda() (instance 14)]::operator ()() const::[lambda(float) (instance 1)], at::detail::Array<char *, (int)2>>(int, T2, T3)","1","7","(128, 1, 1)","(12544, 1, 1)","0","8.0","Command line profiler metrics","gpu__time_duration.sum","nsecond","34720"
"521","583630","python3.8","127.0.0.1","void at::native::vectorized_elementwise_kernel<(int)4, at::native::<unnamed>::launch_clamp_scalar(at::TensorIteratorBase &, c10::Scalar, c10::Scalar, at::native::detail::ClampLimits)::[lambda() (instance 1)]::operator ()() const::[lambda() (instance 14)]::operator ()() const::[lambda(float) (instance 1)], at::detail::Array<char *, (int)2>>(int, T2, T3)","1","7","(128, 1, 1)","(12544, 1, 1)","0","8.0","Command line profiler metrics","lts__t_sectors.avg.pct_of_peak_sustained_elapsed","%","29.04"
"522","583630","python3.8","127.0.0.1","void cudnn::ops::nchwToNhwcKernel<float, float, float, (bool)0, (bool)1, (cudnnKernelDataType_t)2>(cudnn::ops::nchw2nhwc_params_t<T3>, const T1 *, T2 *)","1","7","(256, 1, 1)","(25, 4, 64)","0","8.0","Command line profiler metrics","dram__throughput.avg.pct_of_peak_sustained_elapsed","%","49.16"
"522","583630","python3.8","127.0.0.1","void cudnn::ops::nchwToNhwcKernel<float, float, float, (bool)0, (bool)1, (cudnnKernelDataType_t)2>(cudnn::ops::nchw2nhwc_params_t<T3>, const T1 *, T2 *)","1","7","(256, 1, 1)","(25, 4, 64)","0","8.0","Command line profiler metrics","gpu__time_duration.sum","nsecond","40416"
"522","583630","python3.8","127.0.0.1","void cudnn::ops::nchwToNhwcKernel<float, float, float, (bool)0, (bool)1, (cudnnKernelDataType_t)2>(cudnn::ops::nchw2nhwc_params_t<T3>, const T1 *, T2 *)","1","7","(256, 1, 1)","(25, 4, 64)","0","8.0","Command line profiler metrics","lts__t_sectors.avg.pct_of_peak_sustained_elapsed","%","30.78"
"523","583630","python3.8","127.0.0.1","void cudnn::ops::nchwToNhwcKernel<float, float, float, (bool)0, (bool)1, (cudnnKernelDataType_t)2>(cudnn::ops::nchw2nhwc_params_t<T3>, const T1 *, T2 *)","1","7","(256, 1, 1)","(1, 4, 128)","0","8.0","Command line profiler metrics","dram__throughput.avg.pct_of_peak_sustained_elapsed","%","3.81"
"523","583630","python3.8","127.0.0.1","void cudnn::ops::nchwToNhwcKernel<float, float, float, (bool)0, (bool)1, (cudnnKernelDataType_t)2>(cudnn::ops::nchw2nhwc_params_t<T3>, const T1 *, T2 *)","1","7","(256, 1, 1)","(1, 4, 128)","0","8.0","Command line profiler metrics","gpu__time_duration.sum","nsecond","8160"
"523","583630","python3.8","127.0.0.1","void cudnn::ops::nchwToNhwcKernel<float, float, float, (bool)0, (bool)1, (cudnnKernelDataType_t)2>(cudnn::ops::nchw2nhwc_params_t<T3>, const T1 *, T2 *)","1","7","(256, 1, 1)","(1, 4, 128)","0","8.0","Command line profiler metrics","lts__t_sectors.avg.pct_of_peak_sustained_elapsed","%","3.53"
"524","583630","python3.8","127.0.0.1","sm80_xmma_fprop_implicit_gemm_indexed_tf32f32_tf32f32_f32_nhwckrsc_nchw_tilesize128x128x16_stage4_warpsize2x2x1_g1_tensor16x8x8_execute_kernel_cudnn","1","7","(128, 1, 1)","(1, 392, 1)","0","8.0","Command line profiler metrics","dram__throughput.avg.pct_of_peak_sustained_elapsed","%","6.54"
"524","583630","python3.8","127.0.0.1","sm80_xmma_fprop_implicit_gemm_indexed_tf32f32_tf32f32_f32_nhwckrsc_nchw_tilesize128x128x16_stage4_warpsize2x2x1_g1_tensor16x8x8_execute_kernel_cudnn","1","7","(128, 1, 1)","(1, 392, 1)","0","8.0","Command line profiler metrics","gpu__time_duration.sum","nsecond","305280"
"524","583630","python3.8","127.0.0.1","sm80_xmma_fprop_implicit_gemm_indexed_tf32f32_tf32f32_f32_nhwckrsc_nchw_tilesize128x128x16_stage4_warpsize2x2x1_g1_tensor16x8x8_execute_kernel_cudnn","1","7","(128, 1, 1)","(1, 392, 1)","0","8.0","Command line profiler metrics","lts__t_sectors.avg.pct_of_peak_sustained_elapsed","%","21.95"
"525","583630","python3.8","127.0.0.1","void cudnn::bn_fw_inf_1C11_kernel_NCHW<float, float, (bool)1, (int)1>(T2, T2, cudnnTensorStruct, const T1 *, cudnnTensorStruct, T1 *, cudnnTensorStruct, const T2 *, const T2 *, const T2 *, const T2 *, T2)","1","7","(256, 1, 1)","(128, 64, 1)","0","8.0","Command line profiler metrics","dram__throughput.avg.pct_of_peak_sustained_elapsed","%","29.54"
"525","583630","python3.8","127.0.0.1","void cudnn::bn_fw_inf_1C11_kernel_NCHW<float, float, (bool)1, (int)1>(T2, T2, cudnnTensorStruct, const T1 *, cudnnTensorStruct, T1 *, cudnnTensorStruct, const T2 *, const T2 *, const T2 *, const T2 *, T2)","1","7","(256, 1, 1)","(128, 64, 1)","0","8.0","Command line profiler metrics","gpu__time_duration.sum","nsecond","67872"
"525","583630","python3.8","127.0.0.1","void cudnn::bn_fw_inf_1C11_kernel_NCHW<float, float, (bool)1, (int)1>(T2, T2, cudnnTensorStruct, const T1 *, cudnnTensorStruct, T1 *, cudnnTensorStruct, const T2 *, const T2 *, const T2 *, const T2 *, T2)","1","7","(256, 1, 1)","(128, 64, 1)","0","8.0","Command line profiler metrics","lts__t_sectors.avg.pct_of_peak_sustained_elapsed","%","17.35"
"526","583630","python3.8","127.0.0.1","void at::native::vectorized_elementwise_kernel<(int)4, at::native::<unnamed>::launch_clamp_scalar(at::TensorIteratorBase &, c10::Scalar, c10::Scalar, at::native::detail::ClampLimits)::[lambda() (instance 1)]::operator ()() const::[lambda() (instance 14)]::operator ()() const::[lambda(float) (instance 1)], at::detail::Array<char *, (int)2>>(int, T2, T3)","1","7","(128, 1, 1)","(12544, 1, 1)","0","8.0","Command line profiler metrics","dram__throughput.avg.pct_of_peak_sustained_elapsed","%","49.56"
"526","583630","python3.8","127.0.0.1","void at::native::vectorized_elementwise_kernel<(int)4, at::native::<unnamed>::launch_clamp_scalar(at::TensorIteratorBase &, c10::Scalar, c10::Scalar, at::native::detail::ClampLimits)::[lambda() (instance 1)]::operator ()() const::[lambda() (instance 14)]::operator ()() const::[lambda(float) (instance 1)], at::detail::Array<char *, (int)2>>(int, T2, T3)","1","7","(128, 1, 1)","(12544, 1, 1)","0","8.0","Command line profiler metrics","gpu__time_duration.sum","nsecond","34368"
"526","583630","python3.8","127.0.0.1","void at::native::vectorized_elementwise_kernel<(int)4, at::native::<unnamed>::launch_clamp_scalar(at::TensorIteratorBase &, c10::Scalar, c10::Scalar, at::native::detail::ClampLimits)::[lambda() (instance 1)]::operator ()() const::[lambda() (instance 14)]::operator ()() const::[lambda(float) (instance 1)], at::detail::Array<char *, (int)2>>(int, T2, T3)","1","7","(128, 1, 1)","(12544, 1, 1)","0","8.0","Command line profiler metrics","lts__t_sectors.avg.pct_of_peak_sustained_elapsed","%","29.46"
"527","583630","python3.8","127.0.0.1","void cutlass::Kernel<cutlass_80_tensorop_s1688gemm_256x64_16x4_nn_align4>(T1::Params)","1","7","(128, 1, 1)","(32, 1, 64)","0","8.0","Command line profiler metrics","dram__throughput.avg.pct_of_peak_sustained_elapsed","%","20.65"
"527","583630","python3.8","127.0.0.1","void cutlass::Kernel<cutlass_80_tensorop_s1688gemm_256x64_16x4_nn_align4>(T1::Params)","1","7","(128, 1, 1)","(32, 1, 64)","0","8.0","Command line profiler metrics","gpu__time_duration.sum","nsecond","276704"
"527","583630","python3.8","127.0.0.1","void cutlass::Kernel<cutlass_80_tensorop_s1688gemm_256x64_16x4_nn_align4>(T1::Params)","1","7","(128, 1, 1)","(32, 1, 64)","0","8.0","Command line profiler metrics","lts__t_sectors.avg.pct_of_peak_sustained_elapsed","%","23.96"
"528","583630","python3.8","127.0.0.1","void cudnn::bn_fw_inf_1C11_kernel_NCHW<float, float, (bool)1, (int)1>(T2, T2, cudnnTensorStruct, const T1 *, cudnnTensorStruct, T1 *, cudnnTensorStruct, const T2 *, const T2 *, const T2 *, const T2 *, T2)","1","7","(256, 1, 1)","(512, 64, 1)","0","8.0","Command line profiler metrics","dram__throughput.avg.pct_of_peak_sustained_elapsed","%","34.62"
"528","583630","python3.8","127.0.0.1","void cudnn::bn_fw_inf_1C11_kernel_NCHW<float, float, (bool)1, (int)1>(T2, T2, cudnnTensorStruct, const T1 *, cudnnTensorStruct, T1 *, cudnnTensorStruct, const T2 *, const T2 *, const T2 *, const T2 *, T2)","1","7","(256, 1, 1)","(512, 64, 1)","0","8.0","Command line profiler metrics","gpu__time_duration.sum","nsecond","287904"
"528","583630","python3.8","127.0.0.1","void cudnn::bn_fw_inf_1C11_kernel_NCHW<float, float, (bool)1, (int)1>(T2, T2, cudnnTensorStruct, const T1 *, cudnnTensorStruct, T1 *, cudnnTensorStruct, const T2 *, const T2 *, const T2 *, const T2 *, T2)","1","7","(256, 1, 1)","(512, 64, 1)","0","8.0","Command line profiler metrics","lts__t_sectors.avg.pct_of_peak_sustained_elapsed","%","17.89"
"529","583630","python3.8","127.0.0.1","void at::native::vectorized_elementwise_kernel<(int)4, at::native::CUDAFunctor_add<float>, at::detail::Array<char *, (int)3>>(int, T2, T3)","1","7","(128, 1, 1)","(50176, 1, 1)","0","8.0","Command line profiler metrics","dram__throughput.avg.pct_of_peak_sustained_elapsed","%","87.01"
"529","583630","python3.8","127.0.0.1","void at::native::vectorized_elementwise_kernel<(int)4, at::native::CUDAFunctor_add<float>, at::detail::Array<char *, (int)3>>(int, T2, T3)","1","7","(128, 1, 1)","(50176, 1, 1)","0","8.0","Command line profiler metrics","gpu__time_duration.sum","nsecond","175264"
"529","583630","python3.8","127.0.0.1","void at::native::vectorized_elementwise_kernel<(int)4, at::native::CUDAFunctor_add<float>, at::detail::Array<char *, (int)3>>(int, T2, T3)","1","7","(128, 1, 1)","(50176, 1, 1)","0","8.0","Command line profiler metrics","lts__t_sectors.avg.pct_of_peak_sustained_elapsed","%","40.41"
"530","583630","python3.8","127.0.0.1","void at::native::vectorized_elementwise_kernel<(int)4, at::native::<unnamed>::launch_clamp_scalar(at::TensorIteratorBase &, c10::Scalar, c10::Scalar, at::native::detail::ClampLimits)::[lambda() (instance 1)]::operator ()() const::[lambda() (instance 14)]::operator ()() const::[lambda(float) (instance 1)], at::detail::Array<char *, (int)2>>(int, T2, T3)","1","7","(128, 1, 1)","(50176, 1, 1)","0","8.0","Command line profiler metrics","dram__throughput.avg.pct_of_peak_sustained_elapsed","%","75.08"
"530","583630","python3.8","127.0.0.1","void at::native::vectorized_elementwise_kernel<(int)4, at::native::<unnamed>::launch_clamp_scalar(at::TensorIteratorBase &, c10::Scalar, c10::Scalar, at::native::detail::ClampLimits)::[lambda() (instance 1)]::operator ()() const::[lambda() (instance 14)]::operator ()() const::[lambda(float) (instance 1)], at::detail::Array<char *, (int)2>>(int, T2, T3)","1","7","(128, 1, 1)","(50176, 1, 1)","0","8.0","Command line profiler metrics","gpu__time_duration.sum","nsecond","128800"
"530","583630","python3.8","127.0.0.1","void at::native::vectorized_elementwise_kernel<(int)4, at::native::<unnamed>::launch_clamp_scalar(at::TensorIteratorBase &, c10::Scalar, c10::Scalar, at::native::detail::ClampLimits)::[lambda() (instance 1)]::operator ()() const::[lambda() (instance 14)]::operator ()() const::[lambda(float) (instance 1)], at::detail::Array<char *, (int)2>>(int, T2, T3)","1","7","(128, 1, 1)","(50176, 1, 1)","0","8.0","Command line profiler metrics","lts__t_sectors.avg.pct_of_peak_sustained_elapsed","%","34.58"
"531","583630","python3.8","127.0.0.1","void cutlass::Kernel<cutlass_80_tensorop_s1688gemm_256x64_16x4_nn_align4>(T1::Params)","1","7","(128, 1, 1)","(16, 1, 64)","0","8.0","Command line profiler metrics","dram__throughput.avg.pct_of_peak_sustained_elapsed","%","19.64"
"531","583630","python3.8","127.0.0.1","void cutlass::Kernel<cutlass_80_tensorop_s1688gemm_256x64_16x4_nn_align4>(T1::Params)","1","7","(128, 1, 1)","(16, 1, 64)","0","8.0","Command line profiler metrics","gpu__time_duration.sum","nsecond","385728"
"531","583630","python3.8","127.0.0.1","void cutlass::Kernel<cutlass_80_tensorop_s1688gemm_256x64_16x4_nn_align4>(T1::Params)","1","7","(128, 1, 1)","(16, 1, 64)","0","8.0","Command line profiler metrics","lts__t_sectors.avg.pct_of_peak_sustained_elapsed","%","27.56"
"532","583630","python3.8","127.0.0.1","void cudnn::bn_fw_inf_1C11_kernel_NCHW<float, float, (bool)1, (int)1>(T2, T2, cudnnTensorStruct, const T1 *, cudnnTensorStruct, T1 *, cudnnTensorStruct, const T2 *, const T2 *, const T2 *, const T2 *, T2)","1","7","(256, 1, 1)","(256, 64, 1)","0","8.0","Command line profiler metrics","dram__throughput.avg.pct_of_peak_sustained_elapsed","%","33.68"
"532","583630","python3.8","127.0.0.1","void cudnn::bn_fw_inf_1C11_kernel_NCHW<float, float, (bool)1, (int)1>(T2, T2, cudnnTensorStruct, const T1 *, cudnnTensorStruct, T1 *, cudnnTensorStruct, const T2 *, const T2 *, const T2 *, const T2 *, T2)","1","7","(256, 1, 1)","(256, 64, 1)","0","8.0","Command line profiler metrics","gpu__time_duration.sum","nsecond","138240"
"532","583630","python3.8","127.0.0.1","void cudnn::bn_fw_inf_1C11_kernel_NCHW<float, float, (bool)1, (int)1>(T2, T2, cudnnTensorStruct, const T1 *, cudnnTensorStruct, T1 *, cudnnTensorStruct, const T2 *, const T2 *, const T2 *, const T2 *, T2)","1","7","(256, 1, 1)","(256, 64, 1)","0","8.0","Command line profiler metrics","lts__t_sectors.avg.pct_of_peak_sustained_elapsed","%","17.99"
"533","583630","python3.8","127.0.0.1","void at::native::vectorized_elementwise_kernel<(int)4, at::native::<unnamed>::launch_clamp_scalar(at::TensorIteratorBase &, c10::Scalar, c10::Scalar, at::native::detail::ClampLimits)::[lambda() (instance 1)]::operator ()() const::[lambda() (instance 14)]::operator ()() const::[lambda(float) (instance 1)], at::detail::Array<char *, (int)2>>(int, T2, T3)","1","7","(128, 1, 1)","(25088, 1, 1)","0","8.0","Command line profiler metrics","dram__throughput.avg.pct_of_peak_sustained_elapsed","%","66.61"
"533","583630","python3.8","127.0.0.1","void at::native::vectorized_elementwise_kernel<(int)4, at::native::<unnamed>::launch_clamp_scalar(at::TensorIteratorBase &, c10::Scalar, c10::Scalar, at::native::detail::ClampLimits)::[lambda() (instance 1)]::operator ()() const::[lambda() (instance 14)]::operator ()() const::[lambda(float) (instance 1)], at::detail::Array<char *, (int)2>>(int, T2, T3)","1","7","(128, 1, 1)","(25088, 1, 1)","0","8.0","Command line profiler metrics","gpu__time_duration.sum","nsecond","65440"
"533","583630","python3.8","127.0.0.1","void at::native::vectorized_elementwise_kernel<(int)4, at::native::<unnamed>::launch_clamp_scalar(at::TensorIteratorBase &, c10::Scalar, c10::Scalar, at::native::detail::ClampLimits)::[lambda() (instance 1)]::operator ()() const::[lambda() (instance 14)]::operator ()() const::[lambda(float) (instance 1)], at::detail::Array<char *, (int)2>>(int, T2, T3)","1","7","(128, 1, 1)","(25088, 1, 1)","0","8.0","Command line profiler metrics","lts__t_sectors.avg.pct_of_peak_sustained_elapsed","%","33.11"
"534","583630","python3.8","127.0.0.1","void cudnn::ops::nchwToNhwcKernel<float, float, float, (bool)0, (bool)1, (cudnnKernelDataType_t)2>(cudnn::ops::nchw2nhwc_params_t<T3>, const T1 *, T2 *)","1","7","(256, 1, 1)","(25, 8, 64)","0","8.0","Command line profiler metrics","dram__throughput.avg.pct_of_peak_sustained_elapsed","%","59.90"
"534","583630","python3.8","127.0.0.1","void cudnn::ops::nchwToNhwcKernel<float, float, float, (bool)0, (bool)1, (cudnnKernelDataType_t)2>(cudnn::ops::nchw2nhwc_params_t<T3>, const T1 *, T2 *)","1","7","(256, 1, 1)","(25, 8, 64)","0","8.0","Command line profiler metrics","gpu__time_duration.sum","nsecond","77504"
"534","583630","python3.8","127.0.0.1","void cudnn::ops::nchwToNhwcKernel<float, float, float, (bool)0, (bool)1, (cudnnKernelDataType_t)2>(cudnn::ops::nchw2nhwc_params_t<T3>, const T1 *, T2 *)","1","7","(256, 1, 1)","(25, 8, 64)","0","8.0","Command line profiler metrics","lts__t_sectors.avg.pct_of_peak_sustained_elapsed","%","34.40"
"535","583630","python3.8","127.0.0.1","void cudnn::ops::nchwToNhwcKernel<float, float, float, (bool)0, (bool)1, (cudnnKernelDataType_t)2>(cudnn::ops::nchw2nhwc_params_t<T3>, const T1 *, T2 *)","1","7","(256, 1, 1)","(1, 8, 256)","0","8.0","Command line profiler metrics","dram__throughput.avg.pct_of_peak_sustained_elapsed","%","8.25"
"535","583630","python3.8","127.0.0.1","void cudnn::ops::nchwToNhwcKernel<float, float, float, (bool)0, (bool)1, (cudnnKernelDataType_t)2>(cudnn::ops::nchw2nhwc_params_t<T3>, const T1 *, T2 *)","1","7","(256, 1, 1)","(1, 8, 256)","0","8.0","Command line profiler metrics","gpu__time_duration.sum","nsecond","14880"
"535","583630","python3.8","127.0.0.1","void cudnn::ops::nchwToNhwcKernel<float, float, float, (bool)0, (bool)1, (cudnnKernelDataType_t)2>(cudnn::ops::nchw2nhwc_params_t<T3>, const T1 *, T2 *)","1","7","(256, 1, 1)","(1, 8, 256)","0","8.0","Command line profiler metrics","lts__t_sectors.avg.pct_of_peak_sustained_elapsed","%","6.61"
"536","583630","python3.8","127.0.0.1","sm80_xmma_fprop_implicit_gemm_tf32f32_tf32f32_f32_nhwckrsc_nchw_tilesize256x128x32_stage3_warpsize4x2x1_g1_tensor16x8x8_execute_kernel_cudnn","1","7","(256, 1, 1)","(2, 49, 1)","0","8.0","Command line profiler metrics","dram__throughput.avg.pct_of_peak_sustained_elapsed","%","10.56"
"536","583630","python3.8","127.0.0.1","sm80_xmma_fprop_implicit_gemm_tf32f32_tf32f32_f32_nhwckrsc_nchw_tilesize256x128x32_stage3_warpsize4x2x1_g1_tensor16x8x8_execute_kernel_cudnn","1","7","(256, 1, 1)","(2, 49, 1)","0","8.0","Command line profiler metrics","gpu__time_duration.sum","nsecond","318912"
"536","583630","python3.8","127.0.0.1","sm80_xmma_fprop_implicit_gemm_tf32f32_tf32f32_f32_nhwckrsc_nchw_tilesize256x128x32_stage3_warpsize4x2x1_g1_tensor16x8x8_execute_kernel_cudnn","1","7","(256, 1, 1)","(2, 49, 1)","0","8.0","Command line profiler metrics","lts__t_sectors.avg.pct_of_peak_sustained_elapsed","%","17.24"
"537","583630","python3.8","127.0.0.1","void cudnn::bn_fw_inf_1C11_kernel_NCHW<float, float, (bool)1, (int)1>(T2, T2, cudnnTensorStruct, const T1 *, cudnnTensorStruct, T1 *, cudnnTensorStruct, const T2 *, const T2 *, const T2 *, const T2 *, T2)","1","7","(64, 1, 1)","(256, 64, 1)","0","8.0","Command line profiler metrics","dram__throughput.avg.pct_of_peak_sustained_elapsed","%","20.61"
"537","583630","python3.8","127.0.0.1","void cudnn::bn_fw_inf_1C11_kernel_NCHW<float, float, (bool)1, (int)1>(T2, T2, cudnnTensorStruct, const T1 *, cudnnTensorStruct, T1 *, cudnnTensorStruct, const T2 *, const T2 *, const T2 *, const T2 *, T2)","1","7","(64, 1, 1)","(256, 64, 1)","0","8.0","Command line profiler metrics","gpu__time_duration.sum","nsecond","35776"
"537","583630","python3.8","127.0.0.1","void cudnn::bn_fw_inf_1C11_kernel_NCHW<float, float, (bool)1, (int)1>(T2, T2, cudnnTensorStruct, const T1 *, cudnnTensorStruct, T1 *, cudnnTensorStruct, const T2 *, const T2 *, const T2 *, const T2 *, T2)","1","7","(64, 1, 1)","(256, 64, 1)","0","8.0","Command line profiler metrics","lts__t_sectors.avg.pct_of_peak_sustained_elapsed","%","15.37"
"538","583630","python3.8","127.0.0.1","void at::native::vectorized_elementwise_kernel<(int)4, at::native::<unnamed>::launch_clamp_scalar(at::TensorIteratorBase &, c10::Scalar, c10::Scalar, at::native::detail::ClampLimits)::[lambda() (instance 1)]::operator ()() const::[lambda() (instance 14)]::operator ()() const::[lambda(float) (instance 1)], at::detail::Array<char *, (int)2>>(int, T2, T3)","1","7","(128, 1, 1)","(6272, 1, 1)","0","8.0","Command line profiler metrics","dram__throughput.avg.pct_of_peak_sustained_elapsed","%","34.77"
"538","583630","python3.8","127.0.0.1","void at::native::vectorized_elementwise_kernel<(int)4, at::native::<unnamed>::launch_clamp_scalar(at::TensorIteratorBase &, c10::Scalar, c10::Scalar, at::native::detail::ClampLimits)::[lambda() (instance 1)]::operator ()() const::[lambda() (instance 14)]::operator ()() const::[lambda(float) (instance 1)], at::detail::Array<char *, (int)2>>(int, T2, T3)","1","7","(128, 1, 1)","(6272, 1, 1)","0","8.0","Command line profiler metrics","gpu__time_duration.sum","nsecond","19168"
"538","583630","python3.8","127.0.0.1","void at::native::vectorized_elementwise_kernel<(int)4, at::native::<unnamed>::launch_clamp_scalar(at::TensorIteratorBase &, c10::Scalar, c10::Scalar, at::native::detail::ClampLimits)::[lambda() (instance 1)]::operator ()() const::[lambda() (instance 14)]::operator ()() const::[lambda(float) (instance 1)], at::detail::Array<char *, (int)2>>(int, T2, T3)","1","7","(128, 1, 1)","(6272, 1, 1)","0","8.0","Command line profiler metrics","lts__t_sectors.avg.pct_of_peak_sustained_elapsed","%","26.68"
"539","583630","python3.8","127.0.0.1","void cutlass::Kernel<cutlass_80_tensorop_s1688gemm_256x64_16x4_nn_align4>(T1::Params)","1","7","(128, 1, 1)","(16, 1, 64)","0","8.0","Command line profiler metrics","dram__throughput.avg.pct_of_peak_sustained_elapsed","%","9.89"
"539","583630","python3.8","127.0.0.1","void cutlass::Kernel<cutlass_80_tensorop_s1688gemm_256x64_16x4_nn_align4>(T1::Params)","1","7","(128, 1, 1)","(16, 1, 64)","0","8.0","Command line profiler metrics","gpu__time_duration.sum","nsecond","248864"
"539","583630","python3.8","127.0.0.1","void cutlass::Kernel<cutlass_80_tensorop_s1688gemm_256x64_16x4_nn_align4>(T1::Params)","1","7","(128, 1, 1)","(16, 1, 64)","0","8.0","Command line profiler metrics","lts__t_sectors.avg.pct_of_peak_sustained_elapsed","%","25.68"
"540","583630","python3.8","127.0.0.1","void cudnn::bn_fw_inf_1C11_kernel_NCHW<float, float, (bool)1, (int)1>(T2, T2, cudnnTensorStruct, const T1 *, cudnnTensorStruct, T1 *, cudnnTensorStruct, const T2 *, const T2 *, const T2 *, const T2 *, T2)","1","7","(64, 1, 1)","(1024, 64, 1)","0","8.0","Command line profiler metrics","dram__throughput.avg.pct_of_peak_sustained_elapsed","%","32.29"
"540","583630","python3.8","127.0.0.1","void cudnn::bn_fw_inf_1C11_kernel_NCHW<float, float, (bool)1, (int)1>(T2, T2, cudnnTensorStruct, const T1 *, cudnnTensorStruct, T1 *, cudnnTensorStruct, const T2 *, const T2 *, const T2 *, const T2 *, T2)","1","7","(64, 1, 1)","(1024, 64, 1)","0","8.0","Command line profiler metrics","gpu__time_duration.sum","nsecond","145024"
"540","583630","python3.8","127.0.0.1","void cudnn::bn_fw_inf_1C11_kernel_NCHW<float, float, (bool)1, (int)1>(T2, T2, cudnnTensorStruct, const T1 *, cudnnTensorStruct, T1 *, cudnnTensorStruct, const T2 *, const T2 *, const T2 *, const T2 *, T2)","1","7","(64, 1, 1)","(1024, 64, 1)","0","8.0","Command line profiler metrics","lts__t_sectors.avg.pct_of_peak_sustained_elapsed","%","18.61"
"541","583630","python3.8","127.0.0.1","void cudnn::ops::nchwToNhwcKernel<float, float, float, (bool)0, (bool)1, (cudnnKernelDataType_t)2>(cudnn::ops::nchw2nhwc_params_t<T3>, const T1 *, T2 *)","1","7","(256, 1, 1)","(25, 16, 64)","0","8.0","Command line profiler metrics","dram__throughput.avg.pct_of_peak_sustained_elapsed","%","64.17"
"541","583630","python3.8","127.0.0.1","void cudnn::ops::nchwToNhwcKernel<float, float, float, (bool)0, (bool)1, (cudnnKernelDataType_t)2>(cudnn::ops::nchw2nhwc_params_t<T3>, const T1 *, T2 *)","1","7","(256, 1, 1)","(25, 16, 64)","0","8.0","Command line profiler metrics","gpu__time_duration.sum","nsecond","155072"
"541","583630","python3.8","127.0.0.1","void cudnn::ops::nchwToNhwcKernel<float, float, float, (bool)0, (bool)1, (cudnnKernelDataType_t)2>(cudnn::ops::nchw2nhwc_params_t<T3>, const T1 *, T2 *)","1","7","(256, 1, 1)","(25, 16, 64)","0","8.0","Command line profiler metrics","lts__t_sectors.avg.pct_of_peak_sustained_elapsed","%","35.28"
"542","583630","python3.8","127.0.0.1","void cudnn::ops::nchwToNhwcKernel<float, float, float, (bool)0, (bool)1, (cudnnKernelDataType_t)2>(cudnn::ops::nchw2nhwc_params_t<T3>, const T1 *, T2 *)","1","7","(256, 1, 1)","(1, 16, 1024)","0","8.0","Command line profiler metrics","dram__throughput.avg.pct_of_peak_sustained_elapsed","%","1.44"
"542","583630","python3.8","127.0.0.1","void cudnn::ops::nchwToNhwcKernel<float, float, float, (bool)0, (bool)1, (cudnnKernelDataType_t)2>(cudnn::ops::nchw2nhwc_params_t<T3>, const T1 *, T2 *)","1","7","(256, 1, 1)","(1, 16, 1024)","0","8.0","Command line profiler metrics","gpu__time_duration.sum","nsecond","75520"
"542","583630","python3.8","127.0.0.1","void cudnn::ops::nchwToNhwcKernel<float, float, float, (bool)0, (bool)1, (cudnnKernelDataType_t)2>(cudnn::ops::nchw2nhwc_params_t<T3>, const T1 *, T2 *)","1","7","(256, 1, 1)","(1, 16, 1024)","0","8.0","Command line profiler metrics","lts__t_sectors.avg.pct_of_peak_sustained_elapsed","%","1.17"
"543","583630","python3.8","127.0.0.1","sm80_xmma_fprop_implicit_gemm_indexed_tf32f32_tf32f32_f32_nhwckrsc_nchw_tilesize128x128x16_stage4_warpsize2x2x1_g1_tensor16x8x8_execute_kernel_cudnn","1","7","(128, 1, 1)","(8, 98, 1)","0","8.0","Command line profiler metrics","dram__throughput.avg.pct_of_peak_sustained_elapsed","%","10.71"
"543","583630","python3.8","127.0.0.1","sm80_xmma_fprop_implicit_gemm_indexed_tf32f32_tf32f32_f32_nhwckrsc_nchw_tilesize128x128x16_stage4_warpsize2x2x1_g1_tensor16x8x8_execute_kernel_cudnn","1","7","(128, 1, 1)","(8, 98, 1)","0","8.0","Command line profiler metrics","gpu__time_duration.sum","nsecond","311200"
"543","583630","python3.8","127.0.0.1","sm80_xmma_fprop_implicit_gemm_indexed_tf32f32_tf32f32_f32_nhwckrsc_nchw_tilesize128x128x16_stage4_warpsize2x2x1_g1_tensor16x8x8_execute_kernel_cudnn","1","7","(128, 1, 1)","(8, 98, 1)","0","8.0","Command line profiler metrics","lts__t_sectors.avg.pct_of_peak_sustained_elapsed","%","23.07"
"544","583630","python3.8","127.0.0.1","void cudnn::bn_fw_inf_1C11_kernel_NCHW<float, float, (bool)1, (int)1>(T2, T2, cudnnTensorStruct, const T1 *, cudnnTensorStruct, T1 *, cudnnTensorStruct, const T2 *, const T2 *, const T2 *, const T2 *, T2)","1","7","(64, 1, 1)","(1024, 64, 1)","0","8.0","Command line profiler metrics","dram__throughput.avg.pct_of_peak_sustained_elapsed","%","32.20"
"544","583630","python3.8","127.0.0.1","void cudnn::bn_fw_inf_1C11_kernel_NCHW<float, float, (bool)1, (int)1>(T2, T2, cudnnTensorStruct, const T1 *, cudnnTensorStruct, T1 *, cudnnTensorStruct, const T2 *, const T2 *, const T2 *, const T2 *, T2)","1","7","(64, 1, 1)","(1024, 64, 1)","0","8.0","Command line profiler metrics","gpu__time_duration.sum","nsecond","145120"
"544","583630","python3.8","127.0.0.1","void cudnn::bn_fw_inf_1C11_kernel_NCHW<float, float, (bool)1, (int)1>(T2, T2, cudnnTensorStruct, const T1 *, cudnnTensorStruct, T1 *, cudnnTensorStruct, const T2 *, const T2 *, const T2 *, const T2 *, T2)","1","7","(64, 1, 1)","(1024, 64, 1)","0","8.0","Command line profiler metrics","lts__t_sectors.avg.pct_of_peak_sustained_elapsed","%","18.53"
"545","583630","python3.8","127.0.0.1","void at::native::vectorized_elementwise_kernel<(int)4, at::native::CUDAFunctor_add<float>, at::detail::Array<char *, (int)3>>(int, T2, T3)","1","7","(128, 1, 1)","(25088, 1, 1)","0","8.0","Command line profiler metrics","dram__throughput.avg.pct_of_peak_sustained_elapsed","%","85.29"
"545","583630","python3.8","127.0.0.1","void at::native::vectorized_elementwise_kernel<(int)4, at::native::CUDAFunctor_add<float>, at::detail::Array<char *, (int)3>>(int, T2, T3)","1","7","(128, 1, 1)","(25088, 1, 1)","0","8.0","Command line profiler metrics","gpu__time_duration.sum","nsecond","84320"
"545","583630","python3.8","127.0.0.1","void at::native::vectorized_elementwise_kernel<(int)4, at::native::CUDAFunctor_add<float>, at::detail::Array<char *, (int)3>>(int, T2, T3)","1","7","(128, 1, 1)","(25088, 1, 1)","0","8.0","Command line profiler metrics","lts__t_sectors.avg.pct_of_peak_sustained_elapsed","%","41.34"
"546","583630","python3.8","127.0.0.1","void at::native::vectorized_elementwise_kernel<(int)4, at::native::<unnamed>::launch_clamp_scalar(at::TensorIteratorBase &, c10::Scalar, c10::Scalar, at::native::detail::ClampLimits)::[lambda() (instance 1)]::operator ()() const::[lambda() (instance 14)]::operator ()() const::[lambda(float) (instance 1)], at::detail::Array<char *, (int)2>>(int, T2, T3)","1","7","(128, 1, 1)","(25088, 1, 1)","0","8.0","Command line profiler metrics","dram__throughput.avg.pct_of_peak_sustained_elapsed","%","66.49"
"546","583630","python3.8","127.0.0.1","void at::native::vectorized_elementwise_kernel<(int)4, at::native::<unnamed>::launch_clamp_scalar(at::TensorIteratorBase &, c10::Scalar, c10::Scalar, at::native::detail::ClampLimits)::[lambda() (instance 1)]::operator ()() const::[lambda() (instance 14)]::operator ()() const::[lambda(float) (instance 1)], at::detail::Array<char *, (int)2>>(int, T2, T3)","1","7","(128, 1, 1)","(25088, 1, 1)","0","8.0","Command line profiler metrics","gpu__time_duration.sum","nsecond","65536"
"546","583630","python3.8","127.0.0.1","void at::native::vectorized_elementwise_kernel<(int)4, at::native::<unnamed>::launch_clamp_scalar(at::TensorIteratorBase &, c10::Scalar, c10::Scalar, at::native::detail::ClampLimits)::[lambda() (instance 1)]::operator ()() const::[lambda() (instance 14)]::operator ()() const::[lambda(float) (instance 1)], at::detail::Array<char *, (int)2>>(int, T2, T3)","1","7","(128, 1, 1)","(25088, 1, 1)","0","8.0","Command line profiler metrics","lts__t_sectors.avg.pct_of_peak_sustained_elapsed","%","32.85"
"547","583630","python3.8","127.0.0.1","void cutlass::Kernel<cutlass_80_tensorop_s1688gemm_256x64_16x4_nn_align4>(T1::Params)","1","7","(128, 1, 1)","(4, 1, 64)","0","8.0","Command line profiler metrics","dram__throughput.avg.pct_of_peak_sustained_elapsed","%","14.45"
"547","583630","python3.8","127.0.0.1","void cutlass::Kernel<cutlass_80_tensorop_s1688gemm_256x64_16x4_nn_align4>(T1::Params)","1","7","(128, 1, 1)","(4, 1, 64)","0","8.0","Command line profiler metrics","gpu__time_duration.sum","nsecond","216384"
"547","583630","python3.8","127.0.0.1","void cutlass::Kernel<cutlass_80_tensorop_s1688gemm_256x64_16x4_nn_align4>(T1::Params)","1","7","(128, 1, 1)","(4, 1, 64)","0","8.0","Command line profiler metrics","lts__t_sectors.avg.pct_of_peak_sustained_elapsed","%","28.25"
"548","583630","python3.8","127.0.0.1","void cudnn::bn_fw_inf_1C11_kernel_NCHW<float, float, (bool)1, (int)1>(T2, T2, cudnnTensorStruct, const T1 *, cudnnTensorStruct, T1 *, cudnnTensorStruct, const T2 *, const T2 *, const T2 *, const T2 *, T2)","1","7","(64, 1, 1)","(256, 64, 1)","0","8.0","Command line profiler metrics","dram__throughput.avg.pct_of_peak_sustained_elapsed","%","20.49"
"548","583630","python3.8","127.0.0.1","void cudnn::bn_fw_inf_1C11_kernel_NCHW<float, float, (bool)1, (int)1>(T2, T2, cudnnTensorStruct, const T1 *, cudnnTensorStruct, T1 *, cudnnTensorStruct, const T2 *, const T2 *, const T2 *, const T2 *, T2)","1","7","(64, 1, 1)","(256, 64, 1)","0","8.0","Command line profiler metrics","gpu__time_duration.sum","nsecond","35456"
"548","583630","python3.8","127.0.0.1","void cudnn::bn_fw_inf_1C11_kernel_NCHW<float, float, (bool)1, (int)1>(T2, T2, cudnnTensorStruct, const T1 *, cudnnTensorStruct, T1 *, cudnnTensorStruct, const T2 *, const T2 *, const T2 *, const T2 *, T2)","1","7","(64, 1, 1)","(256, 64, 1)","0","8.0","Command line profiler metrics","lts__t_sectors.avg.pct_of_peak_sustained_elapsed","%","15.50"
"549","583630","python3.8","127.0.0.1","void at::native::vectorized_elementwise_kernel<(int)4, at::native::<unnamed>::launch_clamp_scalar(at::TensorIteratorBase &, c10::Scalar, c10::Scalar, at::native::detail::ClampLimits)::[lambda() (instance 1)]::operator ()() const::[lambda() (instance 14)]::operator ()() const::[lambda(float) (instance 1)], at::detail::Array<char *, (int)2>>(int, T2, T3)","1","7","(128, 1, 1)","(6272, 1, 1)","0","8.0","Command line profiler metrics","dram__throughput.avg.pct_of_peak_sustained_elapsed","%","35.48"
"549","583630","python3.8","127.0.0.1","void at::native::vectorized_elementwise_kernel<(int)4, at::native::<unnamed>::launch_clamp_scalar(at::TensorIteratorBase &, c10::Scalar, c10::Scalar, at::native::detail::ClampLimits)::[lambda() (instance 1)]::operator ()() const::[lambda() (instance 14)]::operator ()() const::[lambda(float) (instance 1)], at::detail::Array<char *, (int)2>>(int, T2, T3)","1","7","(128, 1, 1)","(6272, 1, 1)","0","8.0","Command line profiler metrics","gpu__time_duration.sum","nsecond","18784"
"549","583630","python3.8","127.0.0.1","void at::native::vectorized_elementwise_kernel<(int)4, at::native::<unnamed>::launch_clamp_scalar(at::TensorIteratorBase &, c10::Scalar, c10::Scalar, at::native::detail::ClampLimits)::[lambda() (instance 1)]::operator ()() const::[lambda() (instance 14)]::operator ()() const::[lambda(float) (instance 1)], at::detail::Array<char *, (int)2>>(int, T2, T3)","1","7","(128, 1, 1)","(6272, 1, 1)","0","8.0","Command line profiler metrics","lts__t_sectors.avg.pct_of_peak_sustained_elapsed","%","27.28"
"550","583630","python3.8","127.0.0.1","void cudnn::ops::nchwToNhwcKernel<float, float, float, (bool)0, (bool)1, (cudnnKernelDataType_t)2>(cudnn::ops::nchw2nhwc_params_t<T3>, const T1 *, T2 *)","1","7","(256, 1, 1)","(7, 8, 64)","0","8.0","Command line profiler metrics","dram__throughput.avg.pct_of_peak_sustained_elapsed","%","30.70"
"550","583630","python3.8","127.0.0.1","void cudnn::ops::nchwToNhwcKernel<float, float, float, (bool)0, (bool)1, (cudnnKernelDataType_t)2>(cudnn::ops::nchw2nhwc_params_t<T3>, const T1 *, T2 *)","1","7","(256, 1, 1)","(7, 8, 64)","0","8.0","Command line profiler metrics","gpu__time_duration.sum","nsecond","23680"
"550","583630","python3.8","127.0.0.1","void cudnn::ops::nchwToNhwcKernel<float, float, float, (bool)0, (bool)1, (cudnnKernelDataType_t)2>(cudnn::ops::nchw2nhwc_params_t<T3>, const T1 *, T2 *)","1","7","(256, 1, 1)","(7, 8, 64)","0","8.0","Command line profiler metrics","lts__t_sectors.avg.pct_of_peak_sustained_elapsed","%","25.08"
"551","583630","python3.8","127.0.0.1","void cudnn::ops::nchwToNhwcKernel<float, float, float, (bool)0, (bool)1, (cudnnKernelDataType_t)2>(cudnn::ops::nchw2nhwc_params_t<T3>, const T1 *, T2 *)","1","7","(256, 1, 1)","(1, 8, 256)","0","8.0","Command line profiler metrics","dram__throughput.avg.pct_of_peak_sustained_elapsed","%","8.21"
"551","583630","python3.8","127.0.0.1","void cudnn::ops::nchwToNhwcKernel<float, float, float, (bool)0, (bool)1, (cudnnKernelDataType_t)2>(cudnn::ops::nchw2nhwc_params_t<T3>, const T1 *, T2 *)","1","7","(256, 1, 1)","(1, 8, 256)","0","8.0","Command line profiler metrics","gpu__time_duration.sum","nsecond","14976"
"551","583630","python3.8","127.0.0.1","void cudnn::ops::nchwToNhwcKernel<float, float, float, (bool)0, (bool)1, (cudnnKernelDataType_t)2>(cudnn::ops::nchw2nhwc_params_t<T3>, const T1 *, T2 *)","1","7","(256, 1, 1)","(1, 8, 256)","0","8.0","Command line profiler metrics","lts__t_sectors.avg.pct_of_peak_sustained_elapsed","%","7.00"
"552","583630","python3.8","127.0.0.1","sm80_xmma_fprop_implicit_gemm_tf32f32_tf32f32_f32_nhwckrsc_nchw_tilesize256x128x32_stage3_warpsize4x2x1_g1_tensor16x8x8_execute_kernel_cudnn","1","7","(256, 1, 1)","(2, 49, 1)","0","8.0","Command line profiler metrics","dram__throughput.avg.pct_of_peak_sustained_elapsed","%","2.68"
"552","583630","python3.8","127.0.0.1","sm80_xmma_fprop_implicit_gemm_tf32f32_tf32f32_f32_nhwckrsc_nchw_tilesize256x128x32_stage3_warpsize4x2x1_g1_tensor16x8x8_execute_kernel_cudnn","1","7","(256, 1, 1)","(2, 49, 1)","0","8.0","Command line profiler metrics","gpu__time_duration.sum","nsecond","319200"
"552","583630","python3.8","127.0.0.1","sm80_xmma_fprop_implicit_gemm_tf32f32_tf32f32_f32_nhwckrsc_nchw_tilesize256x128x32_stage3_warpsize4x2x1_g1_tensor16x8x8_execute_kernel_cudnn","1","7","(256, 1, 1)","(2, 49, 1)","0","8.0","Command line profiler metrics","lts__t_sectors.avg.pct_of_peak_sustained_elapsed","%","14.47"
"553","583630","python3.8","127.0.0.1","void cudnn::bn_fw_inf_1C11_kernel_NCHW<float, float, (bool)1, (int)1>(T2, T2, cudnnTensorStruct, const T1 *, cudnnTensorStruct, T1 *, cudnnTensorStruct, const T2 *, const T2 *, const T2 *, const T2 *, T2)","1","7","(64, 1, 1)","(256, 64, 1)","0","8.0","Command line profiler metrics","dram__throughput.avg.pct_of_peak_sustained_elapsed","%","20.28"
"553","583630","python3.8","127.0.0.1","void cudnn::bn_fw_inf_1C11_kernel_NCHW<float, float, (bool)1, (int)1>(T2, T2, cudnnTensorStruct, const T1 *, cudnnTensorStruct, T1 *, cudnnTensorStruct, const T2 *, const T2 *, const T2 *, const T2 *, T2)","1","7","(64, 1, 1)","(256, 64, 1)","0","8.0","Command line profiler metrics","gpu__time_duration.sum","nsecond","35648"
"553","583630","python3.8","127.0.0.1","void cudnn::bn_fw_inf_1C11_kernel_NCHW<float, float, (bool)1, (int)1>(T2, T2, cudnnTensorStruct, const T1 *, cudnnTensorStruct, T1 *, cudnnTensorStruct, const T2 *, const T2 *, const T2 *, const T2 *, T2)","1","7","(64, 1, 1)","(256, 64, 1)","0","8.0","Command line profiler metrics","lts__t_sectors.avg.pct_of_peak_sustained_elapsed","%","15.88"
"554","583630","python3.8","127.0.0.1","void at::native::vectorized_elementwise_kernel<(int)4, at::native::<unnamed>::launch_clamp_scalar(at::TensorIteratorBase &, c10::Scalar, c10::Scalar, at::native::detail::ClampLimits)::[lambda() (instance 1)]::operator ()() const::[lambda() (instance 14)]::operator ()() const::[lambda(float) (instance 1)], at::detail::Array<char *, (int)2>>(int, T2, T3)","1","7","(128, 1, 1)","(6272, 1, 1)","0","8.0","Command line profiler metrics","dram__throughput.avg.pct_of_peak_sustained_elapsed","%","34.47"
"554","583630","python3.8","127.0.0.1","void at::native::vectorized_elementwise_kernel<(int)4, at::native::<unnamed>::launch_clamp_scalar(at::TensorIteratorBase &, c10::Scalar, c10::Scalar, at::native::detail::ClampLimits)::[lambda() (instance 1)]::operator ()() const::[lambda() (instance 14)]::operator ()() const::[lambda(float) (instance 1)], at::detail::Array<char *, (int)2>>(int, T2, T3)","1","7","(128, 1, 1)","(6272, 1, 1)","0","8.0","Command line profiler metrics","gpu__time_duration.sum","nsecond","19328"
"554","583630","python3.8","127.0.0.1","void at::native::vectorized_elementwise_kernel<(int)4, at::native::<unnamed>::launch_clamp_scalar(at::TensorIteratorBase &, c10::Scalar, c10::Scalar, at::native::detail::ClampLimits)::[lambda() (instance 1)]::operator ()() const::[lambda() (instance 14)]::operator ()() const::[lambda(float) (instance 1)], at::detail::Array<char *, (int)2>>(int, T2, T3)","1","7","(128, 1, 1)","(6272, 1, 1)","0","8.0","Command line profiler metrics","lts__t_sectors.avg.pct_of_peak_sustained_elapsed","%","26.59"
"555","583630","python3.8","127.0.0.1","void cutlass::Kernel<cutlass_80_tensorop_s1688gemm_256x64_16x4_nn_align4>(T1::Params)","1","7","(128, 1, 1)","(16, 1, 64)","0","8.0","Command line profiler metrics","dram__throughput.avg.pct_of_peak_sustained_elapsed","%","9.93"
"555","583630","python3.8","127.0.0.1","void cutlass::Kernel<cutlass_80_tensorop_s1688gemm_256x64_16x4_nn_align4>(T1::Params)","1","7","(128, 1, 1)","(16, 1, 64)","0","8.0","Command line profiler metrics","gpu__time_duration.sum","nsecond","248000"
"555","583630","python3.8","127.0.0.1","void cutlass::Kernel<cutlass_80_tensorop_s1688gemm_256x64_16x4_nn_align4>(T1::Params)","1","7","(128, 1, 1)","(16, 1, 64)","0","8.0","Command line profiler metrics","lts__t_sectors.avg.pct_of_peak_sustained_elapsed","%","25.83"
"556","583630","python3.8","127.0.0.1","void cudnn::bn_fw_inf_1C11_kernel_NCHW<float, float, (bool)1, (int)1>(T2, T2, cudnnTensorStruct, const T1 *, cudnnTensorStruct, T1 *, cudnnTensorStruct, const T2 *, const T2 *, const T2 *, const T2 *, T2)","1","7","(64, 1, 1)","(1024, 64, 1)","0","8.0","Command line profiler metrics","dram__throughput.avg.pct_of_peak_sustained_elapsed","%","32.38"
"556","583630","python3.8","127.0.0.1","void cudnn::bn_fw_inf_1C11_kernel_NCHW<float, float, (bool)1, (int)1>(T2, T2, cudnnTensorStruct, const T1 *, cudnnTensorStruct, T1 *, cudnnTensorStruct, const T2 *, const T2 *, const T2 *, const T2 *, T2)","1","7","(64, 1, 1)","(1024, 64, 1)","0","8.0","Command line profiler metrics","gpu__time_duration.sum","nsecond","144640"
"556","583630","python3.8","127.0.0.1","void cudnn::bn_fw_inf_1C11_kernel_NCHW<float, float, (bool)1, (int)1>(T2, T2, cudnnTensorStruct, const T1 *, cudnnTensorStruct, T1 *, cudnnTensorStruct, const T2 *, const T2 *, const T2 *, const T2 *, T2)","1","7","(64, 1, 1)","(1024, 64, 1)","0","8.0","Command line profiler metrics","lts__t_sectors.avg.pct_of_peak_sustained_elapsed","%","18.62"
"557","583630","python3.8","127.0.0.1","void at::native::vectorized_elementwise_kernel<(int)4, at::native::CUDAFunctor_add<float>, at::detail::Array<char *, (int)3>>(int, T2, T3)","1","7","(128, 1, 1)","(25088, 1, 1)","0","8.0","Command line profiler metrics","dram__throughput.avg.pct_of_peak_sustained_elapsed","%","85.56"
"557","583630","python3.8","127.0.0.1","void at::native::vectorized_elementwise_kernel<(int)4, at::native::CUDAFunctor_add<float>, at::detail::Array<char *, (int)3>>(int, T2, T3)","1","7","(128, 1, 1)","(25088, 1, 1)","0","8.0","Command line profiler metrics","gpu__time_duration.sum","nsecond","84192"
"557","583630","python3.8","127.0.0.1","void at::native::vectorized_elementwise_kernel<(int)4, at::native::CUDAFunctor_add<float>, at::detail::Array<char *, (int)3>>(int, T2, T3)","1","7","(128, 1, 1)","(25088, 1, 1)","0","8.0","Command line profiler metrics","lts__t_sectors.avg.pct_of_peak_sustained_elapsed","%","41.58"
"558","583630","python3.8","127.0.0.1","void at::native::vectorized_elementwise_kernel<(int)4, at::native::<unnamed>::launch_clamp_scalar(at::TensorIteratorBase &, c10::Scalar, c10::Scalar, at::native::detail::ClampLimits)::[lambda() (instance 1)]::operator ()() const::[lambda() (instance 14)]::operator ()() const::[lambda(float) (instance 1)], at::detail::Array<char *, (int)2>>(int, T2, T3)","1","7","(128, 1, 1)","(25088, 1, 1)","0","8.0","Command line profiler metrics","dram__throughput.avg.pct_of_peak_sustained_elapsed","%","65.46"
"558","583630","python3.8","127.0.0.1","void at::native::vectorized_elementwise_kernel<(int)4, at::native::<unnamed>::launch_clamp_scalar(at::TensorIteratorBase &, c10::Scalar, c10::Scalar, at::native::detail::ClampLimits)::[lambda() (instance 1)]::operator ()() const::[lambda() (instance 14)]::operator ()() const::[lambda(float) (instance 1)], at::detail::Array<char *, (int)2>>(int, T2, T3)","1","7","(128, 1, 1)","(25088, 1, 1)","0","8.0","Command line profiler metrics","gpu__time_duration.sum","nsecond","66624"
"558","583630","python3.8","127.0.0.1","void at::native::vectorized_elementwise_kernel<(int)4, at::native::<unnamed>::launch_clamp_scalar(at::TensorIteratorBase &, c10::Scalar, c10::Scalar, at::native::detail::ClampLimits)::[lambda() (instance 1)]::operator ()() const::[lambda() (instance 14)]::operator ()() const::[lambda(float) (instance 1)], at::detail::Array<char *, (int)2>>(int, T2, T3)","1","7","(128, 1, 1)","(25088, 1, 1)","0","8.0","Command line profiler metrics","lts__t_sectors.avg.pct_of_peak_sustained_elapsed","%","32.22"
"559","583630","python3.8","127.0.0.1","void cutlass::Kernel<cutlass_80_tensorop_s1688gemm_256x64_16x4_nn_align4>(T1::Params)","1","7","(128, 1, 1)","(4, 1, 64)","0","8.0","Command line profiler metrics","dram__throughput.avg.pct_of_peak_sustained_elapsed","%","14.36"
"559","583630","python3.8","127.0.0.1","void cutlass::Kernel<cutlass_80_tensorop_s1688gemm_256x64_16x4_nn_align4>(T1::Params)","1","7","(128, 1, 1)","(4, 1, 64)","0","8.0","Command line profiler metrics","gpu__time_duration.sum","nsecond","218080"
"559","583630","python3.8","127.0.0.1","void cutlass::Kernel<cutlass_80_tensorop_s1688gemm_256x64_16x4_nn_align4>(T1::Params)","1","7","(128, 1, 1)","(4, 1, 64)","0","8.0","Command line profiler metrics","lts__t_sectors.avg.pct_of_peak_sustained_elapsed","%","28.20"
"560","583630","python3.8","127.0.0.1","void cudnn::bn_fw_inf_1C11_kernel_NCHW<float, float, (bool)1, (int)1>(T2, T2, cudnnTensorStruct, const T1 *, cudnnTensorStruct, T1 *, cudnnTensorStruct, const T2 *, const T2 *, const T2 *, const T2 *, T2)","1","7","(64, 1, 1)","(256, 64, 1)","0","8.0","Command line profiler metrics","dram__throughput.avg.pct_of_peak_sustained_elapsed","%","20.50"
"560","583630","python3.8","127.0.0.1","void cudnn::bn_fw_inf_1C11_kernel_NCHW<float, float, (bool)1, (int)1>(T2, T2, cudnnTensorStruct, const T1 *, cudnnTensorStruct, T1 *, cudnnTensorStruct, const T2 *, const T2 *, const T2 *, const T2 *, T2)","1","7","(64, 1, 1)","(256, 64, 1)","0","8.0","Command line profiler metrics","gpu__time_duration.sum","nsecond","35552"
"560","583630","python3.8","127.0.0.1","void cudnn::bn_fw_inf_1C11_kernel_NCHW<float, float, (bool)1, (int)1>(T2, T2, cudnnTensorStruct, const T1 *, cudnnTensorStruct, T1 *, cudnnTensorStruct, const T2 *, const T2 *, const T2 *, const T2 *, T2)","1","7","(64, 1, 1)","(256, 64, 1)","0","8.0","Command line profiler metrics","lts__t_sectors.avg.pct_of_peak_sustained_elapsed","%","15.42"
"561","583630","python3.8","127.0.0.1","void at::native::vectorized_elementwise_kernel<(int)4, at::native::<unnamed>::launch_clamp_scalar(at::TensorIteratorBase &, c10::Scalar, c10::Scalar, at::native::detail::ClampLimits)::[lambda() (instance 1)]::operator ()() const::[lambda() (instance 14)]::operator ()() const::[lambda(float) (instance 1)], at::detail::Array<char *, (int)2>>(int, T2, T3)","1","7","(128, 1, 1)","(6272, 1, 1)","0","8.0","Command line profiler metrics","dram__throughput.avg.pct_of_peak_sustained_elapsed","%","35.06"
"561","583630","python3.8","127.0.0.1","void at::native::vectorized_elementwise_kernel<(int)4, at::native::<unnamed>::launch_clamp_scalar(at::TensorIteratorBase &, c10::Scalar, c10::Scalar, at::native::detail::ClampLimits)::[lambda() (instance 1)]::operator ()() const::[lambda() (instance 14)]::operator ()() const::[lambda(float) (instance 1)], at::detail::Array<char *, (int)2>>(int, T2, T3)","1","7","(128, 1, 1)","(6272, 1, 1)","0","8.0","Command line profiler metrics","gpu__time_duration.sum","nsecond","19008"
"561","583630","python3.8","127.0.0.1","void at::native::vectorized_elementwise_kernel<(int)4, at::native::<unnamed>::launch_clamp_scalar(at::TensorIteratorBase &, c10::Scalar, c10::Scalar, at::native::detail::ClampLimits)::[lambda() (instance 1)]::operator ()() const::[lambda() (instance 14)]::operator ()() const::[lambda(float) (instance 1)], at::detail::Array<char *, (int)2>>(int, T2, T3)","1","7","(128, 1, 1)","(6272, 1, 1)","0","8.0","Command line profiler metrics","lts__t_sectors.avg.pct_of_peak_sustained_elapsed","%","27.11"
"562","583630","python3.8","127.0.0.1","void cudnn::ops::nchwToNhwcKernel<float, float, float, (bool)0, (bool)1, (cudnnKernelDataType_t)2>(cudnn::ops::nchw2nhwc_params_t<T3>, const T1 *, T2 *)","1","7","(256, 1, 1)","(7, 8, 64)","0","8.0","Command line profiler metrics","dram__throughput.avg.pct_of_peak_sustained_elapsed","%","31.52"
"562","583630","python3.8","127.0.0.1","void cudnn::ops::nchwToNhwcKernel<float, float, float, (bool)0, (bool)1, (cudnnKernelDataType_t)2>(cudnn::ops::nchw2nhwc_params_t<T3>, const T1 *, T2 *)","1","7","(256, 1, 1)","(7, 8, 64)","0","8.0","Command line profiler metrics","gpu__time_duration.sum","nsecond","23584"
"562","583630","python3.8","127.0.0.1","void cudnn::ops::nchwToNhwcKernel<float, float, float, (bool)0, (bool)1, (cudnnKernelDataType_t)2>(cudnn::ops::nchw2nhwc_params_t<T3>, const T1 *, T2 *)","1","7","(256, 1, 1)","(7, 8, 64)","0","8.0","Command line profiler metrics","lts__t_sectors.avg.pct_of_peak_sustained_elapsed","%","25.36"
"563","583630","python3.8","127.0.0.1","void cudnn::ops::nchwToNhwcKernel<float, float, float, (bool)0, (bool)1, (cudnnKernelDataType_t)2>(cudnn::ops::nchw2nhwc_params_t<T3>, const T1 *, T2 *)","1","7","(256, 1, 1)","(1, 8, 256)","0","8.0","Command line profiler metrics","dram__throughput.avg.pct_of_peak_sustained_elapsed","%","8.25"
"563","583630","python3.8","127.0.0.1","void cudnn::ops::nchwToNhwcKernel<float, float, float, (bool)0, (bool)1, (cudnnKernelDataType_t)2>(cudnn::ops::nchw2nhwc_params_t<T3>, const T1 *, T2 *)","1","7","(256, 1, 1)","(1, 8, 256)","0","8.0","Command line profiler metrics","gpu__time_duration.sum","nsecond","14912"
"563","583630","python3.8","127.0.0.1","void cudnn::ops::nchwToNhwcKernel<float, float, float, (bool)0, (bool)1, (cudnnKernelDataType_t)2>(cudnn::ops::nchw2nhwc_params_t<T3>, const T1 *, T2 *)","1","7","(256, 1, 1)","(1, 8, 256)","0","8.0","Command line profiler metrics","lts__t_sectors.avg.pct_of_peak_sustained_elapsed","%","7.06"
"564","583630","python3.8","127.0.0.1","sm80_xmma_fprop_implicit_gemm_tf32f32_tf32f32_f32_nhwckrsc_nchw_tilesize256x128x32_stage3_warpsize4x2x1_g1_tensor16x8x8_execute_kernel_cudnn","1","7","(256, 1, 1)","(2, 49, 1)","0","8.0","Command line profiler metrics","dram__throughput.avg.pct_of_peak_sustained_elapsed","%","2.68"
"564","583630","python3.8","127.0.0.1","sm80_xmma_fprop_implicit_gemm_tf32f32_tf32f32_f32_nhwckrsc_nchw_tilesize256x128x32_stage3_warpsize4x2x1_g1_tensor16x8x8_execute_kernel_cudnn","1","7","(256, 1, 1)","(2, 49, 1)","0","8.0","Command line profiler metrics","gpu__time_duration.sum","nsecond","317952"
"564","583630","python3.8","127.0.0.1","sm80_xmma_fprop_implicit_gemm_tf32f32_tf32f32_f32_nhwckrsc_nchw_tilesize256x128x32_stage3_warpsize4x2x1_g1_tensor16x8x8_execute_kernel_cudnn","1","7","(256, 1, 1)","(2, 49, 1)","0","8.0","Command line profiler metrics","lts__t_sectors.avg.pct_of_peak_sustained_elapsed","%","14.51"
"565","583630","python3.8","127.0.0.1","void cudnn::bn_fw_inf_1C11_kernel_NCHW<float, float, (bool)1, (int)1>(T2, T2, cudnnTensorStruct, const T1 *, cudnnTensorStruct, T1 *, cudnnTensorStruct, const T2 *, const T2 *, const T2 *, const T2 *, T2)","1","7","(64, 1, 1)","(256, 64, 1)","0","8.0","Command line profiler metrics","dram__throughput.avg.pct_of_peak_sustained_elapsed","%","20.26"
"565","583630","python3.8","127.0.0.1","void cudnn::bn_fw_inf_1C11_kernel_NCHW<float, float, (bool)1, (int)1>(T2, T2, cudnnTensorStruct, const T1 *, cudnnTensorStruct, T1 *, cudnnTensorStruct, const T2 *, const T2 *, const T2 *, const T2 *, T2)","1","7","(64, 1, 1)","(256, 64, 1)","0","8.0","Command line profiler metrics","gpu__time_duration.sum","nsecond","36096"
"565","583630","python3.8","127.0.0.1","void cudnn::bn_fw_inf_1C11_kernel_NCHW<float, float, (bool)1, (int)1>(T2, T2, cudnnTensorStruct, const T1 *, cudnnTensorStruct, T1 *, cudnnTensorStruct, const T2 *, const T2 *, const T2 *, const T2 *, T2)","1","7","(64, 1, 1)","(256, 64, 1)","0","8.0","Command line profiler metrics","lts__t_sectors.avg.pct_of_peak_sustained_elapsed","%","15.68"
"566","583630","python3.8","127.0.0.1","void at::native::vectorized_elementwise_kernel<(int)4, at::native::<unnamed>::launch_clamp_scalar(at::TensorIteratorBase &, c10::Scalar, c10::Scalar, at::native::detail::ClampLimits)::[lambda() (instance 1)]::operator ()() const::[lambda() (instance 14)]::operator ()() const::[lambda(float) (instance 1)], at::detail::Array<char *, (int)2>>(int, T2, T3)","1","7","(128, 1, 1)","(6272, 1, 1)","0","8.0","Command line profiler metrics","dram__throughput.avg.pct_of_peak_sustained_elapsed","%","34.39"
"566","583630","python3.8","127.0.0.1","void at::native::vectorized_elementwise_kernel<(int)4, at::native::<unnamed>::launch_clamp_scalar(at::TensorIteratorBase &, c10::Scalar, c10::Scalar, at::native::detail::ClampLimits)::[lambda() (instance 1)]::operator ()() const::[lambda() (instance 14)]::operator ()() const::[lambda(float) (instance 1)], at::detail::Array<char *, (int)2>>(int, T2, T3)","1","7","(128, 1, 1)","(6272, 1, 1)","0","8.0","Command line profiler metrics","gpu__time_duration.sum","nsecond","19424"
"566","583630","python3.8","127.0.0.1","void at::native::vectorized_elementwise_kernel<(int)4, at::native::<unnamed>::launch_clamp_scalar(at::TensorIteratorBase &, c10::Scalar, c10::Scalar, at::native::detail::ClampLimits)::[lambda() (instance 1)]::operator ()() const::[lambda() (instance 14)]::operator ()() const::[lambda(float) (instance 1)], at::detail::Array<char *, (int)2>>(int, T2, T3)","1","7","(128, 1, 1)","(6272, 1, 1)","0","8.0","Command line profiler metrics","lts__t_sectors.avg.pct_of_peak_sustained_elapsed","%","26.46"
"567","583630","python3.8","127.0.0.1","void cutlass::Kernel<cutlass_80_tensorop_s1688gemm_256x64_16x4_nn_align4>(T1::Params)","1","7","(128, 1, 1)","(16, 1, 64)","0","8.0","Command line profiler metrics","dram__throughput.avg.pct_of_peak_sustained_elapsed","%","10.03"
"567","583630","python3.8","127.0.0.1","void cutlass::Kernel<cutlass_80_tensorop_s1688gemm_256x64_16x4_nn_align4>(T1::Params)","1","7","(128, 1, 1)","(16, 1, 64)","0","8.0","Command line profiler metrics","gpu__time_duration.sum","nsecond","247040"
"567","583630","python3.8","127.0.0.1","void cutlass::Kernel<cutlass_80_tensorop_s1688gemm_256x64_16x4_nn_align4>(T1::Params)","1","7","(128, 1, 1)","(16, 1, 64)","0","8.0","Command line profiler metrics","lts__t_sectors.avg.pct_of_peak_sustained_elapsed","%","25.91"
"568","583630","python3.8","127.0.0.1","void cudnn::bn_fw_inf_1C11_kernel_NCHW<float, float, (bool)1, (int)1>(T2, T2, cudnnTensorStruct, const T1 *, cudnnTensorStruct, T1 *, cudnnTensorStruct, const T2 *, const T2 *, const T2 *, const T2 *, T2)","1","7","(64, 1, 1)","(1024, 64, 1)","0","8.0","Command line profiler metrics","dram__throughput.avg.pct_of_peak_sustained_elapsed","%","32.35"
"568","583630","python3.8","127.0.0.1","void cudnn::bn_fw_inf_1C11_kernel_NCHW<float, float, (bool)1, (int)1>(T2, T2, cudnnTensorStruct, const T1 *, cudnnTensorStruct, T1 *, cudnnTensorStruct, const T2 *, const T2 *, const T2 *, const T2 *, T2)","1","7","(64, 1, 1)","(1024, 64, 1)","0","8.0","Command line profiler metrics","gpu__time_duration.sum","nsecond","144736"
"568","583630","python3.8","127.0.0.1","void cudnn::bn_fw_inf_1C11_kernel_NCHW<float, float, (bool)1, (int)1>(T2, T2, cudnnTensorStruct, const T1 *, cudnnTensorStruct, T1 *, cudnnTensorStruct, const T2 *, const T2 *, const T2 *, const T2 *, T2)","1","7","(64, 1, 1)","(1024, 64, 1)","0","8.0","Command line profiler metrics","lts__t_sectors.avg.pct_of_peak_sustained_elapsed","%","18.72"
"569","583630","python3.8","127.0.0.1","void at::native::vectorized_elementwise_kernel<(int)4, at::native::CUDAFunctor_add<float>, at::detail::Array<char *, (int)3>>(int, T2, T3)","1","7","(128, 1, 1)","(25088, 1, 1)","0","8.0","Command line profiler metrics","dram__throughput.avg.pct_of_peak_sustained_elapsed","%","85.39"
"569","583630","python3.8","127.0.0.1","void at::native::vectorized_elementwise_kernel<(int)4, at::native::CUDAFunctor_add<float>, at::detail::Array<char *, (int)3>>(int, T2, T3)","1","7","(128, 1, 1)","(25088, 1, 1)","0","8.0","Command line profiler metrics","gpu__time_duration.sum","nsecond","84320"
"569","583630","python3.8","127.0.0.1","void at::native::vectorized_elementwise_kernel<(int)4, at::native::CUDAFunctor_add<float>, at::detail::Array<char *, (int)3>>(int, T2, T3)","1","7","(128, 1, 1)","(25088, 1, 1)","0","8.0","Command line profiler metrics","lts__t_sectors.avg.pct_of_peak_sustained_elapsed","%","41.57"
"570","583630","python3.8","127.0.0.1","void at::native::vectorized_elementwise_kernel<(int)4, at::native::<unnamed>::launch_clamp_scalar(at::TensorIteratorBase &, c10::Scalar, c10::Scalar, at::native::detail::ClampLimits)::[lambda() (instance 1)]::operator ()() const::[lambda() (instance 14)]::operator ()() const::[lambda(float) (instance 1)], at::detail::Array<char *, (int)2>>(int, T2, T3)","1","7","(128, 1, 1)","(25088, 1, 1)","0","8.0","Command line profiler metrics","dram__throughput.avg.pct_of_peak_sustained_elapsed","%","66.46"
"570","583630","python3.8","127.0.0.1","void at::native::vectorized_elementwise_kernel<(int)4, at::native::<unnamed>::launch_clamp_scalar(at::TensorIteratorBase &, c10::Scalar, c10::Scalar, at::native::detail::ClampLimits)::[lambda() (instance 1)]::operator ()() const::[lambda() (instance 14)]::operator ()() const::[lambda(float) (instance 1)], at::detail::Array<char *, (int)2>>(int, T2, T3)","1","7","(128, 1, 1)","(25088, 1, 1)","0","8.0","Command line profiler metrics","gpu__time_duration.sum","nsecond","65536"
"570","583630","python3.8","127.0.0.1","void at::native::vectorized_elementwise_kernel<(int)4, at::native::<unnamed>::launch_clamp_scalar(at::TensorIteratorBase &, c10::Scalar, c10::Scalar, at::native::detail::ClampLimits)::[lambda() (instance 1)]::operator ()() const::[lambda() (instance 14)]::operator ()() const::[lambda(float) (instance 1)], at::detail::Array<char *, (int)2>>(int, T2, T3)","1","7","(128, 1, 1)","(25088, 1, 1)","0","8.0","Command line profiler metrics","lts__t_sectors.avg.pct_of_peak_sustained_elapsed","%","32.76"
"571","583630","python3.8","127.0.0.1","void cutlass::Kernel<cutlass_80_tensorop_s1688gemm_256x64_16x4_nn_align4>(T1::Params)","1","7","(128, 1, 1)","(4, 1, 64)","0","8.0","Command line profiler metrics","dram__throughput.avg.pct_of_peak_sustained_elapsed","%","14.40"
"571","583630","python3.8","127.0.0.1","void cutlass::Kernel<cutlass_80_tensorop_s1688gemm_256x64_16x4_nn_align4>(T1::Params)","1","7","(128, 1, 1)","(4, 1, 64)","0","8.0","Command line profiler metrics","gpu__time_duration.sum","nsecond","217504"
"571","583630","python3.8","127.0.0.1","void cutlass::Kernel<cutlass_80_tensorop_s1688gemm_256x64_16x4_nn_align4>(T1::Params)","1","7","(128, 1, 1)","(4, 1, 64)","0","8.0","Command line profiler metrics","lts__t_sectors.avg.pct_of_peak_sustained_elapsed","%","28.25"
"572","583630","python3.8","127.0.0.1","void cudnn::bn_fw_inf_1C11_kernel_NCHW<float, float, (bool)1, (int)1>(T2, T2, cudnnTensorStruct, const T1 *, cudnnTensorStruct, T1 *, cudnnTensorStruct, const T2 *, const T2 *, const T2 *, const T2 *, T2)","1","7","(64, 1, 1)","(256, 64, 1)","0","8.0","Command line profiler metrics","dram__throughput.avg.pct_of_peak_sustained_elapsed","%","20.45"
"572","583630","python3.8","127.0.0.1","void cudnn::bn_fw_inf_1C11_kernel_NCHW<float, float, (bool)1, (int)1>(T2, T2, cudnnTensorStruct, const T1 *, cudnnTensorStruct, T1 *, cudnnTensorStruct, const T2 *, const T2 *, const T2 *, const T2 *, T2)","1","7","(64, 1, 1)","(256, 64, 1)","0","8.0","Command line profiler metrics","gpu__time_duration.sum","nsecond","35392"
"572","583630","python3.8","127.0.0.1","void cudnn::bn_fw_inf_1C11_kernel_NCHW<float, float, (bool)1, (int)1>(T2, T2, cudnnTensorStruct, const T1 *, cudnnTensorStruct, T1 *, cudnnTensorStruct, const T2 *, const T2 *, const T2 *, const T2 *, T2)","1","7","(64, 1, 1)","(256, 64, 1)","0","8.0","Command line profiler metrics","lts__t_sectors.avg.pct_of_peak_sustained_elapsed","%","15.52"
"573","583630","python3.8","127.0.0.1","void at::native::vectorized_elementwise_kernel<(int)4, at::native::<unnamed>::launch_clamp_scalar(at::TensorIteratorBase &, c10::Scalar, c10::Scalar, at::native::detail::ClampLimits)::[lambda() (instance 1)]::operator ()() const::[lambda() (instance 14)]::operator ()() const::[lambda(float) (instance 1)], at::detail::Array<char *, (int)2>>(int, T2, T3)","1","7","(128, 1, 1)","(6272, 1, 1)","0","8.0","Command line profiler metrics","dram__throughput.avg.pct_of_peak_sustained_elapsed","%","34.37"
"573","583630","python3.8","127.0.0.1","void at::native::vectorized_elementwise_kernel<(int)4, at::native::<unnamed>::launch_clamp_scalar(at::TensorIteratorBase &, c10::Scalar, c10::Scalar, at::native::detail::ClampLimits)::[lambda() (instance 1)]::operator ()() const::[lambda() (instance 14)]::operator ()() const::[lambda(float) (instance 1)], at::detail::Array<char *, (int)2>>(int, T2, T3)","1","7","(128, 1, 1)","(6272, 1, 1)","0","8.0","Command line profiler metrics","gpu__time_duration.sum","nsecond","19392"
"573","583630","python3.8","127.0.0.1","void at::native::vectorized_elementwise_kernel<(int)4, at::native::<unnamed>::launch_clamp_scalar(at::TensorIteratorBase &, c10::Scalar, c10::Scalar, at::native::detail::ClampLimits)::[lambda() (instance 1)]::operator ()() const::[lambda() (instance 14)]::operator ()() const::[lambda(float) (instance 1)], at::detail::Array<char *, (int)2>>(int, T2, T3)","1","7","(128, 1, 1)","(6272, 1, 1)","0","8.0","Command line profiler metrics","lts__t_sectors.avg.pct_of_peak_sustained_elapsed","%","26.40"
"574","583630","python3.8","127.0.0.1","void cudnn::ops::nchwToNhwcKernel<float, float, float, (bool)0, (bool)1, (cudnnKernelDataType_t)2>(cudnn::ops::nchw2nhwc_params_t<T3>, const T1 *, T2 *)","1","7","(256, 1, 1)","(7, 8, 64)","0","8.0","Command line profiler metrics","dram__throughput.avg.pct_of_peak_sustained_elapsed","%","31.24"
"574","583630","python3.8","127.0.0.1","void cudnn::ops::nchwToNhwcKernel<float, float, float, (bool)0, (bool)1, (cudnnKernelDataType_t)2>(cudnn::ops::nchw2nhwc_params_t<T3>, const T1 *, T2 *)","1","7","(256, 1, 1)","(7, 8, 64)","0","8.0","Command line profiler metrics","gpu__time_duration.sum","nsecond","23680"
"574","583630","python3.8","127.0.0.1","void cudnn::ops::nchwToNhwcKernel<float, float, float, (bool)0, (bool)1, (cudnnKernelDataType_t)2>(cudnn::ops::nchw2nhwc_params_t<T3>, const T1 *, T2 *)","1","7","(256, 1, 1)","(7, 8, 64)","0","8.0","Command line profiler metrics","lts__t_sectors.avg.pct_of_peak_sustained_elapsed","%","25.16"
"575","583630","python3.8","127.0.0.1","void cudnn::ops::nchwToNhwcKernel<float, float, float, (bool)0, (bool)1, (cudnnKernelDataType_t)2>(cudnn::ops::nchw2nhwc_params_t<T3>, const T1 *, T2 *)","1","7","(256, 1, 1)","(1, 8, 256)","0","8.0","Command line profiler metrics","dram__throughput.avg.pct_of_peak_sustained_elapsed","%","8.03"
"575","583630","python3.8","127.0.0.1","void cudnn::ops::nchwToNhwcKernel<float, float, float, (bool)0, (bool)1, (cudnnKernelDataType_t)2>(cudnn::ops::nchw2nhwc_params_t<T3>, const T1 *, T2 *)","1","7","(256, 1, 1)","(1, 8, 256)","0","8.0","Command line profiler metrics","gpu__time_duration.sum","nsecond","15328"
"575","583630","python3.8","127.0.0.1","void cudnn::ops::nchwToNhwcKernel<float, float, float, (bool)0, (bool)1, (cudnnKernelDataType_t)2>(cudnn::ops::nchw2nhwc_params_t<T3>, const T1 *, T2 *)","1","7","(256, 1, 1)","(1, 8, 256)","0","8.0","Command line profiler metrics","lts__t_sectors.avg.pct_of_peak_sustained_elapsed","%","6.92"
"576","583630","python3.8","127.0.0.1","sm80_xmma_fprop_implicit_gemm_tf32f32_tf32f32_f32_nhwckrsc_nchw_tilesize256x128x32_stage3_warpsize4x2x1_g1_tensor16x8x8_execute_kernel_cudnn","1","7","(256, 1, 1)","(2, 49, 1)","0","8.0","Command line profiler metrics","dram__throughput.avg.pct_of_peak_sustained_elapsed","%","2.72"
"576","583630","python3.8","127.0.0.1","sm80_xmma_fprop_implicit_gemm_tf32f32_tf32f32_f32_nhwckrsc_nchw_tilesize256x128x32_stage3_warpsize4x2x1_g1_tensor16x8x8_execute_kernel_cudnn","1","7","(256, 1, 1)","(2, 49, 1)","0","8.0","Command line profiler metrics","gpu__time_duration.sum","nsecond","317728"
"576","583630","python3.8","127.0.0.1","sm80_xmma_fprop_implicit_gemm_tf32f32_tf32f32_f32_nhwckrsc_nchw_tilesize256x128x32_stage3_warpsize4x2x1_g1_tensor16x8x8_execute_kernel_cudnn","1","7","(256, 1, 1)","(2, 49, 1)","0","8.0","Command line profiler metrics","lts__t_sectors.avg.pct_of_peak_sustained_elapsed","%","14.57"
"577","583630","python3.8","127.0.0.1","void cudnn::bn_fw_inf_1C11_kernel_NCHW<float, float, (bool)1, (int)1>(T2, T2, cudnnTensorStruct, const T1 *, cudnnTensorStruct, T1 *, cudnnTensorStruct, const T2 *, const T2 *, const T2 *, const T2 *, T2)","1","7","(64, 1, 1)","(256, 64, 1)","0","8.0","Command line profiler metrics","dram__throughput.avg.pct_of_peak_sustained_elapsed","%","20.46"
"577","583630","python3.8","127.0.0.1","void cudnn::bn_fw_inf_1C11_kernel_NCHW<float, float, (bool)1, (int)1>(T2, T2, cudnnTensorStruct, const T1 *, cudnnTensorStruct, T1 *, cudnnTensorStruct, const T2 *, const T2 *, const T2 *, const T2 *, T2)","1","7","(64, 1, 1)","(256, 64, 1)","0","8.0","Command line profiler metrics","gpu__time_duration.sum","nsecond","35616"
"577","583630","python3.8","127.0.0.1","void cudnn::bn_fw_inf_1C11_kernel_NCHW<float, float, (bool)1, (int)1>(T2, T2, cudnnTensorStruct, const T1 *, cudnnTensorStruct, T1 *, cudnnTensorStruct, const T2 *, const T2 *, const T2 *, const T2 *, T2)","1","7","(64, 1, 1)","(256, 64, 1)","0","8.0","Command line profiler metrics","lts__t_sectors.avg.pct_of_peak_sustained_elapsed","%","15.84"
"578","583630","python3.8","127.0.0.1","void at::native::vectorized_elementwise_kernel<(int)4, at::native::<unnamed>::launch_clamp_scalar(at::TensorIteratorBase &, c10::Scalar, c10::Scalar, at::native::detail::ClampLimits)::[lambda() (instance 1)]::operator ()() const::[lambda() (instance 14)]::operator ()() const::[lambda(float) (instance 1)], at::detail::Array<char *, (int)2>>(int, T2, T3)","1","7","(128, 1, 1)","(6272, 1, 1)","0","8.0","Command line profiler metrics","dram__throughput.avg.pct_of_peak_sustained_elapsed","%","34.51"
"578","583630","python3.8","127.0.0.1","void at::native::vectorized_elementwise_kernel<(int)4, at::native::<unnamed>::launch_clamp_scalar(at::TensorIteratorBase &, c10::Scalar, c10::Scalar, at::native::detail::ClampLimits)::[lambda() (instance 1)]::operator ()() const::[lambda() (instance 14)]::operator ()() const::[lambda(float) (instance 1)], at::detail::Array<char *, (int)2>>(int, T2, T3)","1","7","(128, 1, 1)","(6272, 1, 1)","0","8.0","Command line profiler metrics","gpu__time_duration.sum","nsecond","19328"
"578","583630","python3.8","127.0.0.1","void at::native::vectorized_elementwise_kernel<(int)4, at::native::<unnamed>::launch_clamp_scalar(at::TensorIteratorBase &, c10::Scalar, c10::Scalar, at::native::detail::ClampLimits)::[lambda() (instance 1)]::operator ()() const::[lambda() (instance 14)]::operator ()() const::[lambda(float) (instance 1)], at::detail::Array<char *, (int)2>>(int, T2, T3)","1","7","(128, 1, 1)","(6272, 1, 1)","0","8.0","Command line profiler metrics","lts__t_sectors.avg.pct_of_peak_sustained_elapsed","%","26.36"
"579","583630","python3.8","127.0.0.1","void cutlass::Kernel<cutlass_80_tensorop_s1688gemm_256x64_16x4_nn_align4>(T1::Params)","1","7","(128, 1, 1)","(16, 1, 64)","0","8.0","Command line profiler metrics","dram__throughput.avg.pct_of_peak_sustained_elapsed","%","9.98"
"579","583630","python3.8","127.0.0.1","void cutlass::Kernel<cutlass_80_tensorop_s1688gemm_256x64_16x4_nn_align4>(T1::Params)","1","7","(128, 1, 1)","(16, 1, 64)","0","8.0","Command line profiler metrics","gpu__time_duration.sum","nsecond","248448"
"579","583630","python3.8","127.0.0.1","void cutlass::Kernel<cutlass_80_tensorop_s1688gemm_256x64_16x4_nn_align4>(T1::Params)","1","7","(128, 1, 1)","(16, 1, 64)","0","8.0","Command line profiler metrics","lts__t_sectors.avg.pct_of_peak_sustained_elapsed","%","25.79"
"580","583630","python3.8","127.0.0.1","void cudnn::bn_fw_inf_1C11_kernel_NCHW<float, float, (bool)1, (int)1>(T2, T2, cudnnTensorStruct, const T1 *, cudnnTensorStruct, T1 *, cudnnTensorStruct, const T2 *, const T2 *, const T2 *, const T2 *, T2)","1","7","(64, 1, 1)","(1024, 64, 1)","0","8.0","Command line profiler metrics","dram__throughput.avg.pct_of_peak_sustained_elapsed","%","32.43"
"580","583630","python3.8","127.0.0.1","void cudnn::bn_fw_inf_1C11_kernel_NCHW<float, float, (bool)1, (int)1>(T2, T2, cudnnTensorStruct, const T1 *, cudnnTensorStruct, T1 *, cudnnTensorStruct, const T2 *, const T2 *, const T2 *, const T2 *, T2)","1","7","(64, 1, 1)","(1024, 64, 1)","0","8.0","Command line profiler metrics","gpu__time_duration.sum","nsecond","144032"
"580","583630","python3.8","127.0.0.1","void cudnn::bn_fw_inf_1C11_kernel_NCHW<float, float, (bool)1, (int)1>(T2, T2, cudnnTensorStruct, const T1 *, cudnnTensorStruct, T1 *, cudnnTensorStruct, const T2 *, const T2 *, const T2 *, const T2 *, T2)","1","7","(64, 1, 1)","(1024, 64, 1)","0","8.0","Command line profiler metrics","lts__t_sectors.avg.pct_of_peak_sustained_elapsed","%","18.75"
"581","583630","python3.8","127.0.0.1","void at::native::vectorized_elementwise_kernel<(int)4, at::native::CUDAFunctor_add<float>, at::detail::Array<char *, (int)3>>(int, T2, T3)","1","7","(128, 1, 1)","(25088, 1, 1)","0","8.0","Command line profiler metrics","dram__throughput.avg.pct_of_peak_sustained_elapsed","%","86.07"
"581","583630","python3.8","127.0.0.1","void at::native::vectorized_elementwise_kernel<(int)4, at::native::CUDAFunctor_add<float>, at::detail::Array<char *, (int)3>>(int, T2, T3)","1","7","(128, 1, 1)","(25088, 1, 1)","0","8.0","Command line profiler metrics","gpu__time_duration.sum","nsecond","83776"
"581","583630","python3.8","127.0.0.1","void at::native::vectorized_elementwise_kernel<(int)4, at::native::CUDAFunctor_add<float>, at::detail::Array<char *, (int)3>>(int, T2, T3)","1","7","(128, 1, 1)","(25088, 1, 1)","0","8.0","Command line profiler metrics","lts__t_sectors.avg.pct_of_peak_sustained_elapsed","%","41.65"
"582","583630","python3.8","127.0.0.1","void at::native::vectorized_elementwise_kernel<(int)4, at::native::<unnamed>::launch_clamp_scalar(at::TensorIteratorBase &, c10::Scalar, c10::Scalar, at::native::detail::ClampLimits)::[lambda() (instance 1)]::operator ()() const::[lambda() (instance 14)]::operator ()() const::[lambda(float) (instance 1)], at::detail::Array<char *, (int)2>>(int, T2, T3)","1","7","(128, 1, 1)","(25088, 1, 1)","0","8.0","Command line profiler metrics","dram__throughput.avg.pct_of_peak_sustained_elapsed","%","66.28"
"582","583630","python3.8","127.0.0.1","void at::native::vectorized_elementwise_kernel<(int)4, at::native::<unnamed>::launch_clamp_scalar(at::TensorIteratorBase &, c10::Scalar, c10::Scalar, at::native::detail::ClampLimits)::[lambda() (instance 1)]::operator ()() const::[lambda() (instance 14)]::operator ()() const::[lambda(float) (instance 1)], at::detail::Array<char *, (int)2>>(int, T2, T3)","1","7","(128, 1, 1)","(25088, 1, 1)","0","8.0","Command line profiler metrics","gpu__time_duration.sum","nsecond","65728"
"582","583630","python3.8","127.0.0.1","void at::native::vectorized_elementwise_kernel<(int)4, at::native::<unnamed>::launch_clamp_scalar(at::TensorIteratorBase &, c10::Scalar, c10::Scalar, at::native::detail::ClampLimits)::[lambda() (instance 1)]::operator ()() const::[lambda() (instance 14)]::operator ()() const::[lambda(float) (instance 1)], at::detail::Array<char *, (int)2>>(int, T2, T3)","1","7","(128, 1, 1)","(25088, 1, 1)","0","8.0","Command line profiler metrics","lts__t_sectors.avg.pct_of_peak_sustained_elapsed","%","32.64"
"583","583630","python3.8","127.0.0.1","void cutlass::Kernel<cutlass_80_tensorop_s1688gemm_256x64_16x4_nn_align4>(T1::Params)","1","7","(128, 1, 1)","(4, 1, 64)","0","8.0","Command line profiler metrics","dram__throughput.avg.pct_of_peak_sustained_elapsed","%","14.37"
"583","583630","python3.8","127.0.0.1","void cutlass::Kernel<cutlass_80_tensorop_s1688gemm_256x64_16x4_nn_align4>(T1::Params)","1","7","(128, 1, 1)","(4, 1, 64)","0","8.0","Command line profiler metrics","gpu__time_duration.sum","nsecond","217760"
"583","583630","python3.8","127.0.0.1","void cutlass::Kernel<cutlass_80_tensorop_s1688gemm_256x64_16x4_nn_align4>(T1::Params)","1","7","(128, 1, 1)","(4, 1, 64)","0","8.0","Command line profiler metrics","lts__t_sectors.avg.pct_of_peak_sustained_elapsed","%","28.08"
"584","583630","python3.8","127.0.0.1","void cudnn::bn_fw_inf_1C11_kernel_NCHW<float, float, (bool)1, (int)1>(T2, T2, cudnnTensorStruct, const T1 *, cudnnTensorStruct, T1 *, cudnnTensorStruct, const T2 *, const T2 *, const T2 *, const T2 *, T2)","1","7","(64, 1, 1)","(256, 64, 1)","0","8.0","Command line profiler metrics","dram__throughput.avg.pct_of_peak_sustained_elapsed","%","20.67"
"584","583630","python3.8","127.0.0.1","void cudnn::bn_fw_inf_1C11_kernel_NCHW<float, float, (bool)1, (int)1>(T2, T2, cudnnTensorStruct, const T1 *, cudnnTensorStruct, T1 *, cudnnTensorStruct, const T2 *, const T2 *, const T2 *, const T2 *, T2)","1","7","(64, 1, 1)","(256, 64, 1)","0","8.0","Command line profiler metrics","gpu__time_duration.sum","nsecond","35200"
"584","583630","python3.8","127.0.0.1","void cudnn::bn_fw_inf_1C11_kernel_NCHW<float, float, (bool)1, (int)1>(T2, T2, cudnnTensorStruct, const T1 *, cudnnTensorStruct, T1 *, cudnnTensorStruct, const T2 *, const T2 *, const T2 *, const T2 *, T2)","1","7","(64, 1, 1)","(256, 64, 1)","0","8.0","Command line profiler metrics","lts__t_sectors.avg.pct_of_peak_sustained_elapsed","%","15.64"
"585","583630","python3.8","127.0.0.1","void at::native::vectorized_elementwise_kernel<(int)4, at::native::<unnamed>::launch_clamp_scalar(at::TensorIteratorBase &, c10::Scalar, c10::Scalar, at::native::detail::ClampLimits)::[lambda() (instance 1)]::operator ()() const::[lambda() (instance 14)]::operator ()() const::[lambda(float) (instance 1)], at::detail::Array<char *, (int)2>>(int, T2, T3)","1","7","(128, 1, 1)","(6272, 1, 1)","0","8.0","Command line profiler metrics","dram__throughput.avg.pct_of_peak_sustained_elapsed","%","34.88"
"585","583630","python3.8","127.0.0.1","void at::native::vectorized_elementwise_kernel<(int)4, at::native::<unnamed>::launch_clamp_scalar(at::TensorIteratorBase &, c10::Scalar, c10::Scalar, at::native::detail::ClampLimits)::[lambda() (instance 1)]::operator ()() const::[lambda() (instance 14)]::operator ()() const::[lambda(float) (instance 1)], at::detail::Array<char *, (int)2>>(int, T2, T3)","1","7","(128, 1, 1)","(6272, 1, 1)","0","8.0","Command line profiler metrics","gpu__time_duration.sum","nsecond","19104"
"585","583630","python3.8","127.0.0.1","void at::native::vectorized_elementwise_kernel<(int)4, at::native::<unnamed>::launch_clamp_scalar(at::TensorIteratorBase &, c10::Scalar, c10::Scalar, at::native::detail::ClampLimits)::[lambda() (instance 1)]::operator ()() const::[lambda() (instance 14)]::operator ()() const::[lambda(float) (instance 1)], at::detail::Array<char *, (int)2>>(int, T2, T3)","1","7","(128, 1, 1)","(6272, 1, 1)","0","8.0","Command line profiler metrics","lts__t_sectors.avg.pct_of_peak_sustained_elapsed","%","26.81"
"586","583630","python3.8","127.0.0.1","void cudnn::ops::nchwToNhwcKernel<float, float, float, (bool)0, (bool)1, (cudnnKernelDataType_t)2>(cudnn::ops::nchw2nhwc_params_t<T3>, const T1 *, T2 *)","1","7","(256, 1, 1)","(7, 8, 64)","0","8.0","Command line profiler metrics","dram__throughput.avg.pct_of_peak_sustained_elapsed","%","31.57"
"586","583630","python3.8","127.0.0.1","void cudnn::ops::nchwToNhwcKernel<float, float, float, (bool)0, (bool)1, (cudnnKernelDataType_t)2>(cudnn::ops::nchw2nhwc_params_t<T3>, const T1 *, T2 *)","1","7","(256, 1, 1)","(7, 8, 64)","0","8.0","Command line profiler metrics","gpu__time_duration.sum","nsecond","23296"
"586","583630","python3.8","127.0.0.1","void cudnn::ops::nchwToNhwcKernel<float, float, float, (bool)0, (bool)1, (cudnnKernelDataType_t)2>(cudnn::ops::nchw2nhwc_params_t<T3>, const T1 *, T2 *)","1","7","(256, 1, 1)","(7, 8, 64)","0","8.0","Command line profiler metrics","lts__t_sectors.avg.pct_of_peak_sustained_elapsed","%","25.56"
"587","583630","python3.8","127.0.0.1","void cudnn::ops::nchwToNhwcKernel<float, float, float, (bool)0, (bool)1, (cudnnKernelDataType_t)2>(cudnn::ops::nchw2nhwc_params_t<T3>, const T1 *, T2 *)","1","7","(256, 1, 1)","(1, 8, 256)","0","8.0","Command line profiler metrics","dram__throughput.avg.pct_of_peak_sustained_elapsed","%","8.14"
"587","583630","python3.8","127.0.0.1","void cudnn::ops::nchwToNhwcKernel<float, float, float, (bool)0, (bool)1, (cudnnKernelDataType_t)2>(cudnn::ops::nchw2nhwc_params_t<T3>, const T1 *, T2 *)","1","7","(256, 1, 1)","(1, 8, 256)","0","8.0","Command line profiler metrics","gpu__time_duration.sum","nsecond","15072"
"587","583630","python3.8","127.0.0.1","void cudnn::ops::nchwToNhwcKernel<float, float, float, (bool)0, (bool)1, (cudnnKernelDataType_t)2>(cudnn::ops::nchw2nhwc_params_t<T3>, const T1 *, T2 *)","1","7","(256, 1, 1)","(1, 8, 256)","0","8.0","Command line profiler metrics","lts__t_sectors.avg.pct_of_peak_sustained_elapsed","%","6.96"
"588","583630","python3.8","127.0.0.1","sm80_xmma_fprop_implicit_gemm_tf32f32_tf32f32_f32_nhwckrsc_nchw_tilesize256x128x32_stage3_warpsize4x2x1_g1_tensor16x8x8_execute_kernel_cudnn","1","7","(256, 1, 1)","(2, 49, 1)","0","8.0","Command line profiler metrics","dram__throughput.avg.pct_of_peak_sustained_elapsed","%","2.69"
"588","583630","python3.8","127.0.0.1","sm80_xmma_fprop_implicit_gemm_tf32f32_tf32f32_f32_nhwckrsc_nchw_tilesize256x128x32_stage3_warpsize4x2x1_g1_tensor16x8x8_execute_kernel_cudnn","1","7","(256, 1, 1)","(2, 49, 1)","0","8.0","Command line profiler metrics","gpu__time_duration.sum","nsecond","318048"
"588","583630","python3.8","127.0.0.1","sm80_xmma_fprop_implicit_gemm_tf32f32_tf32f32_f32_nhwckrsc_nchw_tilesize256x128x32_stage3_warpsize4x2x1_g1_tensor16x8x8_execute_kernel_cudnn","1","7","(256, 1, 1)","(2, 49, 1)","0","8.0","Command line profiler metrics","lts__t_sectors.avg.pct_of_peak_sustained_elapsed","%","14.50"
"589","583630","python3.8","127.0.0.1","void cudnn::bn_fw_inf_1C11_kernel_NCHW<float, float, (bool)1, (int)1>(T2, T2, cudnnTensorStruct, const T1 *, cudnnTensorStruct, T1 *, cudnnTensorStruct, const T2 *, const T2 *, const T2 *, const T2 *, T2)","1","7","(64, 1, 1)","(256, 64, 1)","0","8.0","Command line profiler metrics","dram__throughput.avg.pct_of_peak_sustained_elapsed","%","20.37"
"589","583630","python3.8","127.0.0.1","void cudnn::bn_fw_inf_1C11_kernel_NCHW<float, float, (bool)1, (int)1>(T2, T2, cudnnTensorStruct, const T1 *, cudnnTensorStruct, T1 *, cudnnTensorStruct, const T2 *, const T2 *, const T2 *, const T2 *, T2)","1","7","(64, 1, 1)","(256, 64, 1)","0","8.0","Command line profiler metrics","gpu__time_duration.sum","nsecond","35584"
"589","583630","python3.8","127.0.0.1","void cudnn::bn_fw_inf_1C11_kernel_NCHW<float, float, (bool)1, (int)1>(T2, T2, cudnnTensorStruct, const T1 *, cudnnTensorStruct, T1 *, cudnnTensorStruct, const T2 *, const T2 *, const T2 *, const T2 *, T2)","1","7","(64, 1, 1)","(256, 64, 1)","0","8.0","Command line profiler metrics","lts__t_sectors.avg.pct_of_peak_sustained_elapsed","%","15.89"
"590","583630","python3.8","127.0.0.1","void at::native::vectorized_elementwise_kernel<(int)4, at::native::<unnamed>::launch_clamp_scalar(at::TensorIteratorBase &, c10::Scalar, c10::Scalar, at::native::detail::ClampLimits)::[lambda() (instance 1)]::operator ()() const::[lambda() (instance 14)]::operator ()() const::[lambda(float) (instance 1)], at::detail::Array<char *, (int)2>>(int, T2, T3)","1","7","(128, 1, 1)","(6272, 1, 1)","0","8.0","Command line profiler metrics","dram__throughput.avg.pct_of_peak_sustained_elapsed","%","35.04"
"590","583630","python3.8","127.0.0.1","void at::native::vectorized_elementwise_kernel<(int)4, at::native::<unnamed>::launch_clamp_scalar(at::TensorIteratorBase &, c10::Scalar, c10::Scalar, at::native::detail::ClampLimits)::[lambda() (instance 1)]::operator ()() const::[lambda() (instance 14)]::operator ()() const::[lambda(float) (instance 1)], at::detail::Array<char *, (int)2>>(int, T2, T3)","1","7","(128, 1, 1)","(6272, 1, 1)","0","8.0","Command line profiler metrics","gpu__time_duration.sum","nsecond","19040"
"590","583630","python3.8","127.0.0.1","void at::native::vectorized_elementwise_kernel<(int)4, at::native::<unnamed>::launch_clamp_scalar(at::TensorIteratorBase &, c10::Scalar, c10::Scalar, at::native::detail::ClampLimits)::[lambda() (instance 1)]::operator ()() const::[lambda() (instance 14)]::operator ()() const::[lambda(float) (instance 1)], at::detail::Array<char *, (int)2>>(int, T2, T3)","1","7","(128, 1, 1)","(6272, 1, 1)","0","8.0","Command line profiler metrics","lts__t_sectors.avg.pct_of_peak_sustained_elapsed","%","26.92"
"591","583630","python3.8","127.0.0.1","void cutlass::Kernel<cutlass_80_tensorop_s1688gemm_256x64_16x4_nn_align4>(T1::Params)","1","7","(128, 1, 1)","(16, 1, 64)","0","8.0","Command line profiler metrics","dram__throughput.avg.pct_of_peak_sustained_elapsed","%","9.94"
"591","583630","python3.8","127.0.0.1","void cutlass::Kernel<cutlass_80_tensorop_s1688gemm_256x64_16x4_nn_align4>(T1::Params)","1","7","(128, 1, 1)","(16, 1, 64)","0","8.0","Command line profiler metrics","gpu__time_duration.sum","nsecond","247072"
"591","583630","python3.8","127.0.0.1","void cutlass::Kernel<cutlass_80_tensorop_s1688gemm_256x64_16x4_nn_align4>(T1::Params)","1","7","(128, 1, 1)","(16, 1, 64)","0","8.0","Command line profiler metrics","lts__t_sectors.avg.pct_of_peak_sustained_elapsed","%","25.93"
"592","583630","python3.8","127.0.0.1","void cudnn::bn_fw_inf_1C11_kernel_NCHW<float, float, (bool)1, (int)1>(T2, T2, cudnnTensorStruct, const T1 *, cudnnTensorStruct, T1 *, cudnnTensorStruct, const T2 *, const T2 *, const T2 *, const T2 *, T2)","1","7","(64, 1, 1)","(1024, 64, 1)","0","8.0","Command line profiler metrics","dram__throughput.avg.pct_of_peak_sustained_elapsed","%","32.53"
"592","583630","python3.8","127.0.0.1","void cudnn::bn_fw_inf_1C11_kernel_NCHW<float, float, (bool)1, (int)1>(T2, T2, cudnnTensorStruct, const T1 *, cudnnTensorStruct, T1 *, cudnnTensorStruct, const T2 *, const T2 *, const T2 *, const T2 *, T2)","1","7","(64, 1, 1)","(1024, 64, 1)","0","8.0","Command line profiler metrics","gpu__time_duration.sum","nsecond","143904"
"592","583630","python3.8","127.0.0.1","void cudnn::bn_fw_inf_1C11_kernel_NCHW<float, float, (bool)1, (int)1>(T2, T2, cudnnTensorStruct, const T1 *, cudnnTensorStruct, T1 *, cudnnTensorStruct, const T2 *, const T2 *, const T2 *, const T2 *, T2)","1","7","(64, 1, 1)","(1024, 64, 1)","0","8.0","Command line profiler metrics","lts__t_sectors.avg.pct_of_peak_sustained_elapsed","%","18.81"
"593","583630","python3.8","127.0.0.1","void at::native::vectorized_elementwise_kernel<(int)4, at::native::CUDAFunctor_add<float>, at::detail::Array<char *, (int)3>>(int, T2, T3)","1","7","(128, 1, 1)","(25088, 1, 1)","0","8.0","Command line profiler metrics","dram__throughput.avg.pct_of_peak_sustained_elapsed","%","85.94"
"593","583630","python3.8","127.0.0.1","void at::native::vectorized_elementwise_kernel<(int)4, at::native::CUDAFunctor_add<float>, at::detail::Array<char *, (int)3>>(int, T2, T3)","1","7","(128, 1, 1)","(25088, 1, 1)","0","8.0","Command line profiler metrics","gpu__time_duration.sum","nsecond","83936"
"593","583630","python3.8","127.0.0.1","void at::native::vectorized_elementwise_kernel<(int)4, at::native::CUDAFunctor_add<float>, at::detail::Array<char *, (int)3>>(int, T2, T3)","1","7","(128, 1, 1)","(25088, 1, 1)","0","8.0","Command line profiler metrics","lts__t_sectors.avg.pct_of_peak_sustained_elapsed","%","41.64"
"594","583630","python3.8","127.0.0.1","void at::native::vectorized_elementwise_kernel<(int)4, at::native::<unnamed>::launch_clamp_scalar(at::TensorIteratorBase &, c10::Scalar, c10::Scalar, at::native::detail::ClampLimits)::[lambda() (instance 1)]::operator ()() const::[lambda() (instance 14)]::operator ()() const::[lambda(float) (instance 1)], at::detail::Array<char *, (int)2>>(int, T2, T3)","1","7","(128, 1, 1)","(25088, 1, 1)","0","8.0","Command line profiler metrics","dram__throughput.avg.pct_of_peak_sustained_elapsed","%","66.15"
"594","583630","python3.8","127.0.0.1","void at::native::vectorized_elementwise_kernel<(int)4, at::native::<unnamed>::launch_clamp_scalar(at::TensorIteratorBase &, c10::Scalar, c10::Scalar, at::native::detail::ClampLimits)::[lambda() (instance 1)]::operator ()() const::[lambda() (instance 14)]::operator ()() const::[lambda(float) (instance 1)], at::detail::Array<char *, (int)2>>(int, T2, T3)","1","7","(128, 1, 1)","(25088, 1, 1)","0","8.0","Command line profiler metrics","gpu__time_duration.sum","nsecond","65888"
"594","583630","python3.8","127.0.0.1","void at::native::vectorized_elementwise_kernel<(int)4, at::native::<unnamed>::launch_clamp_scalar(at::TensorIteratorBase &, c10::Scalar, c10::Scalar, at::native::detail::ClampLimits)::[lambda() (instance 1)]::operator ()() const::[lambda() (instance 14)]::operator ()() const::[lambda(float) (instance 1)], at::detail::Array<char *, (int)2>>(int, T2, T3)","1","7","(128, 1, 1)","(25088, 1, 1)","0","8.0","Command line profiler metrics","lts__t_sectors.avg.pct_of_peak_sustained_elapsed","%","32.57"
"595","583630","python3.8","127.0.0.1","void cutlass::Kernel<cutlass_80_tensorop_s1688gemm_256x64_16x4_nn_align4>(T1::Params)","1","7","(128, 1, 1)","(4, 1, 64)","0","8.0","Command line profiler metrics","dram__throughput.avg.pct_of_peak_sustained_elapsed","%","14.34"
"595","583630","python3.8","127.0.0.1","void cutlass::Kernel<cutlass_80_tensorop_s1688gemm_256x64_16x4_nn_align4>(T1::Params)","1","7","(128, 1, 1)","(4, 1, 64)","0","8.0","Command line profiler metrics","gpu__time_duration.sum","nsecond","218176"
"595","583630","python3.8","127.0.0.1","void cutlass::Kernel<cutlass_80_tensorop_s1688gemm_256x64_16x4_nn_align4>(T1::Params)","1","7","(128, 1, 1)","(4, 1, 64)","0","8.0","Command line profiler metrics","lts__t_sectors.avg.pct_of_peak_sustained_elapsed","%","28.25"
"596","583630","python3.8","127.0.0.1","void cudnn::bn_fw_inf_1C11_kernel_NCHW<float, float, (bool)1, (int)1>(T2, T2, cudnnTensorStruct, const T1 *, cudnnTensorStruct, T1 *, cudnnTensorStruct, const T2 *, const T2 *, const T2 *, const T2 *, T2)","1","7","(64, 1, 1)","(256, 64, 1)","0","8.0","Command line profiler metrics","dram__throughput.avg.pct_of_peak_sustained_elapsed","%","20.69"
"596","583630","python3.8","127.0.0.1","void cudnn::bn_fw_inf_1C11_kernel_NCHW<float, float, (bool)1, (int)1>(T2, T2, cudnnTensorStruct, const T1 *, cudnnTensorStruct, T1 *, cudnnTensorStruct, const T2 *, const T2 *, const T2 *, const T2 *, T2)","1","7","(64, 1, 1)","(256, 64, 1)","0","8.0","Command line profiler metrics","gpu__time_duration.sum","nsecond","35232"
"596","583630","python3.8","127.0.0.1","void cudnn::bn_fw_inf_1C11_kernel_NCHW<float, float, (bool)1, (int)1>(T2, T2, cudnnTensorStruct, const T1 *, cudnnTensorStruct, T1 *, cudnnTensorStruct, const T2 *, const T2 *, const T2 *, const T2 *, T2)","1","7","(64, 1, 1)","(256, 64, 1)","0","8.0","Command line profiler metrics","lts__t_sectors.avg.pct_of_peak_sustained_elapsed","%","15.54"
"597","583630","python3.8","127.0.0.1","void at::native::vectorized_elementwise_kernel<(int)4, at::native::<unnamed>::launch_clamp_scalar(at::TensorIteratorBase &, c10::Scalar, c10::Scalar, at::native::detail::ClampLimits)::[lambda() (instance 1)]::operator ()() const::[lambda() (instance 14)]::operator ()() const::[lambda(float) (instance 1)], at::detail::Array<char *, (int)2>>(int, T2, T3)","1","7","(128, 1, 1)","(6272, 1, 1)","0","8.0","Command line profiler metrics","dram__throughput.avg.pct_of_peak_sustained_elapsed","%","35.48"
"597","583630","python3.8","127.0.0.1","void at::native::vectorized_elementwise_kernel<(int)4, at::native::<unnamed>::launch_clamp_scalar(at::TensorIteratorBase &, c10::Scalar, c10::Scalar, at::native::detail::ClampLimits)::[lambda() (instance 1)]::operator ()() const::[lambda() (instance 14)]::operator ()() const::[lambda(float) (instance 1)], at::detail::Array<char *, (int)2>>(int, T2, T3)","1","7","(128, 1, 1)","(6272, 1, 1)","0","8.0","Command line profiler metrics","gpu__time_duration.sum","nsecond","18752"
"597","583630","python3.8","127.0.0.1","void at::native::vectorized_elementwise_kernel<(int)4, at::native::<unnamed>::launch_clamp_scalar(at::TensorIteratorBase &, c10::Scalar, c10::Scalar, at::native::detail::ClampLimits)::[lambda() (instance 1)]::operator ()() const::[lambda() (instance 14)]::operator ()() const::[lambda(float) (instance 1)], at::detail::Array<char *, (int)2>>(int, T2, T3)","1","7","(128, 1, 1)","(6272, 1, 1)","0","8.0","Command line profiler metrics","lts__t_sectors.avg.pct_of_peak_sustained_elapsed","%","27.29"
"598","583630","python3.8","127.0.0.1","void cudnn::ops::nchwToNhwcKernel<float, float, float, (bool)0, (bool)1, (cudnnKernelDataType_t)2>(cudnn::ops::nchw2nhwc_params_t<T3>, const T1 *, T2 *)","1","7","(256, 1, 1)","(7, 8, 64)","0","8.0","Command line profiler metrics","dram__throughput.avg.pct_of_peak_sustained_elapsed","%","30.88"
"598","583630","python3.8","127.0.0.1","void cudnn::ops::nchwToNhwcKernel<float, float, float, (bool)0, (bool)1, (cudnnKernelDataType_t)2>(cudnn::ops::nchw2nhwc_params_t<T3>, const T1 *, T2 *)","1","7","(256, 1, 1)","(7, 8, 64)","0","8.0","Command line profiler metrics","gpu__time_duration.sum","nsecond","23776"
"598","583630","python3.8","127.0.0.1","void cudnn::ops::nchwToNhwcKernel<float, float, float, (bool)0, (bool)1, (cudnnKernelDataType_t)2>(cudnn::ops::nchw2nhwc_params_t<T3>, const T1 *, T2 *)","1","7","(256, 1, 1)","(7, 8, 64)","0","8.0","Command line profiler metrics","lts__t_sectors.avg.pct_of_peak_sustained_elapsed","%","25.05"
"599","583630","python3.8","127.0.0.1","void cudnn::ops::nchwToNhwcKernel<float, float, float, (bool)0, (bool)1, (cudnnKernelDataType_t)2>(cudnn::ops::nchw2nhwc_params_t<T3>, const T1 *, T2 *)","1","7","(256, 1, 1)","(1, 8, 256)","0","8.0","Command line profiler metrics","dram__throughput.avg.pct_of_peak_sustained_elapsed","%","8.15"
"599","583630","python3.8","127.0.0.1","void cudnn::ops::nchwToNhwcKernel<float, float, float, (bool)0, (bool)1, (cudnnKernelDataType_t)2>(cudnn::ops::nchw2nhwc_params_t<T3>, const T1 *, T2 *)","1","7","(256, 1, 1)","(1, 8, 256)","0","8.0","Command line profiler metrics","gpu__time_duration.sum","nsecond","15104"
"599","583630","python3.8","127.0.0.1","void cudnn::ops::nchwToNhwcKernel<float, float, float, (bool)0, (bool)1, (cudnnKernelDataType_t)2>(cudnn::ops::nchw2nhwc_params_t<T3>, const T1 *, T2 *)","1","7","(256, 1, 1)","(1, 8, 256)","0","8.0","Command line profiler metrics","lts__t_sectors.avg.pct_of_peak_sustained_elapsed","%","7.02"
"600","583630","python3.8","127.0.0.1","sm80_xmma_fprop_implicit_gemm_tf32f32_tf32f32_f32_nhwckrsc_nchw_tilesize256x128x32_stage3_warpsize4x2x1_g1_tensor16x8x8_execute_kernel_cudnn","1","7","(256, 1, 1)","(2, 49, 1)","0","8.0","Command line profiler metrics","dram__throughput.avg.pct_of_peak_sustained_elapsed","%","2.70"
"600","583630","python3.8","127.0.0.1","sm80_xmma_fprop_implicit_gemm_tf32f32_tf32f32_f32_nhwckrsc_nchw_tilesize256x128x32_stage3_warpsize4x2x1_g1_tensor16x8x8_execute_kernel_cudnn","1","7","(256, 1, 1)","(2, 49, 1)","0","8.0","Command line profiler metrics","gpu__time_duration.sum","nsecond","318464"
"600","583630","python3.8","127.0.0.1","sm80_xmma_fprop_implicit_gemm_tf32f32_tf32f32_f32_nhwckrsc_nchw_tilesize256x128x32_stage3_warpsize4x2x1_g1_tensor16x8x8_execute_kernel_cudnn","1","7","(256, 1, 1)","(2, 49, 1)","0","8.0","Command line profiler metrics","lts__t_sectors.avg.pct_of_peak_sustained_elapsed","%","14.55"
"601","583630","python3.8","127.0.0.1","void cudnn::bn_fw_inf_1C11_kernel_NCHW<float, float, (bool)1, (int)1>(T2, T2, cudnnTensorStruct, const T1 *, cudnnTensorStruct, T1 *, cudnnTensorStruct, const T2 *, const T2 *, const T2 *, const T2 *, T2)","1","7","(64, 1, 1)","(256, 64, 1)","0","8.0","Command line profiler metrics","dram__throughput.avg.pct_of_peak_sustained_elapsed","%","20.61"
"601","583630","python3.8","127.0.0.1","void cudnn::bn_fw_inf_1C11_kernel_NCHW<float, float, (bool)1, (int)1>(T2, T2, cudnnTensorStruct, const T1 *, cudnnTensorStruct, T1 *, cudnnTensorStruct, const T2 *, const T2 *, const T2 *, const T2 *, T2)","1","7","(64, 1, 1)","(256, 64, 1)","0","8.0","Command line profiler metrics","gpu__time_duration.sum","nsecond","35456"
"601","583630","python3.8","127.0.0.1","void cudnn::bn_fw_inf_1C11_kernel_NCHW<float, float, (bool)1, (int)1>(T2, T2, cudnnTensorStruct, const T1 *, cudnnTensorStruct, T1 *, cudnnTensorStruct, const T2 *, const T2 *, const T2 *, const T2 *, T2)","1","7","(64, 1, 1)","(256, 64, 1)","0","8.0","Command line profiler metrics","lts__t_sectors.avg.pct_of_peak_sustained_elapsed","%","15.90"
"602","583630","python3.8","127.0.0.1","void at::native::vectorized_elementwise_kernel<(int)4, at::native::<unnamed>::launch_clamp_scalar(at::TensorIteratorBase &, c10::Scalar, c10::Scalar, at::native::detail::ClampLimits)::[lambda() (instance 1)]::operator ()() const::[lambda() (instance 14)]::operator ()() const::[lambda(float) (instance 1)], at::detail::Array<char *, (int)2>>(int, T2, T3)","1","7","(128, 1, 1)","(6272, 1, 1)","0","8.0","Command line profiler metrics","dram__throughput.avg.pct_of_peak_sustained_elapsed","%","35.46"
"602","583630","python3.8","127.0.0.1","void at::native::vectorized_elementwise_kernel<(int)4, at::native::<unnamed>::launch_clamp_scalar(at::TensorIteratorBase &, c10::Scalar, c10::Scalar, at::native::detail::ClampLimits)::[lambda() (instance 1)]::operator ()() const::[lambda() (instance 14)]::operator ()() const::[lambda(float) (instance 1)], at::detail::Array<char *, (int)2>>(int, T2, T3)","1","7","(128, 1, 1)","(6272, 1, 1)","0","8.0","Command line profiler metrics","gpu__time_duration.sum","nsecond","18816"
"602","583630","python3.8","127.0.0.1","void at::native::vectorized_elementwise_kernel<(int)4, at::native::<unnamed>::launch_clamp_scalar(at::TensorIteratorBase &, c10::Scalar, c10::Scalar, at::native::detail::ClampLimits)::[lambda() (instance 1)]::operator ()() const::[lambda() (instance 14)]::operator ()() const::[lambda(float) (instance 1)], at::detail::Array<char *, (int)2>>(int, T2, T3)","1","7","(128, 1, 1)","(6272, 1, 1)","0","8.0","Command line profiler metrics","lts__t_sectors.avg.pct_of_peak_sustained_elapsed","%","27.27"
"603","583630","python3.8","127.0.0.1","void cutlass::Kernel<cutlass_80_tensorop_s1688gemm_256x64_16x4_nn_align4>(T1::Params)","1","7","(128, 1, 1)","(16, 1, 64)","0","8.0","Command line profiler metrics","dram__throughput.avg.pct_of_peak_sustained_elapsed","%","10.00"
"603","583630","python3.8","127.0.0.1","void cutlass::Kernel<cutlass_80_tensorop_s1688gemm_256x64_16x4_nn_align4>(T1::Params)","1","7","(128, 1, 1)","(16, 1, 64)","0","8.0","Command line profiler metrics","gpu__time_duration.sum","nsecond","247296"
"603","583630","python3.8","127.0.0.1","void cutlass::Kernel<cutlass_80_tensorop_s1688gemm_256x64_16x4_nn_align4>(T1::Params)","1","7","(128, 1, 1)","(16, 1, 64)","0","8.0","Command line profiler metrics","lts__t_sectors.avg.pct_of_peak_sustained_elapsed","%","25.88"
"604","583630","python3.8","127.0.0.1","void cudnn::bn_fw_inf_1C11_kernel_NCHW<float, float, (bool)1, (int)1>(T2, T2, cudnnTensorStruct, const T1 *, cudnnTensorStruct, T1 *, cudnnTensorStruct, const T2 *, const T2 *, const T2 *, const T2 *, T2)","1","7","(64, 1, 1)","(1024, 64, 1)","0","8.0","Command line profiler metrics","dram__throughput.avg.pct_of_peak_sustained_elapsed","%","32.41"
"604","583630","python3.8","127.0.0.1","void cudnn::bn_fw_inf_1C11_kernel_NCHW<float, float, (bool)1, (int)1>(T2, T2, cudnnTensorStruct, const T1 *, cudnnTensorStruct, T1 *, cudnnTensorStruct, const T2 *, const T2 *, const T2 *, const T2 *, T2)","1","7","(64, 1, 1)","(1024, 64, 1)","0","8.0","Command line profiler metrics","gpu__time_duration.sum","nsecond","144384"
"604","583630","python3.8","127.0.0.1","void cudnn::bn_fw_inf_1C11_kernel_NCHW<float, float, (bool)1, (int)1>(T2, T2, cudnnTensorStruct, const T1 *, cudnnTensorStruct, T1 *, cudnnTensorStruct, const T2 *, const T2 *, const T2 *, const T2 *, T2)","1","7","(64, 1, 1)","(1024, 64, 1)","0","8.0","Command line profiler metrics","lts__t_sectors.avg.pct_of_peak_sustained_elapsed","%","18.78"
"605","583630","python3.8","127.0.0.1","void at::native::vectorized_elementwise_kernel<(int)4, at::native::CUDAFunctor_add<float>, at::detail::Array<char *, (int)3>>(int, T2, T3)","1","7","(128, 1, 1)","(25088, 1, 1)","0","8.0","Command line profiler metrics","dram__throughput.avg.pct_of_peak_sustained_elapsed","%","85.55"
"605","583630","python3.8","127.0.0.1","void at::native::vectorized_elementwise_kernel<(int)4, at::native::CUDAFunctor_add<float>, at::detail::Array<char *, (int)3>>(int, T2, T3)","1","7","(128, 1, 1)","(25088, 1, 1)","0","8.0","Command line profiler metrics","gpu__time_duration.sum","nsecond","83904"
"605","583630","python3.8","127.0.0.1","void at::native::vectorized_elementwise_kernel<(int)4, at::native::CUDAFunctor_add<float>, at::detail::Array<char *, (int)3>>(int, T2, T3)","1","7","(128, 1, 1)","(25088, 1, 1)","0","8.0","Command line profiler metrics","lts__t_sectors.avg.pct_of_peak_sustained_elapsed","%","41.71"
"606","583630","python3.8","127.0.0.1","void at::native::vectorized_elementwise_kernel<(int)4, at::native::<unnamed>::launch_clamp_scalar(at::TensorIteratorBase &, c10::Scalar, c10::Scalar, at::native::detail::ClampLimits)::[lambda() (instance 1)]::operator ()() const::[lambda() (instance 14)]::operator ()() const::[lambda(float) (instance 1)], at::detail::Array<char *, (int)2>>(int, T2, T3)","1","7","(128, 1, 1)","(25088, 1, 1)","0","8.0","Command line profiler metrics","dram__throughput.avg.pct_of_peak_sustained_elapsed","%","66.44"
"606","583630","python3.8","127.0.0.1","void at::native::vectorized_elementwise_kernel<(int)4, at::native::<unnamed>::launch_clamp_scalar(at::TensorIteratorBase &, c10::Scalar, c10::Scalar, at::native::detail::ClampLimits)::[lambda() (instance 1)]::operator ()() const::[lambda() (instance 14)]::operator ()() const::[lambda(float) (instance 1)], at::detail::Array<char *, (int)2>>(int, T2, T3)","1","7","(128, 1, 1)","(25088, 1, 1)","0","8.0","Command line profiler metrics","gpu__time_duration.sum","nsecond","65568"
"606","583630","python3.8","127.0.0.1","void at::native::vectorized_elementwise_kernel<(int)4, at::native::<unnamed>::launch_clamp_scalar(at::TensorIteratorBase &, c10::Scalar, c10::Scalar, at::native::detail::ClampLimits)::[lambda() (instance 1)]::operator ()() const::[lambda() (instance 14)]::operator ()() const::[lambda(float) (instance 1)], at::detail::Array<char *, (int)2>>(int, T2, T3)","1","7","(128, 1, 1)","(25088, 1, 1)","0","8.0","Command line profiler metrics","lts__t_sectors.avg.pct_of_peak_sustained_elapsed","%","32.69"
"607","583630","python3.8","127.0.0.1","void cutlass::Kernel<cutlass_80_tensorop_s1688gemm_256x64_16x4_nn_align4>(T1::Params)","1","7","(128, 1, 1)","(4, 1, 64)","0","8.0","Command line profiler metrics","dram__throughput.avg.pct_of_peak_sustained_elapsed","%","14.35"
"607","583630","python3.8","127.0.0.1","void cutlass::Kernel<cutlass_80_tensorop_s1688gemm_256x64_16x4_nn_align4>(T1::Params)","1","7","(128, 1, 1)","(4, 1, 64)","0","8.0","Command line profiler metrics","gpu__time_duration.sum","nsecond","217760"
"607","583630","python3.8","127.0.0.1","void cutlass::Kernel<cutlass_80_tensorop_s1688gemm_256x64_16x4_nn_align4>(T1::Params)","1","7","(128, 1, 1)","(4, 1, 64)","0","8.0","Command line profiler metrics","lts__t_sectors.avg.pct_of_peak_sustained_elapsed","%","28.19"
"608","583630","python3.8","127.0.0.1","void cudnn::bn_fw_inf_1C11_kernel_NCHW<float, float, (bool)1, (int)1>(T2, T2, cudnnTensorStruct, const T1 *, cudnnTensorStruct, T1 *, cudnnTensorStruct, const T2 *, const T2 *, const T2 *, const T2 *, T2)","1","7","(64, 1, 1)","(256, 64, 1)","0","8.0","Command line profiler metrics","dram__throughput.avg.pct_of_peak_sustained_elapsed","%","20.78"
"608","583630","python3.8","127.0.0.1","void cudnn::bn_fw_inf_1C11_kernel_NCHW<float, float, (bool)1, (int)1>(T2, T2, cudnnTensorStruct, const T1 *, cudnnTensorStruct, T1 *, cudnnTensorStruct, const T2 *, const T2 *, const T2 *, const T2 *, T2)","1","7","(64, 1, 1)","(256, 64, 1)","0","8.0","Command line profiler metrics","gpu__time_duration.sum","nsecond","34752"
"608","583630","python3.8","127.0.0.1","void cudnn::bn_fw_inf_1C11_kernel_NCHW<float, float, (bool)1, (int)1>(T2, T2, cudnnTensorStruct, const T1 *, cudnnTensorStruct, T1 *, cudnnTensorStruct, const T2 *, const T2 *, const T2 *, const T2 *, T2)","1","7","(64, 1, 1)","(256, 64, 1)","0","8.0","Command line profiler metrics","lts__t_sectors.avg.pct_of_peak_sustained_elapsed","%","15.83"
"609","583630","python3.8","127.0.0.1","void at::native::vectorized_elementwise_kernel<(int)4, at::native::<unnamed>::launch_clamp_scalar(at::TensorIteratorBase &, c10::Scalar, c10::Scalar, at::native::detail::ClampLimits)::[lambda() (instance 1)]::operator ()() const::[lambda() (instance 14)]::operator ()() const::[lambda(float) (instance 1)], at::detail::Array<char *, (int)2>>(int, T2, T3)","1","7","(128, 1, 1)","(6272, 1, 1)","0","8.0","Command line profiler metrics","dram__throughput.avg.pct_of_peak_sustained_elapsed","%","35.25"
"609","583630","python3.8","127.0.0.1","void at::native::vectorized_elementwise_kernel<(int)4, at::native::<unnamed>::launch_clamp_scalar(at::TensorIteratorBase &, c10::Scalar, c10::Scalar, at::native::detail::ClampLimits)::[lambda() (instance 1)]::operator ()() const::[lambda() (instance 14)]::operator ()() const::[lambda(float) (instance 1)], at::detail::Array<char *, (int)2>>(int, T2, T3)","1","7","(128, 1, 1)","(6272, 1, 1)","0","8.0","Command line profiler metrics","gpu__time_duration.sum","nsecond","18880"
"609","583630","python3.8","127.0.0.1","void at::native::vectorized_elementwise_kernel<(int)4, at::native::<unnamed>::launch_clamp_scalar(at::TensorIteratorBase &, c10::Scalar, c10::Scalar, at::native::detail::ClampLimits)::[lambda() (instance 1)]::operator ()() const::[lambda() (instance 14)]::operator ()() const::[lambda(float) (instance 1)], at::detail::Array<char *, (int)2>>(int, T2, T3)","1","7","(128, 1, 1)","(6272, 1, 1)","0","8.0","Command line profiler metrics","lts__t_sectors.avg.pct_of_peak_sustained_elapsed","%","27.04"
"610","583630","python3.8","127.0.0.1","void cudnn::ops::nchwToNhwcKernel<float, float, float, (bool)0, (bool)1, (cudnnKernelDataType_t)2>(cudnn::ops::nchw2nhwc_params_t<T3>, const T1 *, T2 *)","1","7","(256, 1, 1)","(7, 8, 64)","0","8.0","Command line profiler metrics","dram__throughput.avg.pct_of_peak_sustained_elapsed","%","30.42"
"610","583630","python3.8","127.0.0.1","void cudnn::ops::nchwToNhwcKernel<float, float, float, (bool)0, (bool)1, (cudnnKernelDataType_t)2>(cudnn::ops::nchw2nhwc_params_t<T3>, const T1 *, T2 *)","1","7","(256, 1, 1)","(7, 8, 64)","0","8.0","Command line profiler metrics","gpu__time_duration.sum","nsecond","24000"
"610","583630","python3.8","127.0.0.1","void cudnn::ops::nchwToNhwcKernel<float, float, float, (bool)0, (bool)1, (cudnnKernelDataType_t)2>(cudnn::ops::nchw2nhwc_params_t<T3>, const T1 *, T2 *)","1","7","(256, 1, 1)","(7, 8, 64)","0","8.0","Command line profiler metrics","lts__t_sectors.avg.pct_of_peak_sustained_elapsed","%","24.68"
"611","583630","python3.8","127.0.0.1","void cudnn::ops::nchwToNhwcKernel<float, float, float, (bool)0, (bool)1, (cudnnKernelDataType_t)2>(cudnn::ops::nchw2nhwc_params_t<T3>, const T1 *, T2 *)","1","7","(256, 1, 1)","(1, 8, 256)","0","8.0","Command line profiler metrics","dram__throughput.avg.pct_of_peak_sustained_elapsed","%","8.21"
"611","583630","python3.8","127.0.0.1","void cudnn::ops::nchwToNhwcKernel<float, float, float, (bool)0, (bool)1, (cudnnKernelDataType_t)2>(cudnn::ops::nchw2nhwc_params_t<T3>, const T1 *, T2 *)","1","7","(256, 1, 1)","(1, 8, 256)","0","8.0","Command line profiler metrics","gpu__time_duration.sum","nsecond","14944"
"611","583630","python3.8","127.0.0.1","void cudnn::ops::nchwToNhwcKernel<float, float, float, (bool)0, (bool)1, (cudnnKernelDataType_t)2>(cudnn::ops::nchw2nhwc_params_t<T3>, const T1 *, T2 *)","1","7","(256, 1, 1)","(1, 8, 256)","0","8.0","Command line profiler metrics","lts__t_sectors.avg.pct_of_peak_sustained_elapsed","%","7.05"
"612","583630","python3.8","127.0.0.1","sm80_xmma_fprop_implicit_gemm_tf32f32_tf32f32_f32_nhwckrsc_nchw_tilesize256x128x32_stage3_warpsize4x2x1_g1_tensor16x8x8_execute_kernel_cudnn","1","7","(256, 1, 1)","(2, 49, 1)","0","8.0","Command line profiler metrics","dram__throughput.avg.pct_of_peak_sustained_elapsed","%","2.72"
"612","583630","python3.8","127.0.0.1","sm80_xmma_fprop_implicit_gemm_tf32f32_tf32f32_f32_nhwckrsc_nchw_tilesize256x128x32_stage3_warpsize4x2x1_g1_tensor16x8x8_execute_kernel_cudnn","1","7","(256, 1, 1)","(2, 49, 1)","0","8.0","Command line profiler metrics","gpu__time_duration.sum","nsecond","318208"
"612","583630","python3.8","127.0.0.1","sm80_xmma_fprop_implicit_gemm_tf32f32_tf32f32_f32_nhwckrsc_nchw_tilesize256x128x32_stage3_warpsize4x2x1_g1_tensor16x8x8_execute_kernel_cudnn","1","7","(256, 1, 1)","(2, 49, 1)","0","8.0","Command line profiler metrics","lts__t_sectors.avg.pct_of_peak_sustained_elapsed","%","14.57"
"613","583630","python3.8","127.0.0.1","void cudnn::bn_fw_inf_1C11_kernel_NCHW<float, float, (bool)1, (int)1>(T2, T2, cudnnTensorStruct, const T1 *, cudnnTensorStruct, T1 *, cudnnTensorStruct, const T2 *, const T2 *, const T2 *, const T2 *, T2)","1","7","(64, 1, 1)","(256, 64, 1)","0","8.0","Command line profiler metrics","dram__throughput.avg.pct_of_peak_sustained_elapsed","%","20.56"
"613","583630","python3.8","127.0.0.1","void cudnn::bn_fw_inf_1C11_kernel_NCHW<float, float, (bool)1, (int)1>(T2, T2, cudnnTensorStruct, const T1 *, cudnnTensorStruct, T1 *, cudnnTensorStruct, const T2 *, const T2 *, const T2 *, const T2 *, T2)","1","7","(64, 1, 1)","(256, 64, 1)","0","8.0","Command line profiler metrics","gpu__time_duration.sum","nsecond","35584"
"613","583630","python3.8","127.0.0.1","void cudnn::bn_fw_inf_1C11_kernel_NCHW<float, float, (bool)1, (int)1>(T2, T2, cudnnTensorStruct, const T1 *, cudnnTensorStruct, T1 *, cudnnTensorStruct, const T2 *, const T2 *, const T2 *, const T2 *, T2)","1","7","(64, 1, 1)","(256, 64, 1)","0","8.0","Command line profiler metrics","lts__t_sectors.avg.pct_of_peak_sustained_elapsed","%","15.82"
"614","583630","python3.8","127.0.0.1","void at::native::vectorized_elementwise_kernel<(int)4, at::native::<unnamed>::launch_clamp_scalar(at::TensorIteratorBase &, c10::Scalar, c10::Scalar, at::native::detail::ClampLimits)::[lambda() (instance 1)]::operator ()() const::[lambda() (instance 14)]::operator ()() const::[lambda(float) (instance 1)], at::detail::Array<char *, (int)2>>(int, T2, T3)","1","7","(128, 1, 1)","(6272, 1, 1)","0","8.0","Command line profiler metrics","dram__throughput.avg.pct_of_peak_sustained_elapsed","%","35.01"
"614","583630","python3.8","127.0.0.1","void at::native::vectorized_elementwise_kernel<(int)4, at::native::<unnamed>::launch_clamp_scalar(at::TensorIteratorBase &, c10::Scalar, c10::Scalar, at::native::detail::ClampLimits)::[lambda() (instance 1)]::operator ()() const::[lambda() (instance 14)]::operator ()() const::[lambda(float) (instance 1)], at::detail::Array<char *, (int)2>>(int, T2, T3)","1","7","(128, 1, 1)","(6272, 1, 1)","0","8.0","Command line profiler metrics","gpu__time_duration.sum","nsecond","19008"
"614","583630","python3.8","127.0.0.1","void at::native::vectorized_elementwise_kernel<(int)4, at::native::<unnamed>::launch_clamp_scalar(at::TensorIteratorBase &, c10::Scalar, c10::Scalar, at::native::detail::ClampLimits)::[lambda() (instance 1)]::operator ()() const::[lambda() (instance 14)]::operator ()() const::[lambda(float) (instance 1)], at::detail::Array<char *, (int)2>>(int, T2, T3)","1","7","(128, 1, 1)","(6272, 1, 1)","0","8.0","Command line profiler metrics","lts__t_sectors.avg.pct_of_peak_sustained_elapsed","%","26.95"
"615","583630","python3.8","127.0.0.1","void cutlass::Kernel<cutlass_80_tensorop_s1688gemm_256x64_16x4_nn_align4>(T1::Params)","1","7","(128, 1, 1)","(16, 1, 64)","0","8.0","Command line profiler metrics","dram__throughput.avg.pct_of_peak_sustained_elapsed","%","9.97"
"615","583630","python3.8","127.0.0.1","void cutlass::Kernel<cutlass_80_tensorop_s1688gemm_256x64_16x4_nn_align4>(T1::Params)","1","7","(128, 1, 1)","(16, 1, 64)","0","8.0","Command line profiler metrics","gpu__time_duration.sum","nsecond","246848"
"615","583630","python3.8","127.0.0.1","void cutlass::Kernel<cutlass_80_tensorop_s1688gemm_256x64_16x4_nn_align4>(T1::Params)","1","7","(128, 1, 1)","(16, 1, 64)","0","8.0","Command line profiler metrics","lts__t_sectors.avg.pct_of_peak_sustained_elapsed","%","25.92"
"616","583630","python3.8","127.0.0.1","void cudnn::bn_fw_inf_1C11_kernel_NCHW<float, float, (bool)1, (int)1>(T2, T2, cudnnTensorStruct, const T1 *, cudnnTensorStruct, T1 *, cudnnTensorStruct, const T2 *, const T2 *, const T2 *, const T2 *, T2)","1","7","(64, 1, 1)","(1024, 64, 1)","0","8.0","Command line profiler metrics","dram__throughput.avg.pct_of_peak_sustained_elapsed","%","32.39"
"616","583630","python3.8","127.0.0.1","void cudnn::bn_fw_inf_1C11_kernel_NCHW<float, float, (bool)1, (int)1>(T2, T2, cudnnTensorStruct, const T1 *, cudnnTensorStruct, T1 *, cudnnTensorStruct, const T2 *, const T2 *, const T2 *, const T2 *, T2)","1","7","(64, 1, 1)","(1024, 64, 1)","0","8.0","Command line profiler metrics","gpu__time_duration.sum","nsecond","144768"
"616","583630","python3.8","127.0.0.1","void cudnn::bn_fw_inf_1C11_kernel_NCHW<float, float, (bool)1, (int)1>(T2, T2, cudnnTensorStruct, const T1 *, cudnnTensorStruct, T1 *, cudnnTensorStruct, const T2 *, const T2 *, const T2 *, const T2 *, T2)","1","7","(64, 1, 1)","(1024, 64, 1)","0","8.0","Command line profiler metrics","lts__t_sectors.avg.pct_of_peak_sustained_elapsed","%","18.71"
"617","583630","python3.8","127.0.0.1","void at::native::vectorized_elementwise_kernel<(int)4, at::native::CUDAFunctor_add<float>, at::detail::Array<char *, (int)3>>(int, T2, T3)","1","7","(128, 1, 1)","(25088, 1, 1)","0","8.0","Command line profiler metrics","dram__throughput.avg.pct_of_peak_sustained_elapsed","%","86.12"
"617","583630","python3.8","127.0.0.1","void at::native::vectorized_elementwise_kernel<(int)4, at::native::CUDAFunctor_add<float>, at::detail::Array<char *, (int)3>>(int, T2, T3)","1","7","(128, 1, 1)","(25088, 1, 1)","0","8.0","Command line profiler metrics","gpu__time_duration.sum","nsecond","83712"
"617","583630","python3.8","127.0.0.1","void at::native::vectorized_elementwise_kernel<(int)4, at::native::CUDAFunctor_add<float>, at::detail::Array<char *, (int)3>>(int, T2, T3)","1","7","(128, 1, 1)","(25088, 1, 1)","0","8.0","Command line profiler metrics","lts__t_sectors.avg.pct_of_peak_sustained_elapsed","%","41.65"
"618","583630","python3.8","127.0.0.1","void at::native::vectorized_elementwise_kernel<(int)4, at::native::<unnamed>::launch_clamp_scalar(at::TensorIteratorBase &, c10::Scalar, c10::Scalar, at::native::detail::ClampLimits)::[lambda() (instance 1)]::operator ()() const::[lambda() (instance 14)]::operator ()() const::[lambda(float) (instance 1)], at::detail::Array<char *, (int)2>>(int, T2, T3)","1","7","(128, 1, 1)","(25088, 1, 1)","0","8.0","Command line profiler metrics","dram__throughput.avg.pct_of_peak_sustained_elapsed","%","66.14"
"618","583630","python3.8","127.0.0.1","void at::native::vectorized_elementwise_kernel<(int)4, at::native::<unnamed>::launch_clamp_scalar(at::TensorIteratorBase &, c10::Scalar, c10::Scalar, at::native::detail::ClampLimits)::[lambda() (instance 1)]::operator ()() const::[lambda() (instance 14)]::operator ()() const::[lambda(float) (instance 1)], at::detail::Array<char *, (int)2>>(int, T2, T3)","1","7","(128, 1, 1)","(25088, 1, 1)","0","8.0","Command line profiler metrics","gpu__time_duration.sum","nsecond","65888"
"618","583630","python3.8","127.0.0.1","void at::native::vectorized_elementwise_kernel<(int)4, at::native::<unnamed>::launch_clamp_scalar(at::TensorIteratorBase &, c10::Scalar, c10::Scalar, at::native::detail::ClampLimits)::[lambda() (instance 1)]::operator ()() const::[lambda() (instance 14)]::operator ()() const::[lambda(float) (instance 1)], at::detail::Array<char *, (int)2>>(int, T2, T3)","1","7","(128, 1, 1)","(25088, 1, 1)","0","8.0","Command line profiler metrics","lts__t_sectors.avg.pct_of_peak_sustained_elapsed","%","32.68"
"619","583630","python3.8","127.0.0.1","void cutlass::Kernel<cutlass_80_tensorop_s1688gemm_256x64_16x4_nn_align4>(T1::Params)","1","7","(128, 1, 1)","(4, 1, 64)","0","8.0","Command line profiler metrics","dram__throughput.avg.pct_of_peak_sustained_elapsed","%","14.39"
"619","583630","python3.8","127.0.0.1","void cutlass::Kernel<cutlass_80_tensorop_s1688gemm_256x64_16x4_nn_align4>(T1::Params)","1","7","(128, 1, 1)","(4, 1, 64)","0","8.0","Command line profiler metrics","gpu__time_duration.sum","nsecond","217664"
"619","583630","python3.8","127.0.0.1","void cutlass::Kernel<cutlass_80_tensorop_s1688gemm_256x64_16x4_nn_align4>(T1::Params)","1","7","(128, 1, 1)","(4, 1, 64)","0","8.0","Command line profiler metrics","lts__t_sectors.avg.pct_of_peak_sustained_elapsed","%","28.32"
"620","583630","python3.8","127.0.0.1","void cudnn::bn_fw_inf_1C11_kernel_NCHW<float, float, (bool)1, (int)1>(T2, T2, cudnnTensorStruct, const T1 *, cudnnTensorStruct, T1 *, cudnnTensorStruct, const T2 *, const T2 *, const T2 *, const T2 *, T2)","1","7","(64, 1, 1)","(256, 64, 1)","0","8.0","Command line profiler metrics","dram__throughput.avg.pct_of_peak_sustained_elapsed","%","20.60"
"620","583630","python3.8","127.0.0.1","void cudnn::bn_fw_inf_1C11_kernel_NCHW<float, float, (bool)1, (int)1>(T2, T2, cudnnTensorStruct, const T1 *, cudnnTensorStruct, T1 *, cudnnTensorStruct, const T2 *, const T2 *, const T2 *, const T2 *, T2)","1","7","(64, 1, 1)","(256, 64, 1)","0","8.0","Command line profiler metrics","gpu__time_duration.sum","nsecond","35488"
"620","583630","python3.8","127.0.0.1","void cudnn::bn_fw_inf_1C11_kernel_NCHW<float, float, (bool)1, (int)1>(T2, T2, cudnnTensorStruct, const T1 *, cudnnTensorStruct, T1 *, cudnnTensorStruct, const T2 *, const T2 *, const T2 *, const T2 *, T2)","1","7","(64, 1, 1)","(256, 64, 1)","0","8.0","Command line profiler metrics","lts__t_sectors.avg.pct_of_peak_sustained_elapsed","%","15.52"
"621","583630","python3.8","127.0.0.1","void at::native::vectorized_elementwise_kernel<(int)4, at::native::<unnamed>::launch_clamp_scalar(at::TensorIteratorBase &, c10::Scalar, c10::Scalar, at::native::detail::ClampLimits)::[lambda() (instance 1)]::operator ()() const::[lambda() (instance 14)]::operator ()() const::[lambda(float) (instance 1)], at::detail::Array<char *, (int)2>>(int, T2, T3)","1","7","(128, 1, 1)","(6272, 1, 1)","0","8.0","Command line profiler metrics","dram__throughput.avg.pct_of_peak_sustained_elapsed","%","35.36"
"621","583630","python3.8","127.0.0.1","void at::native::vectorized_elementwise_kernel<(int)4, at::native::<unnamed>::launch_clamp_scalar(at::TensorIteratorBase &, c10::Scalar, c10::Scalar, at::native::detail::ClampLimits)::[lambda() (instance 1)]::operator ()() const::[lambda() (instance 14)]::operator ()() const::[lambda(float) (instance 1)], at::detail::Array<char *, (int)2>>(int, T2, T3)","1","7","(128, 1, 1)","(6272, 1, 1)","0","8.0","Command line profiler metrics","gpu__time_duration.sum","nsecond","18848"
"621","583630","python3.8","127.0.0.1","void at::native::vectorized_elementwise_kernel<(int)4, at::native::<unnamed>::launch_clamp_scalar(at::TensorIteratorBase &, c10::Scalar, c10::Scalar, at::native::detail::ClampLimits)::[lambda() (instance 1)]::operator ()() const::[lambda() (instance 14)]::operator ()() const::[lambda(float) (instance 1)], at::detail::Array<char *, (int)2>>(int, T2, T3)","1","7","(128, 1, 1)","(6272, 1, 1)","0","8.0","Command line profiler metrics","lts__t_sectors.avg.pct_of_peak_sustained_elapsed","%","27.32"
"622","583630","python3.8","127.0.0.1","void cudnn::ops::nchwToNhwcKernel<float, float, float, (bool)0, (bool)1, (cudnnKernelDataType_t)2>(cudnn::ops::nchw2nhwc_params_t<T3>, const T1 *, T2 *)","1","7","(256, 1, 1)","(7, 8, 64)","0","8.0","Command line profiler metrics","dram__throughput.avg.pct_of_peak_sustained_elapsed","%","31.34"
"622","583630","python3.8","127.0.0.1","void cudnn::ops::nchwToNhwcKernel<float, float, float, (bool)0, (bool)1, (cudnnKernelDataType_t)2>(cudnn::ops::nchw2nhwc_params_t<T3>, const T1 *, T2 *)","1","7","(256, 1, 1)","(7, 8, 64)","0","8.0","Command line profiler metrics","gpu__time_duration.sum","nsecond","23584"
"622","583630","python3.8","127.0.0.1","void cudnn::ops::nchwToNhwcKernel<float, float, float, (bool)0, (bool)1, (cudnnKernelDataType_t)2>(cudnn::ops::nchw2nhwc_params_t<T3>, const T1 *, T2 *)","1","7","(256, 1, 1)","(7, 8, 64)","0","8.0","Command line profiler metrics","lts__t_sectors.avg.pct_of_peak_sustained_elapsed","%","25.56"
"623","583630","python3.8","127.0.0.1","void cudnn::ops::nchwToNhwcKernel<float, float, float, (bool)0, (bool)1, (cudnnKernelDataType_t)2>(cudnn::ops::nchw2nhwc_params_t<T3>, const T1 *, T2 *)","1","7","(256, 1, 1)","(1, 8, 256)","0","8.0","Command line profiler metrics","dram__throughput.avg.pct_of_peak_sustained_elapsed","%","8.19"
"623","583630","python3.8","127.0.0.1","void cudnn::ops::nchwToNhwcKernel<float, float, float, (bool)0, (bool)1, (cudnnKernelDataType_t)2>(cudnn::ops::nchw2nhwc_params_t<T3>, const T1 *, T2 *)","1","7","(256, 1, 1)","(1, 8, 256)","0","8.0","Command line profiler metrics","gpu__time_duration.sum","nsecond","15008"
"623","583630","python3.8","127.0.0.1","void cudnn::ops::nchwToNhwcKernel<float, float, float, (bool)0, (bool)1, (cudnnKernelDataType_t)2>(cudnn::ops::nchw2nhwc_params_t<T3>, const T1 *, T2 *)","1","7","(256, 1, 1)","(1, 8, 256)","0","8.0","Command line profiler metrics","lts__t_sectors.avg.pct_of_peak_sustained_elapsed","%","6.80"
"624","583630","python3.8","127.0.0.1","sm80_xmma_fprop_implicit_gemm_tf32f32_tf32f32_f32_nhwckrsc_nchw_tilesize256x128x32_stage3_warpsize4x2x1_g1_tensor16x8x8_execute_kernel_cudnn","1","7","(256, 1, 1)","(2, 49, 1)","0","8.0","Command line profiler metrics","dram__throughput.avg.pct_of_peak_sustained_elapsed","%","2.73"
"624","583630","python3.8","127.0.0.1","sm80_xmma_fprop_implicit_gemm_tf32f32_tf32f32_f32_nhwckrsc_nchw_tilesize256x128x32_stage3_warpsize4x2x1_g1_tensor16x8x8_execute_kernel_cudnn","1","7","(256, 1, 1)","(2, 49, 1)","0","8.0","Command line profiler metrics","gpu__time_duration.sum","nsecond","318368"
"624","583630","python3.8","127.0.0.1","sm80_xmma_fprop_implicit_gemm_tf32f32_tf32f32_f32_nhwckrsc_nchw_tilesize256x128x32_stage3_warpsize4x2x1_g1_tensor16x8x8_execute_kernel_cudnn","1","7","(256, 1, 1)","(2, 49, 1)","0","8.0","Command line profiler metrics","lts__t_sectors.avg.pct_of_peak_sustained_elapsed","%","14.52"
"625","583630","python3.8","127.0.0.1","void cudnn::bn_fw_inf_1C11_kernel_NCHW<float, float, (bool)1, (int)1>(T2, T2, cudnnTensorStruct, const T1 *, cudnnTensorStruct, T1 *, cudnnTensorStruct, const T2 *, const T2 *, const T2 *, const T2 *, T2)","1","7","(64, 1, 1)","(256, 64, 1)","0","8.0","Command line profiler metrics","dram__throughput.avg.pct_of_peak_sustained_elapsed","%","20.53"
"625","583630","python3.8","127.0.0.1","void cudnn::bn_fw_inf_1C11_kernel_NCHW<float, float, (bool)1, (int)1>(T2, T2, cudnnTensorStruct, const T1 *, cudnnTensorStruct, T1 *, cudnnTensorStruct, const T2 *, const T2 *, const T2 *, const T2 *, T2)","1","7","(64, 1, 1)","(256, 64, 1)","0","8.0","Command line profiler metrics","gpu__time_duration.sum","nsecond","35424"
"625","583630","python3.8","127.0.0.1","void cudnn::bn_fw_inf_1C11_kernel_NCHW<float, float, (bool)1, (int)1>(T2, T2, cudnnTensorStruct, const T1 *, cudnnTensorStruct, T1 *, cudnnTensorStruct, const T2 *, const T2 *, const T2 *, const T2 *, T2)","1","7","(64, 1, 1)","(256, 64, 1)","0","8.0","Command line profiler metrics","lts__t_sectors.avg.pct_of_peak_sustained_elapsed","%","15.96"
"626","583630","python3.8","127.0.0.1","void at::native::vectorized_elementwise_kernel<(int)4, at::native::<unnamed>::launch_clamp_scalar(at::TensorIteratorBase &, c10::Scalar, c10::Scalar, at::native::detail::ClampLimits)::[lambda() (instance 1)]::operator ()() const::[lambda() (instance 14)]::operator ()() const::[lambda(float) (instance 1)], at::detail::Array<char *, (int)2>>(int, T2, T3)","1","7","(128, 1, 1)","(6272, 1, 1)","0","8.0","Command line profiler metrics","dram__throughput.avg.pct_of_peak_sustained_elapsed","%","34.96"
"626","583630","python3.8","127.0.0.1","void at::native::vectorized_elementwise_kernel<(int)4, at::native::<unnamed>::launch_clamp_scalar(at::TensorIteratorBase &, c10::Scalar, c10::Scalar, at::native::detail::ClampLimits)::[lambda() (instance 1)]::operator ()() const::[lambda() (instance 14)]::operator ()() const::[lambda(float) (instance 1)], at::detail::Array<char *, (int)2>>(int, T2, T3)","1","7","(128, 1, 1)","(6272, 1, 1)","0","8.0","Command line profiler metrics","gpu__time_duration.sum","nsecond","19072"
"626","583630","python3.8","127.0.0.1","void at::native::vectorized_elementwise_kernel<(int)4, at::native::<unnamed>::launch_clamp_scalar(at::TensorIteratorBase &, c10::Scalar, c10::Scalar, at::native::detail::ClampLimits)::[lambda() (instance 1)]::operator ()() const::[lambda() (instance 14)]::operator ()() const::[lambda(float) (instance 1)], at::detail::Array<char *, (int)2>>(int, T2, T3)","1","7","(128, 1, 1)","(6272, 1, 1)","0","8.0","Command line profiler metrics","lts__t_sectors.avg.pct_of_peak_sustained_elapsed","%","26.83"
"627","583630","python3.8","127.0.0.1","void cutlass::Kernel<cutlass_80_tensorop_s1688gemm_256x64_16x4_nn_align4>(T1::Params)","1","7","(128, 1, 1)","(16, 1, 64)","0","8.0","Command line profiler metrics","dram__throughput.avg.pct_of_peak_sustained_elapsed","%","9.96"
"627","583630","python3.8","127.0.0.1","void cutlass::Kernel<cutlass_80_tensorop_s1688gemm_256x64_16x4_nn_align4>(T1::Params)","1","7","(128, 1, 1)","(16, 1, 64)","0","8.0","Command line profiler metrics","gpu__time_duration.sum","nsecond","247872"
"627","583630","python3.8","127.0.0.1","void cutlass::Kernel<cutlass_80_tensorop_s1688gemm_256x64_16x4_nn_align4>(T1::Params)","1","7","(128, 1, 1)","(16, 1, 64)","0","8.0","Command line profiler metrics","lts__t_sectors.avg.pct_of_peak_sustained_elapsed","%","25.84"
"628","583630","python3.8","127.0.0.1","void cudnn::bn_fw_inf_1C11_kernel_NCHW<float, float, (bool)1, (int)1>(T2, T2, cudnnTensorStruct, const T1 *, cudnnTensorStruct, T1 *, cudnnTensorStruct, const T2 *, const T2 *, const T2 *, const T2 *, T2)","1","7","(64, 1, 1)","(1024, 64, 1)","0","8.0","Command line profiler metrics","dram__throughput.avg.pct_of_peak_sustained_elapsed","%","32.41"
"628","583630","python3.8","127.0.0.1","void cudnn::bn_fw_inf_1C11_kernel_NCHW<float, float, (bool)1, (int)1>(T2, T2, cudnnTensorStruct, const T1 *, cudnnTensorStruct, T1 *, cudnnTensorStruct, const T2 *, const T2 *, const T2 *, const T2 *, T2)","1","7","(64, 1, 1)","(1024, 64, 1)","0","8.0","Command line profiler metrics","gpu__time_duration.sum","nsecond","144352"
"628","583630","python3.8","127.0.0.1","void cudnn::bn_fw_inf_1C11_kernel_NCHW<float, float, (bool)1, (int)1>(T2, T2, cudnnTensorStruct, const T1 *, cudnnTensorStruct, T1 *, cudnnTensorStruct, const T2 *, const T2 *, const T2 *, const T2 *, T2)","1","7","(64, 1, 1)","(1024, 64, 1)","0","8.0","Command line profiler metrics","lts__t_sectors.avg.pct_of_peak_sustained_elapsed","%","18.72"
"629","583630","python3.8","127.0.0.1","void at::native::vectorized_elementwise_kernel<(int)4, at::native::CUDAFunctor_add<float>, at::detail::Array<char *, (int)3>>(int, T2, T3)","1","7","(128, 1, 1)","(25088, 1, 1)","0","8.0","Command line profiler metrics","dram__throughput.avg.pct_of_peak_sustained_elapsed","%","85.34"
"629","583630","python3.8","127.0.0.1","void at::native::vectorized_elementwise_kernel<(int)4, at::native::CUDAFunctor_add<float>, at::detail::Array<char *, (int)3>>(int, T2, T3)","1","7","(128, 1, 1)","(25088, 1, 1)","0","8.0","Command line profiler metrics","gpu__time_duration.sum","nsecond","84544"
"629","583630","python3.8","127.0.0.1","void at::native::vectorized_elementwise_kernel<(int)4, at::native::CUDAFunctor_add<float>, at::detail::Array<char *, (int)3>>(int, T2, T3)","1","7","(128, 1, 1)","(25088, 1, 1)","0","8.0","Command line profiler metrics","lts__t_sectors.avg.pct_of_peak_sustained_elapsed","%","41.19"
"630","583630","python3.8","127.0.0.1","void at::native::vectorized_elementwise_kernel<(int)4, at::native::<unnamed>::launch_clamp_scalar(at::TensorIteratorBase &, c10::Scalar, c10::Scalar, at::native::detail::ClampLimits)::[lambda() (instance 1)]::operator ()() const::[lambda() (instance 14)]::operator ()() const::[lambda(float) (instance 1)], at::detail::Array<char *, (int)2>>(int, T2, T3)","1","7","(128, 1, 1)","(25088, 1, 1)","0","8.0","Command line profiler metrics","dram__throughput.avg.pct_of_peak_sustained_elapsed","%","66.34"
"630","583630","python3.8","127.0.0.1","void at::native::vectorized_elementwise_kernel<(int)4, at::native::<unnamed>::launch_clamp_scalar(at::TensorIteratorBase &, c10::Scalar, c10::Scalar, at::native::detail::ClampLimits)::[lambda() (instance 1)]::operator ()() const::[lambda() (instance 14)]::operator ()() const::[lambda(float) (instance 1)], at::detail::Array<char *, (int)2>>(int, T2, T3)","1","7","(128, 1, 1)","(25088, 1, 1)","0","8.0","Command line profiler metrics","gpu__time_duration.sum","nsecond","65664"
"630","583630","python3.8","127.0.0.1","void at::native::vectorized_elementwise_kernel<(int)4, at::native::<unnamed>::launch_clamp_scalar(at::TensorIteratorBase &, c10::Scalar, c10::Scalar, at::native::detail::ClampLimits)::[lambda() (instance 1)]::operator ()() const::[lambda() (instance 14)]::operator ()() const::[lambda(float) (instance 1)], at::detail::Array<char *, (int)2>>(int, T2, T3)","1","7","(128, 1, 1)","(25088, 1, 1)","0","8.0","Command line profiler metrics","lts__t_sectors.avg.pct_of_peak_sustained_elapsed","%","32.62"
"631","583630","python3.8","127.0.0.1","void cutlass::Kernel<cutlass_80_tensorop_s1688gemm_256x64_16x4_nn_align4>(T1::Params)","1","7","(128, 1, 1)","(4, 1, 64)","0","8.0","Command line profiler metrics","dram__throughput.avg.pct_of_peak_sustained_elapsed","%","14.38"
"631","583630","python3.8","127.0.0.1","void cutlass::Kernel<cutlass_80_tensorop_s1688gemm_256x64_16x4_nn_align4>(T1::Params)","1","7","(128, 1, 1)","(4, 1, 64)","0","8.0","Command line profiler metrics","gpu__time_duration.sum","nsecond","217664"
"631","583630","python3.8","127.0.0.1","void cutlass::Kernel<cutlass_80_tensorop_s1688gemm_256x64_16x4_nn_align4>(T1::Params)","1","7","(128, 1, 1)","(4, 1, 64)","0","8.0","Command line profiler metrics","lts__t_sectors.avg.pct_of_peak_sustained_elapsed","%","28.17"
"632","583630","python3.8","127.0.0.1","void cudnn::bn_fw_inf_1C11_kernel_NCHW<float, float, (bool)1, (int)1>(T2, T2, cudnnTensorStruct, const T1 *, cudnnTensorStruct, T1 *, cudnnTensorStruct, const T2 *, const T2 *, const T2 *, const T2 *, T2)","1","7","(64, 1, 1)","(256, 64, 1)","0","8.0","Command line profiler metrics","dram__throughput.avg.pct_of_peak_sustained_elapsed","%","20.62"
"632","583630","python3.8","127.0.0.1","void cudnn::bn_fw_inf_1C11_kernel_NCHW<float, float, (bool)1, (int)1>(T2, T2, cudnnTensorStruct, const T1 *, cudnnTensorStruct, T1 *, cudnnTensorStruct, const T2 *, const T2 *, const T2 *, const T2 *, T2)","1","7","(64, 1, 1)","(256, 64, 1)","0","8.0","Command line profiler metrics","gpu__time_duration.sum","nsecond","35520"
"632","583630","python3.8","127.0.0.1","void cudnn::bn_fw_inf_1C11_kernel_NCHW<float, float, (bool)1, (int)1>(T2, T2, cudnnTensorStruct, const T1 *, cudnnTensorStruct, T1 *, cudnnTensorStruct, const T2 *, const T2 *, const T2 *, const T2 *, T2)","1","7","(64, 1, 1)","(256, 64, 1)","0","8.0","Command line profiler metrics","lts__t_sectors.avg.pct_of_peak_sustained_elapsed","%","15.48"
"633","583630","python3.8","127.0.0.1","void at::native::vectorized_elementwise_kernel<(int)4, at::native::<unnamed>::launch_clamp_scalar(at::TensorIteratorBase &, c10::Scalar, c10::Scalar, at::native::detail::ClampLimits)::[lambda() (instance 1)]::operator ()() const::[lambda() (instance 14)]::operator ()() const::[lambda(float) (instance 1)], at::detail::Array<char *, (int)2>>(int, T2, T3)","1","7","(128, 1, 1)","(6272, 1, 1)","0","8.0","Command line profiler metrics","dram__throughput.avg.pct_of_peak_sustained_elapsed","%","35.07"
"633","583630","python3.8","127.0.0.1","void at::native::vectorized_elementwise_kernel<(int)4, at::native::<unnamed>::launch_clamp_scalar(at::TensorIteratorBase &, c10::Scalar, c10::Scalar, at::native::detail::ClampLimits)::[lambda() (instance 1)]::operator ()() const::[lambda() (instance 14)]::operator ()() const::[lambda(float) (instance 1)], at::detail::Array<char *, (int)2>>(int, T2, T3)","1","7","(128, 1, 1)","(6272, 1, 1)","0","8.0","Command line profiler metrics","gpu__time_duration.sum","nsecond","19008"
"633","583630","python3.8","127.0.0.1","void at::native::vectorized_elementwise_kernel<(int)4, at::native::<unnamed>::launch_clamp_scalar(at::TensorIteratorBase &, c10::Scalar, c10::Scalar, at::native::detail::ClampLimits)::[lambda() (instance 1)]::operator ()() const::[lambda() (instance 14)]::operator ()() const::[lambda(float) (instance 1)], at::detail::Array<char *, (int)2>>(int, T2, T3)","1","7","(128, 1, 1)","(6272, 1, 1)","0","8.0","Command line profiler metrics","lts__t_sectors.avg.pct_of_peak_sustained_elapsed","%","26.85"
"634","583630","python3.8","127.0.0.1","void cudnn::ops::nchwToNhwcKernel<float, float, float, (bool)0, (bool)1, (cudnnKernelDataType_t)2>(cudnn::ops::nchw2nhwc_params_t<T3>, const T1 *, T2 *)","1","7","(256, 1, 1)","(7, 8, 64)","0","8.0","Command line profiler metrics","dram__throughput.avg.pct_of_peak_sustained_elapsed","%","30.54"
"634","583630","python3.8","127.0.0.1","void cudnn::ops::nchwToNhwcKernel<float, float, float, (bool)0, (bool)1, (cudnnKernelDataType_t)2>(cudnn::ops::nchw2nhwc_params_t<T3>, const T1 *, T2 *)","1","7","(256, 1, 1)","(7, 8, 64)","0","8.0","Command line profiler metrics","gpu__time_duration.sum","nsecond","23712"
"634","583630","python3.8","127.0.0.1","void cudnn::ops::nchwToNhwcKernel<float, float, float, (bool)0, (bool)1, (cudnnKernelDataType_t)2>(cudnn::ops::nchw2nhwc_params_t<T3>, const T1 *, T2 *)","1","7","(256, 1, 1)","(7, 8, 64)","0","8.0","Command line profiler metrics","lts__t_sectors.avg.pct_of_peak_sustained_elapsed","%","25.16"
"635","583630","python3.8","127.0.0.1","void cudnn::ops::nchwToNhwcKernel<float, float, float, (bool)0, (bool)1, (cudnnKernelDataType_t)2>(cudnn::ops::nchw2nhwc_params_t<T3>, const T1 *, T2 *)","1","7","(256, 1, 1)","(1, 8, 256)","0","8.0","Command line profiler metrics","dram__throughput.avg.pct_of_peak_sustained_elapsed","%","8.21"
"635","583630","python3.8","127.0.0.1","void cudnn::ops::nchwToNhwcKernel<float, float, float, (bool)0, (bool)1, (cudnnKernelDataType_t)2>(cudnn::ops::nchw2nhwc_params_t<T3>, const T1 *, T2 *)","1","7","(256, 1, 1)","(1, 8, 256)","0","8.0","Command line profiler metrics","gpu__time_duration.sum","nsecond","14944"
"635","583630","python3.8","127.0.0.1","void cudnn::ops::nchwToNhwcKernel<float, float, float, (bool)0, (bool)1, (cudnnKernelDataType_t)2>(cudnn::ops::nchw2nhwc_params_t<T3>, const T1 *, T2 *)","1","7","(256, 1, 1)","(1, 8, 256)","0","8.0","Command line profiler metrics","lts__t_sectors.avg.pct_of_peak_sustained_elapsed","%","6.85"
"636","583630","python3.8","127.0.0.1","sm80_xmma_fprop_implicit_gemm_tf32f32_tf32f32_f32_nhwckrsc_nchw_tilesize256x128x32_stage3_warpsize4x2x1_g1_tensor16x8x8_execute_kernel_cudnn","1","7","(256, 1, 1)","(2, 49, 1)","0","8.0","Command line profiler metrics","dram__throughput.avg.pct_of_peak_sustained_elapsed","%","2.68"
"636","583630","python3.8","127.0.0.1","sm80_xmma_fprop_implicit_gemm_tf32f32_tf32f32_f32_nhwckrsc_nchw_tilesize256x128x32_stage3_warpsize4x2x1_g1_tensor16x8x8_execute_kernel_cudnn","1","7","(256, 1, 1)","(2, 49, 1)","0","8.0","Command line profiler metrics","gpu__time_duration.sum","nsecond","319040"
"636","583630","python3.8","127.0.0.1","sm80_xmma_fprop_implicit_gemm_tf32f32_tf32f32_f32_nhwckrsc_nchw_tilesize256x128x32_stage3_warpsize4x2x1_g1_tensor16x8x8_execute_kernel_cudnn","1","7","(256, 1, 1)","(2, 49, 1)","0","8.0","Command line profiler metrics","lts__t_sectors.avg.pct_of_peak_sustained_elapsed","%","14.49"
"637","583630","python3.8","127.0.0.1","void cudnn::bn_fw_inf_1C11_kernel_NCHW<float, float, (bool)1, (int)1>(T2, T2, cudnnTensorStruct, const T1 *, cudnnTensorStruct, T1 *, cudnnTensorStruct, const T2 *, const T2 *, const T2 *, const T2 *, T2)","1","7","(64, 1, 1)","(256, 64, 1)","0","8.0","Command line profiler metrics","dram__throughput.avg.pct_of_peak_sustained_elapsed","%","20.39"
"637","583630","python3.8","127.0.0.1","void cudnn::bn_fw_inf_1C11_kernel_NCHW<float, float, (bool)1, (int)1>(T2, T2, cudnnTensorStruct, const T1 *, cudnnTensorStruct, T1 *, cudnnTensorStruct, const T2 *, const T2 *, const T2 *, const T2 *, T2)","1","7","(64, 1, 1)","(256, 64, 1)","0","8.0","Command line profiler metrics","gpu__time_duration.sum","nsecond","35072"
"637","583630","python3.8","127.0.0.1","void cudnn::bn_fw_inf_1C11_kernel_NCHW<float, float, (bool)1, (int)1>(T2, T2, cudnnTensorStruct, const T1 *, cudnnTensorStruct, T1 *, cudnnTensorStruct, const T2 *, const T2 *, const T2 *, const T2 *, T2)","1","7","(64, 1, 1)","(256, 64, 1)","0","8.0","Command line profiler metrics","lts__t_sectors.avg.pct_of_peak_sustained_elapsed","%","16.02"
"638","583630","python3.8","127.0.0.1","void at::native::vectorized_elementwise_kernel<(int)4, at::native::<unnamed>::launch_clamp_scalar(at::TensorIteratorBase &, c10::Scalar, c10::Scalar, at::native::detail::ClampLimits)::[lambda() (instance 1)]::operator ()() const::[lambda() (instance 14)]::operator ()() const::[lambda(float) (instance 1)], at::detail::Array<char *, (int)2>>(int, T2, T3)","1","7","(128, 1, 1)","(6272, 1, 1)","0","8.0","Command line profiler metrics","dram__throughput.avg.pct_of_peak_sustained_elapsed","%","35.49"
"638","583630","python3.8","127.0.0.1","void at::native::vectorized_elementwise_kernel<(int)4, at::native::<unnamed>::launch_clamp_scalar(at::TensorIteratorBase &, c10::Scalar, c10::Scalar, at::native::detail::ClampLimits)::[lambda() (instance 1)]::operator ()() const::[lambda() (instance 14)]::operator ()() const::[lambda(float) (instance 1)], at::detail::Array<char *, (int)2>>(int, T2, T3)","1","7","(128, 1, 1)","(6272, 1, 1)","0","8.0","Command line profiler metrics","gpu__time_duration.sum","nsecond","18784"
"638","583630","python3.8","127.0.0.1","void at::native::vectorized_elementwise_kernel<(int)4, at::native::<unnamed>::launch_clamp_scalar(at::TensorIteratorBase &, c10::Scalar, c10::Scalar, at::native::detail::ClampLimits)::[lambda() (instance 1)]::operator ()() const::[lambda() (instance 14)]::operator ()() const::[lambda(float) (instance 1)], at::detail::Array<char *, (int)2>>(int, T2, T3)","1","7","(128, 1, 1)","(6272, 1, 1)","0","8.0","Command line profiler metrics","lts__t_sectors.avg.pct_of_peak_sustained_elapsed","%","27.25"
"639","583630","python3.8","127.0.0.1","void cutlass::Kernel<cutlass_80_tensorop_s1688gemm_256x64_16x4_nn_align4>(T1::Params)","1","7","(128, 1, 1)","(16, 1, 64)","0","8.0","Command line profiler metrics","dram__throughput.avg.pct_of_peak_sustained_elapsed","%","9.99"
"639","583630","python3.8","127.0.0.1","void cutlass::Kernel<cutlass_80_tensorop_s1688gemm_256x64_16x4_nn_align4>(T1::Params)","1","7","(128, 1, 1)","(16, 1, 64)","0","8.0","Command line profiler metrics","gpu__time_duration.sum","nsecond","249504"
"639","583630","python3.8","127.0.0.1","void cutlass::Kernel<cutlass_80_tensorop_s1688gemm_256x64_16x4_nn_align4>(T1::Params)","1","7","(128, 1, 1)","(16, 1, 64)","0","8.0","Command line profiler metrics","lts__t_sectors.avg.pct_of_peak_sustained_elapsed","%","25.66"
"640","583630","python3.8","127.0.0.1","void cudnn::bn_fw_inf_1C11_kernel_NCHW<float, float, (bool)1, (int)1>(T2, T2, cudnnTensorStruct, const T1 *, cudnnTensorStruct, T1 *, cudnnTensorStruct, const T2 *, const T2 *, const T2 *, const T2 *, T2)","1","7","(64, 1, 1)","(1024, 64, 1)","0","8.0","Command line profiler metrics","dram__throughput.avg.pct_of_peak_sustained_elapsed","%","32.33"
"640","583630","python3.8","127.0.0.1","void cudnn::bn_fw_inf_1C11_kernel_NCHW<float, float, (bool)1, (int)1>(T2, T2, cudnnTensorStruct, const T1 *, cudnnTensorStruct, T1 *, cudnnTensorStruct, const T2 *, const T2 *, const T2 *, const T2 *, T2)","1","7","(64, 1, 1)","(1024, 64, 1)","0","8.0","Command line profiler metrics","gpu__time_duration.sum","nsecond","144704"
"640","583630","python3.8","127.0.0.1","void cudnn::bn_fw_inf_1C11_kernel_NCHW<float, float, (bool)1, (int)1>(T2, T2, cudnnTensorStruct, const T1 *, cudnnTensorStruct, T1 *, cudnnTensorStruct, const T2 *, const T2 *, const T2 *, const T2 *, T2)","1","7","(64, 1, 1)","(1024, 64, 1)","0","8.0","Command line profiler metrics","lts__t_sectors.avg.pct_of_peak_sustained_elapsed","%","18.75"
"641","583630","python3.8","127.0.0.1","void at::native::vectorized_elementwise_kernel<(int)4, at::native::CUDAFunctor_add<float>, at::detail::Array<char *, (int)3>>(int, T2, T3)","1","7","(128, 1, 1)","(25088, 1, 1)","0","8.0","Command line profiler metrics","dram__throughput.avg.pct_of_peak_sustained_elapsed","%","86.18"
"641","583630","python3.8","127.0.0.1","void at::native::vectorized_elementwise_kernel<(int)4, at::native::CUDAFunctor_add<float>, at::detail::Array<char *, (int)3>>(int, T2, T3)","1","7","(128, 1, 1)","(25088, 1, 1)","0","8.0","Command line profiler metrics","gpu__time_duration.sum","nsecond","83616"
"641","583630","python3.8","127.0.0.1","void at::native::vectorized_elementwise_kernel<(int)4, at::native::CUDAFunctor_add<float>, at::detail::Array<char *, (int)3>>(int, T2, T3)","1","7","(128, 1, 1)","(25088, 1, 1)","0","8.0","Command line profiler metrics","lts__t_sectors.avg.pct_of_peak_sustained_elapsed","%","41.73"
"642","583630","python3.8","127.0.0.1","void at::native::vectorized_elementwise_kernel<(int)4, at::native::<unnamed>::launch_clamp_scalar(at::TensorIteratorBase &, c10::Scalar, c10::Scalar, at::native::detail::ClampLimits)::[lambda() (instance 1)]::operator ()() const::[lambda() (instance 14)]::operator ()() const::[lambda(float) (instance 1)], at::detail::Array<char *, (int)2>>(int, T2, T3)","1","7","(128, 1, 1)","(25088, 1, 1)","0","8.0","Command line profiler metrics","dram__throughput.avg.pct_of_peak_sustained_elapsed","%","66.06"
"642","583630","python3.8","127.0.0.1","void at::native::vectorized_elementwise_kernel<(int)4, at::native::<unnamed>::launch_clamp_scalar(at::TensorIteratorBase &, c10::Scalar, c10::Scalar, at::native::detail::ClampLimits)::[lambda() (instance 1)]::operator ()() const::[lambda() (instance 14)]::operator ()() const::[lambda(float) (instance 1)], at::detail::Array<char *, (int)2>>(int, T2, T3)","1","7","(128, 1, 1)","(25088, 1, 1)","0","8.0","Command line profiler metrics","gpu__time_duration.sum","nsecond","65984"
"642","583630","python3.8","127.0.0.1","void at::native::vectorized_elementwise_kernel<(int)4, at::native::<unnamed>::launch_clamp_scalar(at::TensorIteratorBase &, c10::Scalar, c10::Scalar, at::native::detail::ClampLimits)::[lambda() (instance 1)]::operator ()() const::[lambda() (instance 14)]::operator ()() const::[lambda(float) (instance 1)], at::detail::Array<char *, (int)2>>(int, T2, T3)","1","7","(128, 1, 1)","(25088, 1, 1)","0","8.0","Command line profiler metrics","lts__t_sectors.avg.pct_of_peak_sustained_elapsed","%","32.60"
"643","583630","python3.8","127.0.0.1","void cutlass::Kernel<cutlass_80_tensorop_s1688gemm_256x64_16x4_nn_align4>(T1::Params)","1","7","(128, 1, 1)","(4, 1, 64)","0","8.0","Command line profiler metrics","dram__throughput.avg.pct_of_peak_sustained_elapsed","%","14.32"
"643","583630","python3.8","127.0.0.1","void cutlass::Kernel<cutlass_80_tensorop_s1688gemm_256x64_16x4_nn_align4>(T1::Params)","1","7","(128, 1, 1)","(4, 1, 64)","0","8.0","Command line profiler metrics","gpu__time_duration.sum","nsecond","218080"
"643","583630","python3.8","127.0.0.1","void cutlass::Kernel<cutlass_80_tensorop_s1688gemm_256x64_16x4_nn_align4>(T1::Params)","1","7","(128, 1, 1)","(4, 1, 64)","0","8.0","Command line profiler metrics","lts__t_sectors.avg.pct_of_peak_sustained_elapsed","%","28.08"
"644","583630","python3.8","127.0.0.1","void cudnn::bn_fw_inf_1C11_kernel_NCHW<float, float, (bool)1, (int)1>(T2, T2, cudnnTensorStruct, const T1 *, cudnnTensorStruct, T1 *, cudnnTensorStruct, const T2 *, const T2 *, const T2 *, const T2 *, T2)","1","7","(64, 1, 1)","(256, 64, 1)","0","8.0","Command line profiler metrics","dram__throughput.avg.pct_of_peak_sustained_elapsed","%","20.26"
"644","583630","python3.8","127.0.0.1","void cudnn::bn_fw_inf_1C11_kernel_NCHW<float, float, (bool)1, (int)1>(T2, T2, cudnnTensorStruct, const T1 *, cudnnTensorStruct, T1 *, cudnnTensorStruct, const T2 *, const T2 *, const T2 *, const T2 *, T2)","1","7","(64, 1, 1)","(256, 64, 1)","0","8.0","Command line profiler metrics","gpu__time_duration.sum","nsecond","35808"
"644","583630","python3.8","127.0.0.1","void cudnn::bn_fw_inf_1C11_kernel_NCHW<float, float, (bool)1, (int)1>(T2, T2, cudnnTensorStruct, const T1 *, cudnnTensorStruct, T1 *, cudnnTensorStruct, const T2 *, const T2 *, const T2 *, const T2 *, T2)","1","7","(64, 1, 1)","(256, 64, 1)","0","8.0","Command line profiler metrics","lts__t_sectors.avg.pct_of_peak_sustained_elapsed","%","15.30"
"645","583630","python3.8","127.0.0.1","void at::native::vectorized_elementwise_kernel<(int)4, at::native::<unnamed>::launch_clamp_scalar(at::TensorIteratorBase &, c10::Scalar, c10::Scalar, at::native::detail::ClampLimits)::[lambda() (instance 1)]::operator ()() const::[lambda() (instance 14)]::operator ()() const::[lambda(float) (instance 1)], at::detail::Array<char *, (int)2>>(int, T2, T3)","1","7","(128, 1, 1)","(6272, 1, 1)","0","8.0","Command line profiler metrics","dram__throughput.avg.pct_of_peak_sustained_elapsed","%","34.91"
"645","583630","python3.8","127.0.0.1","void at::native::vectorized_elementwise_kernel<(int)4, at::native::<unnamed>::launch_clamp_scalar(at::TensorIteratorBase &, c10::Scalar, c10::Scalar, at::native::detail::ClampLimits)::[lambda() (instance 1)]::operator ()() const::[lambda() (instance 14)]::operator ()() const::[lambda(float) (instance 1)], at::detail::Array<char *, (int)2>>(int, T2, T3)","1","7","(128, 1, 1)","(6272, 1, 1)","0","8.0","Command line profiler metrics","gpu__time_duration.sum","nsecond","19072"
"645","583630","python3.8","127.0.0.1","void at::native::vectorized_elementwise_kernel<(int)4, at::native::<unnamed>::launch_clamp_scalar(at::TensorIteratorBase &, c10::Scalar, c10::Scalar, at::native::detail::ClampLimits)::[lambda() (instance 1)]::operator ()() const::[lambda() (instance 14)]::operator ()() const::[lambda(float) (instance 1)], at::detail::Array<char *, (int)2>>(int, T2, T3)","1","7","(128, 1, 1)","(6272, 1, 1)","0","8.0","Command line profiler metrics","lts__t_sectors.avg.pct_of_peak_sustained_elapsed","%","26.75"
"646","583630","python3.8","127.0.0.1","void cudnn::ops::nchwToNhwcKernel<float, float, float, (bool)0, (bool)1, (cudnnKernelDataType_t)2>(cudnn::ops::nchw2nhwc_params_t<T3>, const T1 *, T2 *)","1","7","(256, 1, 1)","(7, 8, 64)","0","8.0","Command line profiler metrics","dram__throughput.avg.pct_of_peak_sustained_elapsed","%","31.45"
"646","583630","python3.8","127.0.0.1","void cudnn::ops::nchwToNhwcKernel<float, float, float, (bool)0, (bool)1, (cudnnKernelDataType_t)2>(cudnn::ops::nchw2nhwc_params_t<T3>, const T1 *, T2 *)","1","7","(256, 1, 1)","(7, 8, 64)","0","8.0","Command line profiler metrics","gpu__time_duration.sum","nsecond","23552"
"646","583630","python3.8","127.0.0.1","void cudnn::ops::nchwToNhwcKernel<float, float, float, (bool)0, (bool)1, (cudnnKernelDataType_t)2>(cudnn::ops::nchw2nhwc_params_t<T3>, const T1 *, T2 *)","1","7","(256, 1, 1)","(7, 8, 64)","0","8.0","Command line profiler metrics","lts__t_sectors.avg.pct_of_peak_sustained_elapsed","%","25.30"
"647","583630","python3.8","127.0.0.1","void cudnn::ops::nchwToNhwcKernel<float, float, float, (bool)0, (bool)1, (cudnnKernelDataType_t)2>(cudnn::ops::nchw2nhwc_params_t<T3>, const T1 *, T2 *)","1","7","(256, 1, 1)","(1, 8, 256)","0","8.0","Command line profiler metrics","dram__throughput.avg.pct_of_peak_sustained_elapsed","%","8.31"
"647","583630","python3.8","127.0.0.1","void cudnn::ops::nchwToNhwcKernel<float, float, float, (bool)0, (bool)1, (cudnnKernelDataType_t)2>(cudnn::ops::nchw2nhwc_params_t<T3>, const T1 *, T2 *)","1","7","(256, 1, 1)","(1, 8, 256)","0","8.0","Command line profiler metrics","gpu__time_duration.sum","nsecond","14784"
"647","583630","python3.8","127.0.0.1","void cudnn::ops::nchwToNhwcKernel<float, float, float, (bool)0, (bool)1, (cudnnKernelDataType_t)2>(cudnn::ops::nchw2nhwc_params_t<T3>, const T1 *, T2 *)","1","7","(256, 1, 1)","(1, 8, 256)","0","8.0","Command line profiler metrics","lts__t_sectors.avg.pct_of_peak_sustained_elapsed","%","7.13"
"648","583630","python3.8","127.0.0.1","sm80_xmma_fprop_implicit_gemm_tf32f32_tf32f32_f32_nhwckrsc_nchw_tilesize256x128x32_stage3_warpsize4x2x1_g1_tensor16x8x8_execute_kernel_cudnn","1","7","(256, 1, 1)","(2, 49, 1)","0","8.0","Command line profiler metrics","dram__throughput.avg.pct_of_peak_sustained_elapsed","%","2.70"
"648","583630","python3.8","127.0.0.1","sm80_xmma_fprop_implicit_gemm_tf32f32_tf32f32_f32_nhwckrsc_nchw_tilesize256x128x32_stage3_warpsize4x2x1_g1_tensor16x8x8_execute_kernel_cudnn","1","7","(256, 1, 1)","(2, 49, 1)","0","8.0","Command line profiler metrics","gpu__time_duration.sum","nsecond","318240"
"648","583630","python3.8","127.0.0.1","sm80_xmma_fprop_implicit_gemm_tf32f32_tf32f32_f32_nhwckrsc_nchw_tilesize256x128x32_stage3_warpsize4x2x1_g1_tensor16x8x8_execute_kernel_cudnn","1","7","(256, 1, 1)","(2, 49, 1)","0","8.0","Command line profiler metrics","lts__t_sectors.avg.pct_of_peak_sustained_elapsed","%","14.52"
"649","583630","python3.8","127.0.0.1","void cudnn::bn_fw_inf_1C11_kernel_NCHW<float, float, (bool)1, (int)1>(T2, T2, cudnnTensorStruct, const T1 *, cudnnTensorStruct, T1 *, cudnnTensorStruct, const T2 *, const T2 *, const T2 *, const T2 *, T2)","1","7","(64, 1, 1)","(256, 64, 1)","0","8.0","Command line profiler metrics","dram__throughput.avg.pct_of_peak_sustained_elapsed","%","20.45"
"649","583630","python3.8","127.0.0.1","void cudnn::bn_fw_inf_1C11_kernel_NCHW<float, float, (bool)1, (int)1>(T2, T2, cudnnTensorStruct, const T1 *, cudnnTensorStruct, T1 *, cudnnTensorStruct, const T2 *, const T2 *, const T2 *, const T2 *, T2)","1","7","(64, 1, 1)","(256, 64, 1)","0","8.0","Command line profiler metrics","gpu__time_duration.sum","nsecond","35584"
"649","583630","python3.8","127.0.0.1","void cudnn::bn_fw_inf_1C11_kernel_NCHW<float, float, (bool)1, (int)1>(T2, T2, cudnnTensorStruct, const T1 *, cudnnTensorStruct, T1 *, cudnnTensorStruct, const T2 *, const T2 *, const T2 *, const T2 *, T2)","1","7","(64, 1, 1)","(256, 64, 1)","0","8.0","Command line profiler metrics","lts__t_sectors.avg.pct_of_peak_sustained_elapsed","%","15.86"
"650","583630","python3.8","127.0.0.1","void at::native::vectorized_elementwise_kernel<(int)4, at::native::<unnamed>::launch_clamp_scalar(at::TensorIteratorBase &, c10::Scalar, c10::Scalar, at::native::detail::ClampLimits)::[lambda() (instance 1)]::operator ()() const::[lambda() (instance 14)]::operator ()() const::[lambda(float) (instance 1)], at::detail::Array<char *, (int)2>>(int, T2, T3)","1","7","(128, 1, 1)","(6272, 1, 1)","0","8.0","Command line profiler metrics","dram__throughput.avg.pct_of_peak_sustained_elapsed","%","34.56"
"650","583630","python3.8","127.0.0.1","void at::native::vectorized_elementwise_kernel<(int)4, at::native::<unnamed>::launch_clamp_scalar(at::TensorIteratorBase &, c10::Scalar, c10::Scalar, at::native::detail::ClampLimits)::[lambda() (instance 1)]::operator ()() const::[lambda() (instance 14)]::operator ()() const::[lambda(float) (instance 1)], at::detail::Array<char *, (int)2>>(int, T2, T3)","1","7","(128, 1, 1)","(6272, 1, 1)","0","8.0","Command line profiler metrics","gpu__time_duration.sum","nsecond","19296"
"650","583630","python3.8","127.0.0.1","void at::native::vectorized_elementwise_kernel<(int)4, at::native::<unnamed>::launch_clamp_scalar(at::TensorIteratorBase &, c10::Scalar, c10::Scalar, at::native::detail::ClampLimits)::[lambda() (instance 1)]::operator ()() const::[lambda() (instance 14)]::operator ()() const::[lambda(float) (instance 1)], at::detail::Array<char *, (int)2>>(int, T2, T3)","1","7","(128, 1, 1)","(6272, 1, 1)","0","8.0","Command line profiler metrics","lts__t_sectors.avg.pct_of_peak_sustained_elapsed","%","26.45"
"651","583630","python3.8","127.0.0.1","void cutlass::Kernel<cutlass_80_tensorop_s1688gemm_256x64_16x4_nn_align4>(T1::Params)","1","7","(128, 1, 1)","(16, 1, 64)","0","8.0","Command line profiler metrics","dram__throughput.avg.pct_of_peak_sustained_elapsed","%","9.95"
"651","583630","python3.8","127.0.0.1","void cutlass::Kernel<cutlass_80_tensorop_s1688gemm_256x64_16x4_nn_align4>(T1::Params)","1","7","(128, 1, 1)","(16, 1, 64)","0","8.0","Command line profiler metrics","gpu__time_duration.sum","nsecond","247744"
"651","583630","python3.8","127.0.0.1","void cutlass::Kernel<cutlass_80_tensorop_s1688gemm_256x64_16x4_nn_align4>(T1::Params)","1","7","(128, 1, 1)","(16, 1, 64)","0","8.0","Command line profiler metrics","lts__t_sectors.avg.pct_of_peak_sustained_elapsed","%","25.86"
"652","583630","python3.8","127.0.0.1","void cudnn::bn_fw_inf_1C11_kernel_NCHW<float, float, (bool)1, (int)1>(T2, T2, cudnnTensorStruct, const T1 *, cudnnTensorStruct, T1 *, cudnnTensorStruct, const T2 *, const T2 *, const T2 *, const T2 *, T2)","1","7","(64, 1, 1)","(1024, 64, 1)","0","8.0","Command line profiler metrics","dram__throughput.avg.pct_of_peak_sustained_elapsed","%","32.39"
"652","583630","python3.8","127.0.0.1","void cudnn::bn_fw_inf_1C11_kernel_NCHW<float, float, (bool)1, (int)1>(T2, T2, cudnnTensorStruct, const T1 *, cudnnTensorStruct, T1 *, cudnnTensorStruct, const T2 *, const T2 *, const T2 *, const T2 *, T2)","1","7","(64, 1, 1)","(1024, 64, 1)","0","8.0","Command line profiler metrics","gpu__time_duration.sum","nsecond","144512"
"652","583630","python3.8","127.0.0.1","void cudnn::bn_fw_inf_1C11_kernel_NCHW<float, float, (bool)1, (int)1>(T2, T2, cudnnTensorStruct, const T1 *, cudnnTensorStruct, T1 *, cudnnTensorStruct, const T2 *, const T2 *, const T2 *, const T2 *, T2)","1","7","(64, 1, 1)","(1024, 64, 1)","0","8.0","Command line profiler metrics","lts__t_sectors.avg.pct_of_peak_sustained_elapsed","%","18.74"
"653","583630","python3.8","127.0.0.1","void at::native::vectorized_elementwise_kernel<(int)4, at::native::CUDAFunctor_add<float>, at::detail::Array<char *, (int)3>>(int, T2, T3)","1","7","(128, 1, 1)","(25088, 1, 1)","0","8.0","Command line profiler metrics","dram__throughput.avg.pct_of_peak_sustained_elapsed","%","85.88"
"653","583630","python3.8","127.0.0.1","void at::native::vectorized_elementwise_kernel<(int)4, at::native::CUDAFunctor_add<float>, at::detail::Array<char *, (int)3>>(int, T2, T3)","1","7","(128, 1, 1)","(25088, 1, 1)","0","8.0","Command line profiler metrics","gpu__time_duration.sum","nsecond","84064"
"653","583630","python3.8","127.0.0.1","void at::native::vectorized_elementwise_kernel<(int)4, at::native::CUDAFunctor_add<float>, at::detail::Array<char *, (int)3>>(int, T2, T3)","1","7","(128, 1, 1)","(25088, 1, 1)","0","8.0","Command line profiler metrics","lts__t_sectors.avg.pct_of_peak_sustained_elapsed","%","41.62"
"654","583630","python3.8","127.0.0.1","void at::native::vectorized_elementwise_kernel<(int)4, at::native::<unnamed>::launch_clamp_scalar(at::TensorIteratorBase &, c10::Scalar, c10::Scalar, at::native::detail::ClampLimits)::[lambda() (instance 1)]::operator ()() const::[lambda() (instance 14)]::operator ()() const::[lambda(float) (instance 1)], at::detail::Array<char *, (int)2>>(int, T2, T3)","1","7","(128, 1, 1)","(25088, 1, 1)","0","8.0","Command line profiler metrics","dram__throughput.avg.pct_of_peak_sustained_elapsed","%","66.33"
"654","583630","python3.8","127.0.0.1","void at::native::vectorized_elementwise_kernel<(int)4, at::native::<unnamed>::launch_clamp_scalar(at::TensorIteratorBase &, c10::Scalar, c10::Scalar, at::native::detail::ClampLimits)::[lambda() (instance 1)]::operator ()() const::[lambda() (instance 14)]::operator ()() const::[lambda(float) (instance 1)], at::detail::Array<char *, (int)2>>(int, T2, T3)","1","7","(128, 1, 1)","(25088, 1, 1)","0","8.0","Command line profiler metrics","gpu__time_duration.sum","nsecond","65696"
"654","583630","python3.8","127.0.0.1","void at::native::vectorized_elementwise_kernel<(int)4, at::native::<unnamed>::launch_clamp_scalar(at::TensorIteratorBase &, c10::Scalar, c10::Scalar, at::native::detail::ClampLimits)::[lambda() (instance 1)]::operator ()() const::[lambda() (instance 14)]::operator ()() const::[lambda(float) (instance 1)], at::detail::Array<char *, (int)2>>(int, T2, T3)","1","7","(128, 1, 1)","(25088, 1, 1)","0","8.0","Command line profiler metrics","lts__t_sectors.avg.pct_of_peak_sustained_elapsed","%","32.65"
"655","583630","python3.8","127.0.0.1","void cutlass::Kernel<cutlass_80_tensorop_s1688gemm_256x64_16x4_nn_align4>(T1::Params)","1","7","(128, 1, 1)","(4, 1, 64)","0","8.0","Command line profiler metrics","dram__throughput.avg.pct_of_peak_sustained_elapsed","%","14.24"
"655","583630","python3.8","127.0.0.1","void cutlass::Kernel<cutlass_80_tensorop_s1688gemm_256x64_16x4_nn_align4>(T1::Params)","1","7","(128, 1, 1)","(4, 1, 64)","0","8.0","Command line profiler metrics","gpu__time_duration.sum","nsecond","219392"
"655","583630","python3.8","127.0.0.1","void cutlass::Kernel<cutlass_80_tensorop_s1688gemm_256x64_16x4_nn_align4>(T1::Params)","1","7","(128, 1, 1)","(4, 1, 64)","0","8.0","Command line profiler metrics","lts__t_sectors.avg.pct_of_peak_sustained_elapsed","%","27.98"
"656","583630","python3.8","127.0.0.1","void cudnn::bn_fw_inf_1C11_kernel_NCHW<float, float, (bool)1, (int)1>(T2, T2, cudnnTensorStruct, const T1 *, cudnnTensorStruct, T1 *, cudnnTensorStruct, const T2 *, const T2 *, const T2 *, const T2 *, T2)","1","7","(64, 1, 1)","(256, 64, 1)","0","8.0","Command line profiler metrics","dram__throughput.avg.pct_of_peak_sustained_elapsed","%","20.12"
"656","583630","python3.8","127.0.0.1","void cudnn::bn_fw_inf_1C11_kernel_NCHW<float, float, (bool)1, (int)1>(T2, T2, cudnnTensorStruct, const T1 *, cudnnTensorStruct, T1 *, cudnnTensorStruct, const T2 *, const T2 *, const T2 *, const T2 *, T2)","1","7","(64, 1, 1)","(256, 64, 1)","0","8.0","Command line profiler metrics","gpu__time_duration.sum","nsecond","35616"
"656","583630","python3.8","127.0.0.1","void cudnn::bn_fw_inf_1C11_kernel_NCHW<float, float, (bool)1, (int)1>(T2, T2, cudnnTensorStruct, const T1 *, cudnnTensorStruct, T1 *, cudnnTensorStruct, const T2 *, const T2 *, const T2 *, const T2 *, T2)","1","7","(64, 1, 1)","(256, 64, 1)","0","8.0","Command line profiler metrics","lts__t_sectors.avg.pct_of_peak_sustained_elapsed","%","15.35"
"657","583630","python3.8","127.0.0.1","void at::native::vectorized_elementwise_kernel<(int)4, at::native::<unnamed>::launch_clamp_scalar(at::TensorIteratorBase &, c10::Scalar, c10::Scalar, at::native::detail::ClampLimits)::[lambda() (instance 1)]::operator ()() const::[lambda() (instance 14)]::operator ()() const::[lambda(float) (instance 1)], at::detail::Array<char *, (int)2>>(int, T2, T3)","1","7","(128, 1, 1)","(6272, 1, 1)","0","8.0","Command line profiler metrics","dram__throughput.avg.pct_of_peak_sustained_elapsed","%","35.89"
"657","583630","python3.8","127.0.0.1","void at::native::vectorized_elementwise_kernel<(int)4, at::native::<unnamed>::launch_clamp_scalar(at::TensorIteratorBase &, c10::Scalar, c10::Scalar, at::native::detail::ClampLimits)::[lambda() (instance 1)]::operator ()() const::[lambda() (instance 14)]::operator ()() const::[lambda(float) (instance 1)], at::detail::Array<char *, (int)2>>(int, T2, T3)","1","7","(128, 1, 1)","(6272, 1, 1)","0","8.0","Command line profiler metrics","gpu__time_duration.sum","nsecond","18560"
"657","583630","python3.8","127.0.0.1","void at::native::vectorized_elementwise_kernel<(int)4, at::native::<unnamed>::launch_clamp_scalar(at::TensorIteratorBase &, c10::Scalar, c10::Scalar, at::native::detail::ClampLimits)::[lambda() (instance 1)]::operator ()() const::[lambda() (instance 14)]::operator ()() const::[lambda(float) (instance 1)], at::detail::Array<char *, (int)2>>(int, T2, T3)","1","7","(128, 1, 1)","(6272, 1, 1)","0","8.0","Command line profiler metrics","lts__t_sectors.avg.pct_of_peak_sustained_elapsed","%","27.58"
"658","583630","python3.8","127.0.0.1","void cudnn::ops::nchwToNhwcKernel<float, float, float, (bool)0, (bool)1, (cudnnKernelDataType_t)2>(cudnn::ops::nchw2nhwc_params_t<T3>, const T1 *, T2 *)","1","7","(256, 1, 1)","(7, 8, 64)","0","8.0","Command line profiler metrics","dram__throughput.avg.pct_of_peak_sustained_elapsed","%","30.77"
"658","583630","python3.8","127.0.0.1","void cudnn::ops::nchwToNhwcKernel<float, float, float, (bool)0, (bool)1, (cudnnKernelDataType_t)2>(cudnn::ops::nchw2nhwc_params_t<T3>, const T1 *, T2 *)","1","7","(256, 1, 1)","(7, 8, 64)","0","8.0","Command line profiler metrics","gpu__time_duration.sum","nsecond","23616"
"658","583630","python3.8","127.0.0.1","void cudnn::ops::nchwToNhwcKernel<float, float, float, (bool)0, (bool)1, (cudnnKernelDataType_t)2>(cudnn::ops::nchw2nhwc_params_t<T3>, const T1 *, T2 *)","1","7","(256, 1, 1)","(7, 8, 64)","0","8.0","Command line profiler metrics","lts__t_sectors.avg.pct_of_peak_sustained_elapsed","%","25.13"
"659","583630","python3.8","127.0.0.1","void cudnn::ops::nchwToNhwcKernel<float, float, float, (bool)0, (bool)1, (cudnnKernelDataType_t)2>(cudnn::ops::nchw2nhwc_params_t<T3>, const T1 *, T2 *)","1","7","(256, 1, 1)","(1, 8, 256)","0","8.0","Command line profiler metrics","dram__throughput.avg.pct_of_peak_sustained_elapsed","%","8.28"
"659","583630","python3.8","127.0.0.1","void cudnn::ops::nchwToNhwcKernel<float, float, float, (bool)0, (bool)1, (cudnnKernelDataType_t)2>(cudnn::ops::nchw2nhwc_params_t<T3>, const T1 *, T2 *)","1","7","(256, 1, 1)","(1, 8, 256)","0","8.0","Command line profiler metrics","gpu__time_duration.sum","nsecond","14848"
"659","583630","python3.8","127.0.0.1","void cudnn::ops::nchwToNhwcKernel<float, float, float, (bool)0, (bool)1, (cudnnKernelDataType_t)2>(cudnn::ops::nchw2nhwc_params_t<T3>, const T1 *, T2 *)","1","7","(256, 1, 1)","(1, 8, 256)","0","8.0","Command line profiler metrics","lts__t_sectors.avg.pct_of_peak_sustained_elapsed","%","7.10"
"660","583630","python3.8","127.0.0.1","sm80_xmma_fprop_implicit_gemm_tf32f32_tf32f32_f32_nhwckrsc_nchw_tilesize256x128x32_stage3_warpsize4x2x1_g1_tensor16x8x8_execute_kernel_cudnn","1","7","(256, 1, 1)","(2, 49, 1)","0","8.0","Command line profiler metrics","dram__throughput.avg.pct_of_peak_sustained_elapsed","%","2.69"
"660","583630","python3.8","127.0.0.1","sm80_xmma_fprop_implicit_gemm_tf32f32_tf32f32_f32_nhwckrsc_nchw_tilesize256x128x32_stage3_warpsize4x2x1_g1_tensor16x8x8_execute_kernel_cudnn","1","7","(256, 1, 1)","(2, 49, 1)","0","8.0","Command line profiler metrics","gpu__time_duration.sum","nsecond","318016"
"660","583630","python3.8","127.0.0.1","sm80_xmma_fprop_implicit_gemm_tf32f32_tf32f32_f32_nhwckrsc_nchw_tilesize256x128x32_stage3_warpsize4x2x1_g1_tensor16x8x8_execute_kernel_cudnn","1","7","(256, 1, 1)","(2, 49, 1)","0","8.0","Command line profiler metrics","lts__t_sectors.avg.pct_of_peak_sustained_elapsed","%","14.52"
"661","583630","python3.8","127.0.0.1","void cudnn::bn_fw_inf_1C11_kernel_NCHW<float, float, (bool)1, (int)1>(T2, T2, cudnnTensorStruct, const T1 *, cudnnTensorStruct, T1 *, cudnnTensorStruct, const T2 *, const T2 *, const T2 *, const T2 *, T2)","1","7","(64, 1, 1)","(256, 64, 1)","0","8.0","Command line profiler metrics","dram__throughput.avg.pct_of_peak_sustained_elapsed","%","20.73"
"661","583630","python3.8","127.0.0.1","void cudnn::bn_fw_inf_1C11_kernel_NCHW<float, float, (bool)1, (int)1>(T2, T2, cudnnTensorStruct, const T1 *, cudnnTensorStruct, T1 *, cudnnTensorStruct, const T2 *, const T2 *, const T2 *, const T2 *, T2)","1","7","(64, 1, 1)","(256, 64, 1)","0","8.0","Command line profiler metrics","gpu__time_duration.sum","nsecond","35136"
"661","583630","python3.8","127.0.0.1","void cudnn::bn_fw_inf_1C11_kernel_NCHW<float, float, (bool)1, (int)1>(T2, T2, cudnnTensorStruct, const T1 *, cudnnTensorStruct, T1 *, cudnnTensorStruct, const T2 *, const T2 *, const T2 *, const T2 *, T2)","1","7","(64, 1, 1)","(256, 64, 1)","0","8.0","Command line profiler metrics","lts__t_sectors.avg.pct_of_peak_sustained_elapsed","%","16.06"
"662","583630","python3.8","127.0.0.1","void at::native::vectorized_elementwise_kernel<(int)4, at::native::<unnamed>::launch_clamp_scalar(at::TensorIteratorBase &, c10::Scalar, c10::Scalar, at::native::detail::ClampLimits)::[lambda() (instance 1)]::operator ()() const::[lambda() (instance 14)]::operator ()() const::[lambda(float) (instance 1)], at::detail::Array<char *, (int)2>>(int, T2, T3)","1","7","(128, 1, 1)","(6272, 1, 1)","0","8.0","Command line profiler metrics","dram__throughput.avg.pct_of_peak_sustained_elapsed","%","35.27"
"662","583630","python3.8","127.0.0.1","void at::native::vectorized_elementwise_kernel<(int)4, at::native::<unnamed>::launch_clamp_scalar(at::TensorIteratorBase &, c10::Scalar, c10::Scalar, at::native::detail::ClampLimits)::[lambda() (instance 1)]::operator ()() const::[lambda() (instance 14)]::operator ()() const::[lambda(float) (instance 1)], at::detail::Array<char *, (int)2>>(int, T2, T3)","1","7","(128, 1, 1)","(6272, 1, 1)","0","8.0","Command line profiler metrics","gpu__time_duration.sum","nsecond","18912"
"662","583630","python3.8","127.0.0.1","void at::native::vectorized_elementwise_kernel<(int)4, at::native::<unnamed>::launch_clamp_scalar(at::TensorIteratorBase &, c10::Scalar, c10::Scalar, at::native::detail::ClampLimits)::[lambda() (instance 1)]::operator ()() const::[lambda() (instance 14)]::operator ()() const::[lambda(float) (instance 1)], at::detail::Array<char *, (int)2>>(int, T2, T3)","1","7","(128, 1, 1)","(6272, 1, 1)","0","8.0","Command line profiler metrics","lts__t_sectors.avg.pct_of_peak_sustained_elapsed","%","27.18"
"663","583630","python3.8","127.0.0.1","void cutlass::Kernel<cutlass_80_tensorop_s1688gemm_256x64_16x4_nn_align4>(T1::Params)","1","7","(128, 1, 1)","(16, 1, 64)","0","8.0","Command line profiler metrics","dram__throughput.avg.pct_of_peak_sustained_elapsed","%","9.91"
"663","583630","python3.8","127.0.0.1","void cutlass::Kernel<cutlass_80_tensorop_s1688gemm_256x64_16x4_nn_align4>(T1::Params)","1","7","(128, 1, 1)","(16, 1, 64)","0","8.0","Command line profiler metrics","gpu__time_duration.sum","nsecond","248288"
"663","583630","python3.8","127.0.0.1","void cutlass::Kernel<cutlass_80_tensorop_s1688gemm_256x64_16x4_nn_align4>(T1::Params)","1","7","(128, 1, 1)","(16, 1, 64)","0","8.0","Command line profiler metrics","lts__t_sectors.avg.pct_of_peak_sustained_elapsed","%","25.79"
"664","583630","python3.8","127.0.0.1","void cudnn::bn_fw_inf_1C11_kernel_NCHW<float, float, (bool)1, (int)1>(T2, T2, cudnnTensorStruct, const T1 *, cudnnTensorStruct, T1 *, cudnnTensorStruct, const T2 *, const T2 *, const T2 *, const T2 *, T2)","1","7","(64, 1, 1)","(1024, 64, 1)","0","8.0","Command line profiler metrics","dram__throughput.avg.pct_of_peak_sustained_elapsed","%","32.36"
"664","583630","python3.8","127.0.0.1","void cudnn::bn_fw_inf_1C11_kernel_NCHW<float, float, (bool)1, (int)1>(T2, T2, cudnnTensorStruct, const T1 *, cudnnTensorStruct, T1 *, cudnnTensorStruct, const T2 *, const T2 *, const T2 *, const T2 *, T2)","1","7","(64, 1, 1)","(1024, 64, 1)","0","8.0","Command line profiler metrics","gpu__time_duration.sum","nsecond","144640"
"664","583630","python3.8","127.0.0.1","void cudnn::bn_fw_inf_1C11_kernel_NCHW<float, float, (bool)1, (int)1>(T2, T2, cudnnTensorStruct, const T1 *, cudnnTensorStruct, T1 *, cudnnTensorStruct, const T2 *, const T2 *, const T2 *, const T2 *, T2)","1","7","(64, 1, 1)","(1024, 64, 1)","0","8.0","Command line profiler metrics","lts__t_sectors.avg.pct_of_peak_sustained_elapsed","%","18.69"
"665","583630","python3.8","127.0.0.1","void at::native::vectorized_elementwise_kernel<(int)4, at::native::CUDAFunctor_add<float>, at::detail::Array<char *, (int)3>>(int, T2, T3)","1","7","(128, 1, 1)","(25088, 1, 1)","0","8.0","Command line profiler metrics","dram__throughput.avg.pct_of_peak_sustained_elapsed","%","85.61"
"665","583630","python3.8","127.0.0.1","void at::native::vectorized_elementwise_kernel<(int)4, at::native::CUDAFunctor_add<float>, at::detail::Array<char *, (int)3>>(int, T2, T3)","1","7","(128, 1, 1)","(25088, 1, 1)","0","8.0","Command line profiler metrics","gpu__time_duration.sum","nsecond","84288"
"665","583630","python3.8","127.0.0.1","void at::native::vectorized_elementwise_kernel<(int)4, at::native::CUDAFunctor_add<float>, at::detail::Array<char *, (int)3>>(int, T2, T3)","1","7","(128, 1, 1)","(25088, 1, 1)","0","8.0","Command line profiler metrics","lts__t_sectors.avg.pct_of_peak_sustained_elapsed","%","41.50"
"666","583630","python3.8","127.0.0.1","void at::native::vectorized_elementwise_kernel<(int)4, at::native::<unnamed>::launch_clamp_scalar(at::TensorIteratorBase &, c10::Scalar, c10::Scalar, at::native::detail::ClampLimits)::[lambda() (instance 1)]::operator ()() const::[lambda() (instance 14)]::operator ()() const::[lambda(float) (instance 1)], at::detail::Array<char *, (int)2>>(int, T2, T3)","1","7","(128, 1, 1)","(25088, 1, 1)","0","8.0","Command line profiler metrics","dram__throughput.avg.pct_of_peak_sustained_elapsed","%","66.19"
"666","583630","python3.8","127.0.0.1","void at::native::vectorized_elementwise_kernel<(int)4, at::native::<unnamed>::launch_clamp_scalar(at::TensorIteratorBase &, c10::Scalar, c10::Scalar, at::native::detail::ClampLimits)::[lambda() (instance 1)]::operator ()() const::[lambda() (instance 14)]::operator ()() const::[lambda(float) (instance 1)], at::detail::Array<char *, (int)2>>(int, T2, T3)","1","7","(128, 1, 1)","(25088, 1, 1)","0","8.0","Command line profiler metrics","gpu__time_duration.sum","nsecond","65824"
"666","583630","python3.8","127.0.0.1","void at::native::vectorized_elementwise_kernel<(int)4, at::native::<unnamed>::launch_clamp_scalar(at::TensorIteratorBase &, c10::Scalar, c10::Scalar, at::native::detail::ClampLimits)::[lambda() (instance 1)]::operator ()() const::[lambda() (instance 14)]::operator ()() const::[lambda(float) (instance 1)], at::detail::Array<char *, (int)2>>(int, T2, T3)","1","7","(128, 1, 1)","(25088, 1, 1)","0","8.0","Command line profiler metrics","lts__t_sectors.avg.pct_of_peak_sustained_elapsed","%","32.64"
"667","583630","python3.8","127.0.0.1","void cutlass::Kernel<cutlass_80_tensorop_s1688gemm_256x64_16x4_nn_align4>(T1::Params)","1","7","(128, 1, 1)","(4, 1, 64)","0","8.0","Command line profiler metrics","dram__throughput.avg.pct_of_peak_sustained_elapsed","%","14.34"
"667","583630","python3.8","127.0.0.1","void cutlass::Kernel<cutlass_80_tensorop_s1688gemm_256x64_16x4_nn_align4>(T1::Params)","1","7","(128, 1, 1)","(4, 1, 64)","0","8.0","Command line profiler metrics","gpu__time_duration.sum","nsecond","218080"
"667","583630","python3.8","127.0.0.1","void cutlass::Kernel<cutlass_80_tensorop_s1688gemm_256x64_16x4_nn_align4>(T1::Params)","1","7","(128, 1, 1)","(4, 1, 64)","0","8.0","Command line profiler metrics","lts__t_sectors.avg.pct_of_peak_sustained_elapsed","%","28.16"
"668","583630","python3.8","127.0.0.1","void cudnn::bn_fw_inf_1C11_kernel_NCHW<float, float, (bool)1, (int)1>(T2, T2, cudnnTensorStruct, const T1 *, cudnnTensorStruct, T1 *, cudnnTensorStruct, const T2 *, const T2 *, const T2 *, const T2 *, T2)","1","7","(64, 1, 1)","(256, 64, 1)","0","8.0","Command line profiler metrics","dram__throughput.avg.pct_of_peak_sustained_elapsed","%","20.19"
"668","583630","python3.8","127.0.0.1","void cudnn::bn_fw_inf_1C11_kernel_NCHW<float, float, (bool)1, (int)1>(T2, T2, cudnnTensorStruct, const T1 *, cudnnTensorStruct, T1 *, cudnnTensorStruct, const T2 *, const T2 *, const T2 *, const T2 *, T2)","1","7","(64, 1, 1)","(256, 64, 1)","0","8.0","Command line profiler metrics","gpu__time_duration.sum","nsecond","35296"
"668","583630","python3.8","127.0.0.1","void cudnn::bn_fw_inf_1C11_kernel_NCHW<float, float, (bool)1, (int)1>(T2, T2, cudnnTensorStruct, const T1 *, cudnnTensorStruct, T1 *, cudnnTensorStruct, const T2 *, const T2 *, const T2 *, const T2 *, T2)","1","7","(64, 1, 1)","(256, 64, 1)","0","8.0","Command line profiler metrics","lts__t_sectors.avg.pct_of_peak_sustained_elapsed","%","15.52"
"669","583630","python3.8","127.0.0.1","void at::native::vectorized_elementwise_kernel<(int)4, at::native::<unnamed>::launch_clamp_scalar(at::TensorIteratorBase &, c10::Scalar, c10::Scalar, at::native::detail::ClampLimits)::[lambda() (instance 1)]::operator ()() const::[lambda() (instance 14)]::operator ()() const::[lambda(float) (instance 1)], at::detail::Array<char *, (int)2>>(int, T2, T3)","1","7","(128, 1, 1)","(6272, 1, 1)","0","8.0","Command line profiler metrics","dram__throughput.avg.pct_of_peak_sustained_elapsed","%","34.03"
"669","583630","python3.8","127.0.0.1","void at::native::vectorized_elementwise_kernel<(int)4, at::native::<unnamed>::launch_clamp_scalar(at::TensorIteratorBase &, c10::Scalar, c10::Scalar, at::native::detail::ClampLimits)::[lambda() (instance 1)]::operator ()() const::[lambda() (instance 14)]::operator ()() const::[lambda(float) (instance 1)], at::detail::Array<char *, (int)2>>(int, T2, T3)","1","7","(128, 1, 1)","(6272, 1, 1)","0","8.0","Command line profiler metrics","gpu__time_duration.sum","nsecond","19552"
"669","583630","python3.8","127.0.0.1","void at::native::vectorized_elementwise_kernel<(int)4, at::native::<unnamed>::launch_clamp_scalar(at::TensorIteratorBase &, c10::Scalar, c10::Scalar, at::native::detail::ClampLimits)::[lambda() (instance 1)]::operator ()() const::[lambda() (instance 14)]::operator ()() const::[lambda(float) (instance 1)], at::detail::Array<char *, (int)2>>(int, T2, T3)","1","7","(128, 1, 1)","(6272, 1, 1)","0","8.0","Command line profiler metrics","lts__t_sectors.avg.pct_of_peak_sustained_elapsed","%","26.16"
"670","583630","python3.8","127.0.0.1","void cudnn::ops::nchwToNhwcKernel<float, float, float, (bool)0, (bool)1, (cudnnKernelDataType_t)2>(cudnn::ops::nchw2nhwc_params_t<T3>, const T1 *, T2 *)","1","7","(256, 1, 1)","(7, 8, 64)","0","8.0","Command line profiler metrics","dram__throughput.avg.pct_of_peak_sustained_elapsed","%","30.86"
"670","583630","python3.8","127.0.0.1","void cudnn::ops::nchwToNhwcKernel<float, float, float, (bool)0, (bool)1, (cudnnKernelDataType_t)2>(cudnn::ops::nchw2nhwc_params_t<T3>, const T1 *, T2 *)","1","7","(256, 1, 1)","(7, 8, 64)","0","8.0","Command line profiler metrics","gpu__time_duration.sum","nsecond","23520"
"670","583630","python3.8","127.0.0.1","void cudnn::ops::nchwToNhwcKernel<float, float, float, (bool)0, (bool)1, (cudnnKernelDataType_t)2>(cudnn::ops::nchw2nhwc_params_t<T3>, const T1 *, T2 *)","1","7","(256, 1, 1)","(7, 8, 64)","0","8.0","Command line profiler metrics","lts__t_sectors.avg.pct_of_peak_sustained_elapsed","%","25.39"
"671","583630","python3.8","127.0.0.1","void cudnn::ops::nchwToNhwcKernel<float, float, float, (bool)0, (bool)1, (cudnnKernelDataType_t)2>(cudnn::ops::nchw2nhwc_params_t<T3>, const T1 *, T2 *)","1","7","(256, 1, 1)","(1, 8, 256)","0","8.0","Command line profiler metrics","dram__throughput.avg.pct_of_peak_sustained_elapsed","%","8.05"
"671","583630","python3.8","127.0.0.1","void cudnn::ops::nchwToNhwcKernel<float, float, float, (bool)0, (bool)1, (cudnnKernelDataType_t)2>(cudnn::ops::nchw2nhwc_params_t<T3>, const T1 *, T2 *)","1","7","(256, 1, 1)","(1, 8, 256)","0","8.0","Command line profiler metrics","gpu__time_duration.sum","nsecond","15264"
"671","583630","python3.8","127.0.0.1","void cudnn::ops::nchwToNhwcKernel<float, float, float, (bool)0, (bool)1, (cudnnKernelDataType_t)2>(cudnn::ops::nchw2nhwc_params_t<T3>, const T1 *, T2 *)","1","7","(256, 1, 1)","(1, 8, 256)","0","8.0","Command line profiler metrics","lts__t_sectors.avg.pct_of_peak_sustained_elapsed","%","6.77"
"672","583630","python3.8","127.0.0.1","sm80_xmma_fprop_implicit_gemm_tf32f32_tf32f32_f32_nhwckrsc_nchw_tilesize256x128x32_stage3_warpsize4x2x1_g1_tensor16x8x8_execute_kernel_cudnn","1","7","(256, 1, 1)","(2, 49, 1)","0","8.0","Command line profiler metrics","dram__throughput.avg.pct_of_peak_sustained_elapsed","%","2.70"
"672","583630","python3.8","127.0.0.1","sm80_xmma_fprop_implicit_gemm_tf32f32_tf32f32_f32_nhwckrsc_nchw_tilesize256x128x32_stage3_warpsize4x2x1_g1_tensor16x8x8_execute_kernel_cudnn","1","7","(256, 1, 1)","(2, 49, 1)","0","8.0","Command line profiler metrics","gpu__time_duration.sum","nsecond","318592"
"672","583630","python3.8","127.0.0.1","sm80_xmma_fprop_implicit_gemm_tf32f32_tf32f32_f32_nhwckrsc_nchw_tilesize256x128x32_stage3_warpsize4x2x1_g1_tensor16x8x8_execute_kernel_cudnn","1","7","(256, 1, 1)","(2, 49, 1)","0","8.0","Command line profiler metrics","lts__t_sectors.avg.pct_of_peak_sustained_elapsed","%","14.48"
"673","583630","python3.8","127.0.0.1","void cudnn::bn_fw_inf_1C11_kernel_NCHW<float, float, (bool)1, (int)1>(T2, T2, cudnnTensorStruct, const T1 *, cudnnTensorStruct, T1 *, cudnnTensorStruct, const T2 *, const T2 *, const T2 *, const T2 *, T2)","1","7","(64, 1, 1)","(256, 64, 1)","0","8.0","Command line profiler metrics","dram__throughput.avg.pct_of_peak_sustained_elapsed","%","20.58"
"673","583630","python3.8","127.0.0.1","void cudnn::bn_fw_inf_1C11_kernel_NCHW<float, float, (bool)1, (int)1>(T2, T2, cudnnTensorStruct, const T1 *, cudnnTensorStruct, T1 *, cudnnTensorStruct, const T2 *, const T2 *, const T2 *, const T2 *, T2)","1","7","(64, 1, 1)","(256, 64, 1)","0","8.0","Command line profiler metrics","gpu__time_duration.sum","nsecond","35456"
"673","583630","python3.8","127.0.0.1","void cudnn::bn_fw_inf_1C11_kernel_NCHW<float, float, (bool)1, (int)1>(T2, T2, cudnnTensorStruct, const T1 *, cudnnTensorStruct, T1 *, cudnnTensorStruct, const T2 *, const T2 *, const T2 *, const T2 *, T2)","1","7","(64, 1, 1)","(256, 64, 1)","0","8.0","Command line profiler metrics","lts__t_sectors.avg.pct_of_peak_sustained_elapsed","%","15.92"
"674","583630","python3.8","127.0.0.1","void at::native::vectorized_elementwise_kernel<(int)4, at::native::<unnamed>::launch_clamp_scalar(at::TensorIteratorBase &, c10::Scalar, c10::Scalar, at::native::detail::ClampLimits)::[lambda() (instance 1)]::operator ()() const::[lambda() (instance 14)]::operator ()() const::[lambda(float) (instance 1)], at::detail::Array<char *, (int)2>>(int, T2, T3)","1","7","(128, 1, 1)","(6272, 1, 1)","0","8.0","Command line profiler metrics","dram__throughput.avg.pct_of_peak_sustained_elapsed","%","34.47"
"674","583630","python3.8","127.0.0.1","void at::native::vectorized_elementwise_kernel<(int)4, at::native::<unnamed>::launch_clamp_scalar(at::TensorIteratorBase &, c10::Scalar, c10::Scalar, at::native::detail::ClampLimits)::[lambda() (instance 1)]::operator ()() const::[lambda() (instance 14)]::operator ()() const::[lambda(float) (instance 1)], at::detail::Array<char *, (int)2>>(int, T2, T3)","1","7","(128, 1, 1)","(6272, 1, 1)","0","8.0","Command line profiler metrics","gpu__time_duration.sum","nsecond","19328"
"674","583630","python3.8","127.0.0.1","void at::native::vectorized_elementwise_kernel<(int)4, at::native::<unnamed>::launch_clamp_scalar(at::TensorIteratorBase &, c10::Scalar, c10::Scalar, at::native::detail::ClampLimits)::[lambda() (instance 1)]::operator ()() const::[lambda() (instance 14)]::operator ()() const::[lambda(float) (instance 1)], at::detail::Array<char *, (int)2>>(int, T2, T3)","1","7","(128, 1, 1)","(6272, 1, 1)","0","8.0","Command line profiler metrics","lts__t_sectors.avg.pct_of_peak_sustained_elapsed","%","26.65"
"675","583630","python3.8","127.0.0.1","void cutlass::Kernel<cutlass_80_tensorop_s1688gemm_256x64_16x4_nn_align4>(T1::Params)","1","7","(128, 1, 1)","(16, 1, 64)","0","8.0","Command line profiler metrics","dram__throughput.avg.pct_of_peak_sustained_elapsed","%","9.99"
"675","583630","python3.8","127.0.0.1","void cutlass::Kernel<cutlass_80_tensorop_s1688gemm_256x64_16x4_nn_align4>(T1::Params)","1","7","(128, 1, 1)","(16, 1, 64)","0","8.0","Command line profiler metrics","gpu__time_duration.sum","nsecond","248096"
"675","583630","python3.8","127.0.0.1","void cutlass::Kernel<cutlass_80_tensorop_s1688gemm_256x64_16x4_nn_align4>(T1::Params)","1","7","(128, 1, 1)","(16, 1, 64)","0","8.0","Command line profiler metrics","lts__t_sectors.avg.pct_of_peak_sustained_elapsed","%","25.80"
"676","583630","python3.8","127.0.0.1","void cudnn::bn_fw_inf_1C11_kernel_NCHW<float, float, (bool)1, (int)1>(T2, T2, cudnnTensorStruct, const T1 *, cudnnTensorStruct, T1 *, cudnnTensorStruct, const T2 *, const T2 *, const T2 *, const T2 *, T2)","1","7","(64, 1, 1)","(1024, 64, 1)","0","8.0","Command line profiler metrics","dram__throughput.avg.pct_of_peak_sustained_elapsed","%","32.40"
"676","583630","python3.8","127.0.0.1","void cudnn::bn_fw_inf_1C11_kernel_NCHW<float, float, (bool)1, (int)1>(T2, T2, cudnnTensorStruct, const T1 *, cudnnTensorStruct, T1 *, cudnnTensorStruct, const T2 *, const T2 *, const T2 *, const T2 *, T2)","1","7","(64, 1, 1)","(1024, 64, 1)","0","8.0","Command line profiler metrics","gpu__time_duration.sum","nsecond","144512"
"676","583630","python3.8","127.0.0.1","void cudnn::bn_fw_inf_1C11_kernel_NCHW<float, float, (bool)1, (int)1>(T2, T2, cudnnTensorStruct, const T1 *, cudnnTensorStruct, T1 *, cudnnTensorStruct, const T2 *, const T2 *, const T2 *, const T2 *, T2)","1","7","(64, 1, 1)","(1024, 64, 1)","0","8.0","Command line profiler metrics","lts__t_sectors.avg.pct_of_peak_sustained_elapsed","%","18.75"
"677","583630","python3.8","127.0.0.1","void at::native::vectorized_elementwise_kernel<(int)4, at::native::CUDAFunctor_add<float>, at::detail::Array<char *, (int)3>>(int, T2, T3)","1","7","(128, 1, 1)","(25088, 1, 1)","0","8.0","Command line profiler metrics","dram__throughput.avg.pct_of_peak_sustained_elapsed","%","86.14"
"677","583630","python3.8","127.0.0.1","void at::native::vectorized_elementwise_kernel<(int)4, at::native::CUDAFunctor_add<float>, at::detail::Array<char *, (int)3>>(int, T2, T3)","1","7","(128, 1, 1)","(25088, 1, 1)","0","8.0","Command line profiler metrics","gpu__time_duration.sum","nsecond","83712"
"677","583630","python3.8","127.0.0.1","void at::native::vectorized_elementwise_kernel<(int)4, at::native::CUDAFunctor_add<float>, at::detail::Array<char *, (int)3>>(int, T2, T3)","1","7","(128, 1, 1)","(25088, 1, 1)","0","8.0","Command line profiler metrics","lts__t_sectors.avg.pct_of_peak_sustained_elapsed","%","41.87"
"678","583630","python3.8","127.0.0.1","void at::native::vectorized_elementwise_kernel<(int)4, at::native::<unnamed>::launch_clamp_scalar(at::TensorIteratorBase &, c10::Scalar, c10::Scalar, at::native::detail::ClampLimits)::[lambda() (instance 1)]::operator ()() const::[lambda() (instance 14)]::operator ()() const::[lambda(float) (instance 1)], at::detail::Array<char *, (int)2>>(int, T2, T3)","1","7","(128, 1, 1)","(25088, 1, 1)","0","8.0","Command line profiler metrics","dram__throughput.avg.pct_of_peak_sustained_elapsed","%","66.51"
"678","583630","python3.8","127.0.0.1","void at::native::vectorized_elementwise_kernel<(int)4, at::native::<unnamed>::launch_clamp_scalar(at::TensorIteratorBase &, c10::Scalar, c10::Scalar, at::native::detail::ClampLimits)::[lambda() (instance 1)]::operator ()() const::[lambda() (instance 14)]::operator ()() const::[lambda(float) (instance 1)], at::detail::Array<char *, (int)2>>(int, T2, T3)","1","7","(128, 1, 1)","(25088, 1, 1)","0","8.0","Command line profiler metrics","gpu__time_duration.sum","nsecond","65536"
"678","583630","python3.8","127.0.0.1","void at::native::vectorized_elementwise_kernel<(int)4, at::native::<unnamed>::launch_clamp_scalar(at::TensorIteratorBase &, c10::Scalar, c10::Scalar, at::native::detail::ClampLimits)::[lambda() (instance 1)]::operator ()() const::[lambda() (instance 14)]::operator ()() const::[lambda(float) (instance 1)], at::detail::Array<char *, (int)2>>(int, T2, T3)","1","7","(128, 1, 1)","(25088, 1, 1)","0","8.0","Command line profiler metrics","lts__t_sectors.avg.pct_of_peak_sustained_elapsed","%","32.70"
"679","583630","python3.8","127.0.0.1","void cutlass::Kernel<cutlass_80_tensorop_s1688gemm_256x64_16x4_nn_align4>(T1::Params)","1","7","(128, 1, 1)","(4, 1, 64)","0","8.0","Command line profiler metrics","dram__throughput.avg.pct_of_peak_sustained_elapsed","%","14.25"
"679","583630","python3.8","127.0.0.1","void cutlass::Kernel<cutlass_80_tensorop_s1688gemm_256x64_16x4_nn_align4>(T1::Params)","1","7","(128, 1, 1)","(4, 1, 64)","0","8.0","Command line profiler metrics","gpu__time_duration.sum","nsecond","219616"
"679","583630","python3.8","127.0.0.1","void cutlass::Kernel<cutlass_80_tensorop_s1688gemm_256x64_16x4_nn_align4>(T1::Params)","1","7","(128, 1, 1)","(4, 1, 64)","0","8.0","Command line profiler metrics","lts__t_sectors.avg.pct_of_peak_sustained_elapsed","%","27.95"
"680","583630","python3.8","127.0.0.1","void cudnn::bn_fw_inf_1C11_kernel_NCHW<float, float, (bool)1, (int)1>(T2, T2, cudnnTensorStruct, const T1 *, cudnnTensorStruct, T1 *, cudnnTensorStruct, const T2 *, const T2 *, const T2 *, const T2 *, T2)","1","7","(64, 1, 1)","(256, 64, 1)","0","8.0","Command line profiler metrics","dram__throughput.avg.pct_of_peak_sustained_elapsed","%","20.20"
"680","583630","python3.8","127.0.0.1","void cudnn::bn_fw_inf_1C11_kernel_NCHW<float, float, (bool)1, (int)1>(T2, T2, cudnnTensorStruct, const T1 *, cudnnTensorStruct, T1 *, cudnnTensorStruct, const T2 *, const T2 *, const T2 *, const T2 *, T2)","1","7","(64, 1, 1)","(256, 64, 1)","0","8.0","Command line profiler metrics","gpu__time_duration.sum","nsecond","35520"
"680","583630","python3.8","127.0.0.1","void cudnn::bn_fw_inf_1C11_kernel_NCHW<float, float, (bool)1, (int)1>(T2, T2, cudnnTensorStruct, const T1 *, cudnnTensorStruct, T1 *, cudnnTensorStruct, const T2 *, const T2 *, const T2 *, const T2 *, T2)","1","7","(64, 1, 1)","(256, 64, 1)","0","8.0","Command line profiler metrics","lts__t_sectors.avg.pct_of_peak_sustained_elapsed","%","15.51"
"681","583630","python3.8","127.0.0.1","void at::native::vectorized_elementwise_kernel<(int)4, at::native::<unnamed>::launch_clamp_scalar(at::TensorIteratorBase &, c10::Scalar, c10::Scalar, at::native::detail::ClampLimits)::[lambda() (instance 1)]::operator ()() const::[lambda() (instance 14)]::operator ()() const::[lambda(float) (instance 1)], at::detail::Array<char *, (int)2>>(int, T2, T3)","1","7","(128, 1, 1)","(6272, 1, 1)","0","8.0","Command line profiler metrics","dram__throughput.avg.pct_of_peak_sustained_elapsed","%","35.21"
"681","583630","python3.8","127.0.0.1","void at::native::vectorized_elementwise_kernel<(int)4, at::native::<unnamed>::launch_clamp_scalar(at::TensorIteratorBase &, c10::Scalar, c10::Scalar, at::native::detail::ClampLimits)::[lambda() (instance 1)]::operator ()() const::[lambda() (instance 14)]::operator ()() const::[lambda(float) (instance 1)], at::detail::Array<char *, (int)2>>(int, T2, T3)","1","7","(128, 1, 1)","(6272, 1, 1)","0","8.0","Command line profiler metrics","gpu__time_duration.sum","nsecond","18912"
"681","583630","python3.8","127.0.0.1","void at::native::vectorized_elementwise_kernel<(int)4, at::native::<unnamed>::launch_clamp_scalar(at::TensorIteratorBase &, c10::Scalar, c10::Scalar, at::native::detail::ClampLimits)::[lambda() (instance 1)]::operator ()() const::[lambda() (instance 14)]::operator ()() const::[lambda(float) (instance 1)], at::detail::Array<char *, (int)2>>(int, T2, T3)","1","7","(128, 1, 1)","(6272, 1, 1)","0","8.0","Command line profiler metrics","lts__t_sectors.avg.pct_of_peak_sustained_elapsed","%","27.02"
"682","583630","python3.8","127.0.0.1","void cudnn::ops::nchwToNhwcKernel<float, float, float, (bool)0, (bool)1, (cudnnKernelDataType_t)2>(cudnn::ops::nchw2nhwc_params_t<T3>, const T1 *, T2 *)","1","7","(256, 1, 1)","(7, 8, 64)","0","8.0","Command line profiler metrics","dram__throughput.avg.pct_of_peak_sustained_elapsed","%","31.16"
"682","583630","python3.8","127.0.0.1","void cudnn::ops::nchwToNhwcKernel<float, float, float, (bool)0, (bool)1, (cudnnKernelDataType_t)2>(cudnn::ops::nchw2nhwc_params_t<T3>, const T1 *, T2 *)","1","7","(256, 1, 1)","(7, 8, 64)","0","8.0","Command line profiler metrics","gpu__time_duration.sum","nsecond","23296"
"682","583630","python3.8","127.0.0.1","void cudnn::ops::nchwToNhwcKernel<float, float, float, (bool)0, (bool)1, (cudnnKernelDataType_t)2>(cudnn::ops::nchw2nhwc_params_t<T3>, const T1 *, T2 *)","1","7","(256, 1, 1)","(7, 8, 64)","0","8.0","Command line profiler metrics","lts__t_sectors.avg.pct_of_peak_sustained_elapsed","%","25.51"
"683","583630","python3.8","127.0.0.1","void cudnn::ops::nchwToNhwcKernel<float, float, float, (bool)0, (bool)1, (cudnnKernelDataType_t)2>(cudnn::ops::nchw2nhwc_params_t<T3>, const T1 *, T2 *)","1","7","(256, 1, 1)","(1, 8, 256)","0","8.0","Command line profiler metrics","dram__throughput.avg.pct_of_peak_sustained_elapsed","%","8.00"
"683","583630","python3.8","127.0.0.1","void cudnn::ops::nchwToNhwcKernel<float, float, float, (bool)0, (bool)1, (cudnnKernelDataType_t)2>(cudnn::ops::nchw2nhwc_params_t<T3>, const T1 *, T2 *)","1","7","(256, 1, 1)","(1, 8, 256)","0","8.0","Command line profiler metrics","gpu__time_duration.sum","nsecond","15360"
"683","583630","python3.8","127.0.0.1","void cudnn::ops::nchwToNhwcKernel<float, float, float, (bool)0, (bool)1, (cudnnKernelDataType_t)2>(cudnn::ops::nchw2nhwc_params_t<T3>, const T1 *, T2 *)","1","7","(256, 1, 1)","(1, 8, 256)","0","8.0","Command line profiler metrics","lts__t_sectors.avg.pct_of_peak_sustained_elapsed","%","6.75"
"684","583630","python3.8","127.0.0.1","sm80_xmma_fprop_implicit_gemm_tf32f32_tf32f32_f32_nhwckrsc_nchw_tilesize256x128x32_stage3_warpsize4x2x1_g1_tensor16x8x8_execute_kernel_cudnn","1","7","(256, 1, 1)","(2, 49, 1)","0","8.0","Command line profiler metrics","dram__throughput.avg.pct_of_peak_sustained_elapsed","%","2.71"
"684","583630","python3.8","127.0.0.1","sm80_xmma_fprop_implicit_gemm_tf32f32_tf32f32_f32_nhwckrsc_nchw_tilesize256x128x32_stage3_warpsize4x2x1_g1_tensor16x8x8_execute_kernel_cudnn","1","7","(256, 1, 1)","(2, 49, 1)","0","8.0","Command line profiler metrics","gpu__time_duration.sum","nsecond","318048"
"684","583630","python3.8","127.0.0.1","sm80_xmma_fprop_implicit_gemm_tf32f32_tf32f32_f32_nhwckrsc_nchw_tilesize256x128x32_stage3_warpsize4x2x1_g1_tensor16x8x8_execute_kernel_cudnn","1","7","(256, 1, 1)","(2, 49, 1)","0","8.0","Command line profiler metrics","lts__t_sectors.avg.pct_of_peak_sustained_elapsed","%","14.52"
"685","583630","python3.8","127.0.0.1","void cudnn::bn_fw_inf_1C11_kernel_NCHW<float, float, (bool)1, (int)1>(T2, T2, cudnnTensorStruct, const T1 *, cudnnTensorStruct, T1 *, cudnnTensorStruct, const T2 *, const T2 *, const T2 *, const T2 *, T2)","1","7","(64, 1, 1)","(256, 64, 1)","0","8.0","Command line profiler metrics","dram__throughput.avg.pct_of_peak_sustained_elapsed","%","20.62"
"685","583630","python3.8","127.0.0.1","void cudnn::bn_fw_inf_1C11_kernel_NCHW<float, float, (bool)1, (int)1>(T2, T2, cudnnTensorStruct, const T1 *, cudnnTensorStruct, T1 *, cudnnTensorStruct, const T2 *, const T2 *, const T2 *, const T2 *, T2)","1","7","(64, 1, 1)","(256, 64, 1)","0","8.0","Command line profiler metrics","gpu__time_duration.sum","nsecond","35328"
"685","583630","python3.8","127.0.0.1","void cudnn::bn_fw_inf_1C11_kernel_NCHW<float, float, (bool)1, (int)1>(T2, T2, cudnnTensorStruct, const T1 *, cudnnTensorStruct, T1 *, cudnnTensorStruct, const T2 *, const T2 *, const T2 *, const T2 *, T2)","1","7","(64, 1, 1)","(256, 64, 1)","0","8.0","Command line profiler metrics","lts__t_sectors.avg.pct_of_peak_sustained_elapsed","%","15.96"
"686","583630","python3.8","127.0.0.1","void at::native::vectorized_elementwise_kernel<(int)4, at::native::<unnamed>::launch_clamp_scalar(at::TensorIteratorBase &, c10::Scalar, c10::Scalar, at::native::detail::ClampLimits)::[lambda() (instance 1)]::operator ()() const::[lambda() (instance 14)]::operator ()() const::[lambda(float) (instance 1)], at::detail::Array<char *, (int)2>>(int, T2, T3)","1","7","(128, 1, 1)","(6272, 1, 1)","0","8.0","Command line profiler metrics","dram__throughput.avg.pct_of_peak_sustained_elapsed","%","36.37"
"686","583630","python3.8","127.0.0.1","void at::native::vectorized_elementwise_kernel<(int)4, at::native::<unnamed>::launch_clamp_scalar(at::TensorIteratorBase &, c10::Scalar, c10::Scalar, at::native::detail::ClampLimits)::[lambda() (instance 1)]::operator ()() const::[lambda() (instance 14)]::operator ()() const::[lambda(float) (instance 1)], at::detail::Array<char *, (int)2>>(int, T2, T3)","1","7","(128, 1, 1)","(6272, 1, 1)","0","8.0","Command line profiler metrics","gpu__time_duration.sum","nsecond","18336"
"686","583630","python3.8","127.0.0.1","void at::native::vectorized_elementwise_kernel<(int)4, at::native::<unnamed>::launch_clamp_scalar(at::TensorIteratorBase &, c10::Scalar, c10::Scalar, at::native::detail::ClampLimits)::[lambda() (instance 1)]::operator ()() const::[lambda() (instance 14)]::operator ()() const::[lambda(float) (instance 1)], at::detail::Array<char *, (int)2>>(int, T2, T3)","1","7","(128, 1, 1)","(6272, 1, 1)","0","8.0","Command line profiler metrics","lts__t_sectors.avg.pct_of_peak_sustained_elapsed","%","27.94"
"687","583630","python3.8","127.0.0.1","void cutlass::Kernel<cutlass_80_tensorop_s1688gemm_256x64_16x4_nn_align4>(T1::Params)","1","7","(128, 1, 1)","(16, 1, 64)","0","8.0","Command line profiler metrics","dram__throughput.avg.pct_of_peak_sustained_elapsed","%","9.92"
"687","583630","python3.8","127.0.0.1","void cutlass::Kernel<cutlass_80_tensorop_s1688gemm_256x64_16x4_nn_align4>(T1::Params)","1","7","(128, 1, 1)","(16, 1, 64)","0","8.0","Command line profiler metrics","gpu__time_duration.sum","nsecond","248384"
"687","583630","python3.8","127.0.0.1","void cutlass::Kernel<cutlass_80_tensorop_s1688gemm_256x64_16x4_nn_align4>(T1::Params)","1","7","(128, 1, 1)","(16, 1, 64)","0","8.0","Command line profiler metrics","lts__t_sectors.avg.pct_of_peak_sustained_elapsed","%","25.77"
"688","583630","python3.8","127.0.0.1","void cudnn::bn_fw_inf_1C11_kernel_NCHW<float, float, (bool)1, (int)1>(T2, T2, cudnnTensorStruct, const T1 *, cudnnTensorStruct, T1 *, cudnnTensorStruct, const T2 *, const T2 *, const T2 *, const T2 *, T2)","1","7","(64, 1, 1)","(1024, 64, 1)","0","8.0","Command line profiler metrics","dram__throughput.avg.pct_of_peak_sustained_elapsed","%","32.37"
"688","583630","python3.8","127.0.0.1","void cudnn::bn_fw_inf_1C11_kernel_NCHW<float, float, (bool)1, (int)1>(T2, T2, cudnnTensorStruct, const T1 *, cudnnTensorStruct, T1 *, cudnnTensorStruct, const T2 *, const T2 *, const T2 *, const T2 *, T2)","1","7","(64, 1, 1)","(1024, 64, 1)","0","8.0","Command line profiler metrics","gpu__time_duration.sum","nsecond","144736"
"688","583630","python3.8","127.0.0.1","void cudnn::bn_fw_inf_1C11_kernel_NCHW<float, float, (bool)1, (int)1>(T2, T2, cudnnTensorStruct, const T1 *, cudnnTensorStruct, T1 *, cudnnTensorStruct, const T2 *, const T2 *, const T2 *, const T2 *, T2)","1","7","(64, 1, 1)","(1024, 64, 1)","0","8.0","Command line profiler metrics","lts__t_sectors.avg.pct_of_peak_sustained_elapsed","%","18.71"
"689","583630","python3.8","127.0.0.1","void at::native::vectorized_elementwise_kernel<(int)4, at::native::CUDAFunctor_add<float>, at::detail::Array<char *, (int)3>>(int, T2, T3)","1","7","(128, 1, 1)","(25088, 1, 1)","0","8.0","Command line profiler metrics","dram__throughput.avg.pct_of_peak_sustained_elapsed","%","85.65"
"689","583630","python3.8","127.0.0.1","void at::native::vectorized_elementwise_kernel<(int)4, at::native::CUDAFunctor_add<float>, at::detail::Array<char *, (int)3>>(int, T2, T3)","1","7","(128, 1, 1)","(25088, 1, 1)","0","8.0","Command line profiler metrics","gpu__time_duration.sum","nsecond","84032"
"689","583630","python3.8","127.0.0.1","void at::native::vectorized_elementwise_kernel<(int)4, at::native::CUDAFunctor_add<float>, at::detail::Array<char *, (int)3>>(int, T2, T3)","1","7","(128, 1, 1)","(25088, 1, 1)","0","8.0","Command line profiler metrics","lts__t_sectors.avg.pct_of_peak_sustained_elapsed","%","41.50"
"690","583630","python3.8","127.0.0.1","void at::native::vectorized_elementwise_kernel<(int)4, at::native::<unnamed>::launch_clamp_scalar(at::TensorIteratorBase &, c10::Scalar, c10::Scalar, at::native::detail::ClampLimits)::[lambda() (instance 1)]::operator ()() const::[lambda() (instance 14)]::operator ()() const::[lambda(float) (instance 1)], at::detail::Array<char *, (int)2>>(int, T2, T3)","1","7","(128, 1, 1)","(25088, 1, 1)","0","8.0","Command line profiler metrics","dram__throughput.avg.pct_of_peak_sustained_elapsed","%","66.57"
"690","583630","python3.8","127.0.0.1","void at::native::vectorized_elementwise_kernel<(int)4, at::native::<unnamed>::launch_clamp_scalar(at::TensorIteratorBase &, c10::Scalar, c10::Scalar, at::native::detail::ClampLimits)::[lambda() (instance 1)]::operator ()() const::[lambda() (instance 14)]::operator ()() const::[lambda(float) (instance 1)], at::detail::Array<char *, (int)2>>(int, T2, T3)","1","7","(128, 1, 1)","(25088, 1, 1)","0","8.0","Command line profiler metrics","gpu__time_duration.sum","nsecond","65440"
"690","583630","python3.8","127.0.0.1","void at::native::vectorized_elementwise_kernel<(int)4, at::native::<unnamed>::launch_clamp_scalar(at::TensorIteratorBase &, c10::Scalar, c10::Scalar, at::native::detail::ClampLimits)::[lambda() (instance 1)]::operator ()() const::[lambda() (instance 14)]::operator ()() const::[lambda(float) (instance 1)], at::detail::Array<char *, (int)2>>(int, T2, T3)","1","7","(128, 1, 1)","(25088, 1, 1)","0","8.0","Command line profiler metrics","lts__t_sectors.avg.pct_of_peak_sustained_elapsed","%","32.72"
"691","583630","python3.8","127.0.0.1","void cutlass::Kernel<cutlass_80_tensorop_s1688gemm_256x64_16x4_nn_align4>(T1::Params)","1","7","(128, 1, 1)","(4, 1, 64)","0","8.0","Command line profiler metrics","dram__throughput.avg.pct_of_peak_sustained_elapsed","%","14.26"
"691","583630","python3.8","127.0.0.1","void cutlass::Kernel<cutlass_80_tensorop_s1688gemm_256x64_16x4_nn_align4>(T1::Params)","1","7","(128, 1, 1)","(4, 1, 64)","0","8.0","Command line profiler metrics","gpu__time_duration.sum","nsecond","219040"
"691","583630","python3.8","127.0.0.1","void cutlass::Kernel<cutlass_80_tensorop_s1688gemm_256x64_16x4_nn_align4>(T1::Params)","1","7","(128, 1, 1)","(4, 1, 64)","0","8.0","Command line profiler metrics","lts__t_sectors.avg.pct_of_peak_sustained_elapsed","%","28.02"
"692","583630","python3.8","127.0.0.1","void cudnn::bn_fw_inf_1C11_kernel_NCHW<float, float, (bool)1, (int)1>(T2, T2, cudnnTensorStruct, const T1 *, cudnnTensorStruct, T1 *, cudnnTensorStruct, const T2 *, const T2 *, const T2 *, const T2 *, T2)","1","7","(64, 1, 1)","(256, 64, 1)","0","8.0","Command line profiler metrics","dram__throughput.avg.pct_of_peak_sustained_elapsed","%","20.33"
"692","583630","python3.8","127.0.0.1","void cudnn::bn_fw_inf_1C11_kernel_NCHW<float, float, (bool)1, (int)1>(T2, T2, cudnnTensorStruct, const T1 *, cudnnTensorStruct, T1 *, cudnnTensorStruct, const T2 *, const T2 *, const T2 *, const T2 *, T2)","1","7","(64, 1, 1)","(256, 64, 1)","0","8.0","Command line profiler metrics","gpu__time_duration.sum","nsecond","35296"
"692","583630","python3.8","127.0.0.1","void cudnn::bn_fw_inf_1C11_kernel_NCHW<float, float, (bool)1, (int)1>(T2, T2, cudnnTensorStruct, const T1 *, cudnnTensorStruct, T1 *, cudnnTensorStruct, const T2 *, const T2 *, const T2 *, const T2 *, T2)","1","7","(64, 1, 1)","(256, 64, 1)","0","8.0","Command line profiler metrics","lts__t_sectors.avg.pct_of_peak_sustained_elapsed","%","15.61"
"693","583630","python3.8","127.0.0.1","void at::native::vectorized_elementwise_kernel<(int)4, at::native::<unnamed>::launch_clamp_scalar(at::TensorIteratorBase &, c10::Scalar, c10::Scalar, at::native::detail::ClampLimits)::[lambda() (instance 1)]::operator ()() const::[lambda() (instance 14)]::operator ()() const::[lambda(float) (instance 1)], at::detail::Array<char *, (int)2>>(int, T2, T3)","1","7","(128, 1, 1)","(6272, 1, 1)","0","8.0","Command line profiler metrics","dram__throughput.avg.pct_of_peak_sustained_elapsed","%","34.66"
"693","583630","python3.8","127.0.0.1","void at::native::vectorized_elementwise_kernel<(int)4, at::native::<unnamed>::launch_clamp_scalar(at::TensorIteratorBase &, c10::Scalar, c10::Scalar, at::native::detail::ClampLimits)::[lambda() (instance 1)]::operator ()() const::[lambda() (instance 14)]::operator ()() const::[lambda(float) (instance 1)], at::detail::Array<char *, (int)2>>(int, T2, T3)","1","7","(128, 1, 1)","(6272, 1, 1)","0","8.0","Command line profiler metrics","gpu__time_duration.sum","nsecond","19232"
"693","583630","python3.8","127.0.0.1","void at::native::vectorized_elementwise_kernel<(int)4, at::native::<unnamed>::launch_clamp_scalar(at::TensorIteratorBase &, c10::Scalar, c10::Scalar, at::native::detail::ClampLimits)::[lambda() (instance 1)]::operator ()() const::[lambda() (instance 14)]::operator ()() const::[lambda(float) (instance 1)], at::detail::Array<char *, (int)2>>(int, T2, T3)","1","7","(128, 1, 1)","(6272, 1, 1)","0","8.0","Command line profiler metrics","lts__t_sectors.avg.pct_of_peak_sustained_elapsed","%","26.83"
"694","583630","python3.8","127.0.0.1","void cudnn::ops::nchwToNhwcKernel<float, float, float, (bool)0, (bool)1, (cudnnKernelDataType_t)2>(cudnn::ops::nchw2nhwc_params_t<T3>, const T1 *, T2 *)","1","7","(256, 1, 1)","(7, 8, 64)","0","8.0","Command line profiler metrics","dram__throughput.avg.pct_of_peak_sustained_elapsed","%","30.59"
"694","583630","python3.8","127.0.0.1","void cudnn::ops::nchwToNhwcKernel<float, float, float, (bool)0, (bool)1, (cudnnKernelDataType_t)2>(cudnn::ops::nchw2nhwc_params_t<T3>, const T1 *, T2 *)","1","7","(256, 1, 1)","(7, 8, 64)","0","8.0","Command line profiler metrics","gpu__time_duration.sum","nsecond","23776"
"694","583630","python3.8","127.0.0.1","void cudnn::ops::nchwToNhwcKernel<float, float, float, (bool)0, (bool)1, (cudnnKernelDataType_t)2>(cudnn::ops::nchw2nhwc_params_t<T3>, const T1 *, T2 *)","1","7","(256, 1, 1)","(7, 8, 64)","0","8.0","Command line profiler metrics","lts__t_sectors.avg.pct_of_peak_sustained_elapsed","%","25.57"
"695","583630","python3.8","127.0.0.1","void cudnn::ops::nchwToNhwcKernel<float, float, float, (bool)0, (bool)1, (cudnnKernelDataType_t)2>(cudnn::ops::nchw2nhwc_params_t<T3>, const T1 *, T2 *)","1","7","(256, 1, 1)","(1, 8, 256)","0","8.0","Command line profiler metrics","dram__throughput.avg.pct_of_peak_sustained_elapsed","%","8.08"
"695","583630","python3.8","127.0.0.1","void cudnn::ops::nchwToNhwcKernel<float, float, float, (bool)0, (bool)1, (cudnnKernelDataType_t)2>(cudnn::ops::nchw2nhwc_params_t<T3>, const T1 *, T2 *)","1","7","(256, 1, 1)","(1, 8, 256)","0","8.0","Command line profiler metrics","gpu__time_duration.sum","nsecond","15200"
"695","583630","python3.8","127.0.0.1","void cudnn::ops::nchwToNhwcKernel<float, float, float, (bool)0, (bool)1, (cudnnKernelDataType_t)2>(cudnn::ops::nchw2nhwc_params_t<T3>, const T1 *, T2 *)","1","7","(256, 1, 1)","(1, 8, 256)","0","8.0","Command line profiler metrics","lts__t_sectors.avg.pct_of_peak_sustained_elapsed","%","6.58"
"696","583630","python3.8","127.0.0.1","sm80_xmma_fprop_implicit_gemm_tf32f32_tf32f32_f32_nhwckrsc_nchw_tilesize256x128x32_stage3_warpsize4x2x1_g1_tensor16x8x8_execute_kernel_cudnn","1","7","(256, 1, 1)","(2, 49, 1)","0","8.0","Command line profiler metrics","dram__throughput.avg.pct_of_peak_sustained_elapsed","%","2.67"
"696","583630","python3.8","127.0.0.1","sm80_xmma_fprop_implicit_gemm_tf32f32_tf32f32_f32_nhwckrsc_nchw_tilesize256x128x32_stage3_warpsize4x2x1_g1_tensor16x8x8_execute_kernel_cudnn","1","7","(256, 1, 1)","(2, 49, 1)","0","8.0","Command line profiler metrics","gpu__time_duration.sum","nsecond","318080"
"696","583630","python3.8","127.0.0.1","sm80_xmma_fprop_implicit_gemm_tf32f32_tf32f32_f32_nhwckrsc_nchw_tilesize256x128x32_stage3_warpsize4x2x1_g1_tensor16x8x8_execute_kernel_cudnn","1","7","(256, 1, 1)","(2, 49, 1)","0","8.0","Command line profiler metrics","lts__t_sectors.avg.pct_of_peak_sustained_elapsed","%","14.54"
"697","583630","python3.8","127.0.0.1","void cudnn::bn_fw_inf_1C11_kernel_NCHW<float, float, (bool)1, (int)1>(T2, T2, cudnnTensorStruct, const T1 *, cudnnTensorStruct, T1 *, cudnnTensorStruct, const T2 *, const T2 *, const T2 *, const T2 *, T2)","1","7","(64, 1, 1)","(256, 64, 1)","0","8.0","Command line profiler metrics","dram__throughput.avg.pct_of_peak_sustained_elapsed","%","20.71"
"697","583630","python3.8","127.0.0.1","void cudnn::bn_fw_inf_1C11_kernel_NCHW<float, float, (bool)1, (int)1>(T2, T2, cudnnTensorStruct, const T1 *, cudnnTensorStruct, T1 *, cudnnTensorStruct, const T2 *, const T2 *, const T2 *, const T2 *, T2)","1","7","(64, 1, 1)","(256, 64, 1)","0","8.0","Command line profiler metrics","gpu__time_duration.sum","nsecond","35200"
"697","583630","python3.8","127.0.0.1","void cudnn::bn_fw_inf_1C11_kernel_NCHW<float, float, (bool)1, (int)1>(T2, T2, cudnnTensorStruct, const T1 *, cudnnTensorStruct, T1 *, cudnnTensorStruct, const T2 *, const T2 *, const T2 *, const T2 *, T2)","1","7","(64, 1, 1)","(256, 64, 1)","0","8.0","Command line profiler metrics","lts__t_sectors.avg.pct_of_peak_sustained_elapsed","%","16.00"
"698","583630","python3.8","127.0.0.1","void at::native::vectorized_elementwise_kernel<(int)4, at::native::<unnamed>::launch_clamp_scalar(at::TensorIteratorBase &, c10::Scalar, c10::Scalar, at::native::detail::ClampLimits)::[lambda() (instance 1)]::operator ()() const::[lambda() (instance 14)]::operator ()() const::[lambda(float) (instance 1)], at::detail::Array<char *, (int)2>>(int, T2, T3)","1","7","(128, 1, 1)","(6272, 1, 1)","0","8.0","Command line profiler metrics","dram__throughput.avg.pct_of_peak_sustained_elapsed","%","35.35"
"698","583630","python3.8","127.0.0.1","void at::native::vectorized_elementwise_kernel<(int)4, at::native::<unnamed>::launch_clamp_scalar(at::TensorIteratorBase &, c10::Scalar, c10::Scalar, at::native::detail::ClampLimits)::[lambda() (instance 1)]::operator ()() const::[lambda() (instance 14)]::operator ()() const::[lambda(float) (instance 1)], at::detail::Array<char *, (int)2>>(int, T2, T3)","1","7","(128, 1, 1)","(6272, 1, 1)","0","8.0","Command line profiler metrics","gpu__time_duration.sum","nsecond","18880"
"698","583630","python3.8","127.0.0.1","void at::native::vectorized_elementwise_kernel<(int)4, at::native::<unnamed>::launch_clamp_scalar(at::TensorIteratorBase &, c10::Scalar, c10::Scalar, at::native::detail::ClampLimits)::[lambda() (instance 1)]::operator ()() const::[lambda() (instance 14)]::operator ()() const::[lambda(float) (instance 1)], at::detail::Array<char *, (int)2>>(int, T2, T3)","1","7","(128, 1, 1)","(6272, 1, 1)","0","8.0","Command line profiler metrics","lts__t_sectors.avg.pct_of_peak_sustained_elapsed","%","27.07"
"699","583630","python3.8","127.0.0.1","void cutlass::Kernel<cutlass_80_tensorop_s1688gemm_256x64_16x4_nn_align4>(T1::Params)","1","7","(128, 1, 1)","(16, 1, 64)","0","8.0","Command line profiler metrics","dram__throughput.avg.pct_of_peak_sustained_elapsed","%","9.88"
"699","583630","python3.8","127.0.0.1","void cutlass::Kernel<cutlass_80_tensorop_s1688gemm_256x64_16x4_nn_align4>(T1::Params)","1","7","(128, 1, 1)","(16, 1, 64)","0","8.0","Command line profiler metrics","gpu__time_duration.sum","nsecond","249600"
"699","583630","python3.8","127.0.0.1","void cutlass::Kernel<cutlass_80_tensorop_s1688gemm_256x64_16x4_nn_align4>(T1::Params)","1","7","(128, 1, 1)","(16, 1, 64)","0","8.0","Command line profiler metrics","lts__t_sectors.avg.pct_of_peak_sustained_elapsed","%","25.65"
"700","583630","python3.8","127.0.0.1","void cudnn::bn_fw_inf_1C11_kernel_NCHW<float, float, (bool)1, (int)1>(T2, T2, cudnnTensorStruct, const T1 *, cudnnTensorStruct, T1 *, cudnnTensorStruct, const T2 *, const T2 *, const T2 *, const T2 *, T2)","1","7","(64, 1, 1)","(1024, 64, 1)","0","8.0","Command line profiler metrics","dram__throughput.avg.pct_of_peak_sustained_elapsed","%","32.43"
"700","583630","python3.8","127.0.0.1","void cudnn::bn_fw_inf_1C11_kernel_NCHW<float, float, (bool)1, (int)1>(T2, T2, cudnnTensorStruct, const T1 *, cudnnTensorStruct, T1 *, cudnnTensorStruct, const T2 *, const T2 *, const T2 *, const T2 *, T2)","1","7","(64, 1, 1)","(1024, 64, 1)","0","8.0","Command line profiler metrics","gpu__time_duration.sum","nsecond","144384"
"700","583630","python3.8","127.0.0.1","void cudnn::bn_fw_inf_1C11_kernel_NCHW<float, float, (bool)1, (int)1>(T2, T2, cudnnTensorStruct, const T1 *, cudnnTensorStruct, T1 *, cudnnTensorStruct, const T2 *, const T2 *, const T2 *, const T2 *, T2)","1","7","(64, 1, 1)","(1024, 64, 1)","0","8.0","Command line profiler metrics","lts__t_sectors.avg.pct_of_peak_sustained_elapsed","%","18.78"
"701","583630","python3.8","127.0.0.1","void at::native::vectorized_elementwise_kernel<(int)4, at::native::CUDAFunctor_add<float>, at::detail::Array<char *, (int)3>>(int, T2, T3)","1","7","(128, 1, 1)","(25088, 1, 1)","0","8.0","Command line profiler metrics","dram__throughput.avg.pct_of_peak_sustained_elapsed","%","85.36"
"701","583630","python3.8","127.0.0.1","void at::native::vectorized_elementwise_kernel<(int)4, at::native::CUDAFunctor_add<float>, at::detail::Array<char *, (int)3>>(int, T2, T3)","1","7","(128, 1, 1)","(25088, 1, 1)","0","8.0","Command line profiler metrics","gpu__time_duration.sum","nsecond","84608"
"701","583630","python3.8","127.0.0.1","void at::native::vectorized_elementwise_kernel<(int)4, at::native::CUDAFunctor_add<float>, at::detail::Array<char *, (int)3>>(int, T2, T3)","1","7","(128, 1, 1)","(25088, 1, 1)","0","8.0","Command line profiler metrics","lts__t_sectors.avg.pct_of_peak_sustained_elapsed","%","41.26"
"702","583630","python3.8","127.0.0.1","void at::native::vectorized_elementwise_kernel<(int)4, at::native::<unnamed>::launch_clamp_scalar(at::TensorIteratorBase &, c10::Scalar, c10::Scalar, at::native::detail::ClampLimits)::[lambda() (instance 1)]::operator ()() const::[lambda() (instance 14)]::operator ()() const::[lambda(float) (instance 1)], at::detail::Array<char *, (int)2>>(int, T2, T3)","1","7","(128, 1, 1)","(25088, 1, 1)","0","8.0","Command line profiler metrics","dram__throughput.avg.pct_of_peak_sustained_elapsed","%","66.05"
"702","583630","python3.8","127.0.0.1","void at::native::vectorized_elementwise_kernel<(int)4, at::native::<unnamed>::launch_clamp_scalar(at::TensorIteratorBase &, c10::Scalar, c10::Scalar, at::native::detail::ClampLimits)::[lambda() (instance 1)]::operator ()() const::[lambda() (instance 14)]::operator ()() const::[lambda(float) (instance 1)], at::detail::Array<char *, (int)2>>(int, T2, T3)","1","7","(128, 1, 1)","(25088, 1, 1)","0","8.0","Command line profiler metrics","gpu__time_duration.sum","nsecond","65984"
"702","583630","python3.8","127.0.0.1","void at::native::vectorized_elementwise_kernel<(int)4, at::native::<unnamed>::launch_clamp_scalar(at::TensorIteratorBase &, c10::Scalar, c10::Scalar, at::native::detail::ClampLimits)::[lambda() (instance 1)]::operator ()() const::[lambda() (instance 14)]::operator ()() const::[lambda(float) (instance 1)], at::detail::Array<char *, (int)2>>(int, T2, T3)","1","7","(128, 1, 1)","(25088, 1, 1)","0","8.0","Command line profiler metrics","lts__t_sectors.avg.pct_of_peak_sustained_elapsed","%","32.49"
"703","583630","python3.8","127.0.0.1","void cutlass::Kernel<cutlass_80_tensorop_s1688gemm_256x64_16x4_nn_align4>(T1::Params)","1","7","(128, 1, 1)","(4, 1, 64)","0","8.0","Command line profiler metrics","dram__throughput.avg.pct_of_peak_sustained_elapsed","%","14.32"
"703","583630","python3.8","127.0.0.1","void cutlass::Kernel<cutlass_80_tensorop_s1688gemm_256x64_16x4_nn_align4>(T1::Params)","1","7","(128, 1, 1)","(4, 1, 64)","0","8.0","Command line profiler metrics","gpu__time_duration.sum","nsecond","218816"
"703","583630","python3.8","127.0.0.1","void cutlass::Kernel<cutlass_80_tensorop_s1688gemm_256x64_16x4_nn_align4>(T1::Params)","1","7","(128, 1, 1)","(4, 1, 64)","0","8.0","Command line profiler metrics","lts__t_sectors.avg.pct_of_peak_sustained_elapsed","%","28.12"
"704","583630","python3.8","127.0.0.1","void cudnn::bn_fw_inf_1C11_kernel_NCHW<float, float, (bool)1, (int)1>(T2, T2, cudnnTensorStruct, const T1 *, cudnnTensorStruct, T1 *, cudnnTensorStruct, const T2 *, const T2 *, const T2 *, const T2 *, T2)","1","7","(64, 1, 1)","(256, 64, 1)","0","8.0","Command line profiler metrics","dram__throughput.avg.pct_of_peak_sustained_elapsed","%","20.38"
"704","583630","python3.8","127.0.0.1","void cudnn::bn_fw_inf_1C11_kernel_NCHW<float, float, (bool)1, (int)1>(T2, T2, cudnnTensorStruct, const T1 *, cudnnTensorStruct, T1 *, cudnnTensorStruct, const T2 *, const T2 *, const T2 *, const T2 *, T2)","1","7","(64, 1, 1)","(256, 64, 1)","0","8.0","Command line profiler metrics","gpu__time_duration.sum","nsecond","35456"
"704","583630","python3.8","127.0.0.1","void cudnn::bn_fw_inf_1C11_kernel_NCHW<float, float, (bool)1, (int)1>(T2, T2, cudnnTensorStruct, const T1 *, cudnnTensorStruct, T1 *, cudnnTensorStruct, const T2 *, const T2 *, const T2 *, const T2 *, T2)","1","7","(64, 1, 1)","(256, 64, 1)","0","8.0","Command line profiler metrics","lts__t_sectors.avg.pct_of_peak_sustained_elapsed","%","15.49"
"705","583630","python3.8","127.0.0.1","void at::native::vectorized_elementwise_kernel<(int)4, at::native::<unnamed>::launch_clamp_scalar(at::TensorIteratorBase &, c10::Scalar, c10::Scalar, at::native::detail::ClampLimits)::[lambda() (instance 1)]::operator ()() const::[lambda() (instance 14)]::operator ()() const::[lambda(float) (instance 1)], at::detail::Array<char *, (int)2>>(int, T2, T3)","1","7","(128, 1, 1)","(6272, 1, 1)","0","8.0","Command line profiler metrics","dram__throughput.avg.pct_of_peak_sustained_elapsed","%","34.72"
"705","583630","python3.8","127.0.0.1","void at::native::vectorized_elementwise_kernel<(int)4, at::native::<unnamed>::launch_clamp_scalar(at::TensorIteratorBase &, c10::Scalar, c10::Scalar, at::native::detail::ClampLimits)::[lambda() (instance 1)]::operator ()() const::[lambda() (instance 14)]::operator ()() const::[lambda(float) (instance 1)], at::detail::Array<char *, (int)2>>(int, T2, T3)","1","7","(128, 1, 1)","(6272, 1, 1)","0","8.0","Command line profiler metrics","gpu__time_duration.sum","nsecond","19168"
"705","583630","python3.8","127.0.0.1","void at::native::vectorized_elementwise_kernel<(int)4, at::native::<unnamed>::launch_clamp_scalar(at::TensorIteratorBase &, c10::Scalar, c10::Scalar, at::native::detail::ClampLimits)::[lambda() (instance 1)]::operator ()() const::[lambda() (instance 14)]::operator ()() const::[lambda(float) (instance 1)], at::detail::Array<char *, (int)2>>(int, T2, T3)","1","7","(128, 1, 1)","(6272, 1, 1)","0","8.0","Command line profiler metrics","lts__t_sectors.avg.pct_of_peak_sustained_elapsed","%","26.58"
"706","583630","python3.8","127.0.0.1","void cudnn::ops::nchwToNhwcKernel<float, float, float, (bool)0, (bool)1, (cudnnKernelDataType_t)2>(cudnn::ops::nchw2nhwc_params_t<T3>, const T1 *, T2 *)","1","7","(256, 1, 1)","(7, 8, 64)","0","8.0","Command line profiler metrics","dram__throughput.avg.pct_of_peak_sustained_elapsed","%","30.86"
"706","583630","python3.8","127.0.0.1","void cudnn::ops::nchwToNhwcKernel<float, float, float, (bool)0, (bool)1, (cudnnKernelDataType_t)2>(cudnn::ops::nchw2nhwc_params_t<T3>, const T1 *, T2 *)","1","7","(256, 1, 1)","(7, 8, 64)","0","8.0","Command line profiler metrics","gpu__time_duration.sum","nsecond","23168"
"706","583630","python3.8","127.0.0.1","void cudnn::ops::nchwToNhwcKernel<float, float, float, (bool)0, (bool)1, (cudnnKernelDataType_t)2>(cudnn::ops::nchw2nhwc_params_t<T3>, const T1 *, T2 *)","1","7","(256, 1, 1)","(7, 8, 64)","0","8.0","Command line profiler metrics","lts__t_sectors.avg.pct_of_peak_sustained_elapsed","%","25.52"
"707","583630","python3.8","127.0.0.1","void cudnn::ops::nchwToNhwcKernel<float, float, float, (bool)0, (bool)1, (cudnnKernelDataType_t)2>(cudnn::ops::nchw2nhwc_params_t<T3>, const T1 *, T2 *)","1","7","(256, 1, 1)","(1, 8, 256)","0","8.0","Command line profiler metrics","dram__throughput.avg.pct_of_peak_sustained_elapsed","%","8.15"
"707","583630","python3.8","127.0.0.1","void cudnn::ops::nchwToNhwcKernel<float, float, float, (bool)0, (bool)1, (cudnnKernelDataType_t)2>(cudnn::ops::nchw2nhwc_params_t<T3>, const T1 *, T2 *)","1","7","(256, 1, 1)","(1, 8, 256)","0","8.0","Command line profiler metrics","gpu__time_duration.sum","nsecond","15104"
"707","583630","python3.8","127.0.0.1","void cudnn::ops::nchwToNhwcKernel<float, float, float, (bool)0, (bool)1, (cudnnKernelDataType_t)2>(cudnn::ops::nchw2nhwc_params_t<T3>, const T1 *, T2 *)","1","7","(256, 1, 1)","(1, 8, 256)","0","8.0","Command line profiler metrics","lts__t_sectors.avg.pct_of_peak_sustained_elapsed","%","6.91"
"708","583630","python3.8","127.0.0.1","sm80_xmma_fprop_implicit_gemm_tf32f32_tf32f32_f32_nhwckrsc_nchw_tilesize256x128x32_stage3_warpsize4x2x1_g1_tensor16x8x8_execute_kernel_cudnn","1","7","(256, 1, 1)","(2, 49, 1)","0","8.0","Command line profiler metrics","dram__throughput.avg.pct_of_peak_sustained_elapsed","%","2.74"
"708","583630","python3.8","127.0.0.1","sm80_xmma_fprop_implicit_gemm_tf32f32_tf32f32_f32_nhwckrsc_nchw_tilesize256x128x32_stage3_warpsize4x2x1_g1_tensor16x8x8_execute_kernel_cudnn","1","7","(256, 1, 1)","(2, 49, 1)","0","8.0","Command line profiler metrics","gpu__time_duration.sum","nsecond","318048"
"708","583630","python3.8","127.0.0.1","sm80_xmma_fprop_implicit_gemm_tf32f32_tf32f32_f32_nhwckrsc_nchw_tilesize256x128x32_stage3_warpsize4x2x1_g1_tensor16x8x8_execute_kernel_cudnn","1","7","(256, 1, 1)","(2, 49, 1)","0","8.0","Command line profiler metrics","lts__t_sectors.avg.pct_of_peak_sustained_elapsed","%","14.56"
"709","583630","python3.8","127.0.0.1","void cudnn::bn_fw_inf_1C11_kernel_NCHW<float, float, (bool)1, (int)1>(T2, T2, cudnnTensorStruct, const T1 *, cudnnTensorStruct, T1 *, cudnnTensorStruct, const T2 *, const T2 *, const T2 *, const T2 *, T2)","1","7","(64, 1, 1)","(256, 64, 1)","0","8.0","Command line profiler metrics","dram__throughput.avg.pct_of_peak_sustained_elapsed","%","20.26"
"709","583630","python3.8","127.0.0.1","void cudnn::bn_fw_inf_1C11_kernel_NCHW<float, float, (bool)1, (int)1>(T2, T2, cudnnTensorStruct, const T1 *, cudnnTensorStruct, T1 *, cudnnTensorStruct, const T2 *, const T2 *, const T2 *, const T2 *, T2)","1","7","(64, 1, 1)","(256, 64, 1)","0","8.0","Command line profiler metrics","gpu__time_duration.sum","nsecond","35616"
"709","583630","python3.8","127.0.0.1","void cudnn::bn_fw_inf_1C11_kernel_NCHW<float, float, (bool)1, (int)1>(T2, T2, cudnnTensorStruct, const T1 *, cudnnTensorStruct, T1 *, cudnnTensorStruct, const T2 *, const T2 *, const T2 *, const T2 *, T2)","1","7","(64, 1, 1)","(256, 64, 1)","0","8.0","Command line profiler metrics","lts__t_sectors.avg.pct_of_peak_sustained_elapsed","%","15.79"
"710","583630","python3.8","127.0.0.1","void at::native::vectorized_elementwise_kernel<(int)4, at::native::<unnamed>::launch_clamp_scalar(at::TensorIteratorBase &, c10::Scalar, c10::Scalar, at::native::detail::ClampLimits)::[lambda() (instance 1)]::operator ()() const::[lambda() (instance 14)]::operator ()() const::[lambda(float) (instance 1)], at::detail::Array<char *, (int)2>>(int, T2, T3)","1","7","(128, 1, 1)","(6272, 1, 1)","0","8.0","Command line profiler metrics","dram__throughput.avg.pct_of_peak_sustained_elapsed","%","35.67"
"710","583630","python3.8","127.0.0.1","void at::native::vectorized_elementwise_kernel<(int)4, at::native::<unnamed>::launch_clamp_scalar(at::TensorIteratorBase &, c10::Scalar, c10::Scalar, at::native::detail::ClampLimits)::[lambda() (instance 1)]::operator ()() const::[lambda() (instance 14)]::operator ()() const::[lambda(float) (instance 1)], at::detail::Array<char *, (int)2>>(int, T2, T3)","1","7","(128, 1, 1)","(6272, 1, 1)","0","8.0","Command line profiler metrics","gpu__time_duration.sum","nsecond","18720"
"710","583630","python3.8","127.0.0.1","void at::native::vectorized_elementwise_kernel<(int)4, at::native::<unnamed>::launch_clamp_scalar(at::TensorIteratorBase &, c10::Scalar, c10::Scalar, at::native::detail::ClampLimits)::[lambda() (instance 1)]::operator ()() const::[lambda() (instance 14)]::operator ()() const::[lambda(float) (instance 1)], at::detail::Array<char *, (int)2>>(int, T2, T3)","1","7","(128, 1, 1)","(6272, 1, 1)","0","8.0","Command line profiler metrics","lts__t_sectors.avg.pct_of_peak_sustained_elapsed","%","27.48"
"711","583630","python3.8","127.0.0.1","void cutlass::Kernel<cutlass_80_tensorop_s1688gemm_256x64_16x4_nn_align4>(T1::Params)","1","7","(128, 1, 1)","(16, 1, 64)","0","8.0","Command line profiler metrics","dram__throughput.avg.pct_of_peak_sustained_elapsed","%","9.91"
"711","583630","python3.8","127.0.0.1","void cutlass::Kernel<cutlass_80_tensorop_s1688gemm_256x64_16x4_nn_align4>(T1::Params)","1","7","(128, 1, 1)","(16, 1, 64)","0","8.0","Command line profiler metrics","gpu__time_duration.sum","nsecond","248288"
"711","583630","python3.8","127.0.0.1","void cutlass::Kernel<cutlass_80_tensorop_s1688gemm_256x64_16x4_nn_align4>(T1::Params)","1","7","(128, 1, 1)","(16, 1, 64)","0","8.0","Command line profiler metrics","lts__t_sectors.avg.pct_of_peak_sustained_elapsed","%","25.79"
"712","583630","python3.8","127.0.0.1","void cudnn::bn_fw_inf_1C11_kernel_NCHW<float, float, (bool)1, (int)1>(T2, T2, cudnnTensorStruct, const T1 *, cudnnTensorStruct, T1 *, cudnnTensorStruct, const T2 *, const T2 *, const T2 *, const T2 *, T2)","1","7","(64, 1, 1)","(1024, 64, 1)","0","8.0","Command line profiler metrics","dram__throughput.avg.pct_of_peak_sustained_elapsed","%","32.30"
"712","583630","python3.8","127.0.0.1","void cudnn::bn_fw_inf_1C11_kernel_NCHW<float, float, (bool)1, (int)1>(T2, T2, cudnnTensorStruct, const T1 *, cudnnTensorStruct, T1 *, cudnnTensorStruct, const T2 *, const T2 *, const T2 *, const T2 *, T2)","1","7","(64, 1, 1)","(1024, 64, 1)","0","8.0","Command line profiler metrics","gpu__time_duration.sum","nsecond","144928"
"712","583630","python3.8","127.0.0.1","void cudnn::bn_fw_inf_1C11_kernel_NCHW<float, float, (bool)1, (int)1>(T2, T2, cudnnTensorStruct, const T1 *, cudnnTensorStruct, T1 *, cudnnTensorStruct, const T2 *, const T2 *, const T2 *, const T2 *, T2)","1","7","(64, 1, 1)","(1024, 64, 1)","0","8.0","Command line profiler metrics","lts__t_sectors.avg.pct_of_peak_sustained_elapsed","%","18.63"
"713","583630","python3.8","127.0.0.1","void at::native::vectorized_elementwise_kernel<(int)4, at::native::CUDAFunctor_add<float>, at::detail::Array<char *, (int)3>>(int, T2, T3)","1","7","(128, 1, 1)","(25088, 1, 1)","0","8.0","Command line profiler metrics","dram__throughput.avg.pct_of_peak_sustained_elapsed","%","85.22"
"713","583630","python3.8","127.0.0.1","void at::native::vectorized_elementwise_kernel<(int)4, at::native::CUDAFunctor_add<float>, at::detail::Array<char *, (int)3>>(int, T2, T3)","1","7","(128, 1, 1)","(25088, 1, 1)","0","8.0","Command line profiler metrics","gpu__time_duration.sum","nsecond","84576"
"713","583630","python3.8","127.0.0.1","void at::native::vectorized_elementwise_kernel<(int)4, at::native::CUDAFunctor_add<float>, at::detail::Array<char *, (int)3>>(int, T2, T3)","1","7","(128, 1, 1)","(25088, 1, 1)","0","8.0","Command line profiler metrics","lts__t_sectors.avg.pct_of_peak_sustained_elapsed","%","41.30"
"714","583630","python3.8","127.0.0.1","void at::native::vectorized_elementwise_kernel<(int)4, at::native::<unnamed>::launch_clamp_scalar(at::TensorIteratorBase &, c10::Scalar, c10::Scalar, at::native::detail::ClampLimits)::[lambda() (instance 1)]::operator ()() const::[lambda() (instance 14)]::operator ()() const::[lambda(float) (instance 1)], at::detail::Array<char *, (int)2>>(int, T2, T3)","1","7","(128, 1, 1)","(25088, 1, 1)","0","8.0","Command line profiler metrics","dram__throughput.avg.pct_of_peak_sustained_elapsed","%","66.26"
"714","583630","python3.8","127.0.0.1","void at::native::vectorized_elementwise_kernel<(int)4, at::native::<unnamed>::launch_clamp_scalar(at::TensorIteratorBase &, c10::Scalar, c10::Scalar, at::native::detail::ClampLimits)::[lambda() (instance 1)]::operator ()() const::[lambda() (instance 14)]::operator ()() const::[lambda(float) (instance 1)], at::detail::Array<char *, (int)2>>(int, T2, T3)","1","7","(128, 1, 1)","(25088, 1, 1)","0","8.0","Command line profiler metrics","gpu__time_duration.sum","nsecond","65760"
"714","583630","python3.8","127.0.0.1","void at::native::vectorized_elementwise_kernel<(int)4, at::native::<unnamed>::launch_clamp_scalar(at::TensorIteratorBase &, c10::Scalar, c10::Scalar, at::native::detail::ClampLimits)::[lambda() (instance 1)]::operator ()() const::[lambda() (instance 14)]::operator ()() const::[lambda(float) (instance 1)], at::detail::Array<char *, (int)2>>(int, T2, T3)","1","7","(128, 1, 1)","(25088, 1, 1)","0","8.0","Command line profiler metrics","lts__t_sectors.avg.pct_of_peak_sustained_elapsed","%","32.76"
"715","583630","python3.8","127.0.0.1","void cutlass::Kernel<cutlass_80_tensorop_s1688gemm_256x64_16x4_nn_align4>(T1::Params)","1","7","(128, 1, 1)","(4, 1, 64)","0","8.0","Command line profiler metrics","dram__throughput.avg.pct_of_peak_sustained_elapsed","%","14.33"
"715","583630","python3.8","127.0.0.1","void cutlass::Kernel<cutlass_80_tensorop_s1688gemm_256x64_16x4_nn_align4>(T1::Params)","1","7","(128, 1, 1)","(4, 1, 64)","0","8.0","Command line profiler metrics","gpu__time_duration.sum","nsecond","218208"
"715","583630","python3.8","127.0.0.1","void cutlass::Kernel<cutlass_80_tensorop_s1688gemm_256x64_16x4_nn_align4>(T1::Params)","1","7","(128, 1, 1)","(4, 1, 64)","0","8.0","Command line profiler metrics","lts__t_sectors.avg.pct_of_peak_sustained_elapsed","%","28.17"
"716","583630","python3.8","127.0.0.1","void cudnn::bn_fw_inf_1C11_kernel_NCHW<float, float, (bool)1, (int)1>(T2, T2, cudnnTensorStruct, const T1 *, cudnnTensorStruct, T1 *, cudnnTensorStruct, const T2 *, const T2 *, const T2 *, const T2 *, T2)","1","7","(64, 1, 1)","(256, 64, 1)","0","8.0","Command line profiler metrics","dram__throughput.avg.pct_of_peak_sustained_elapsed","%","20.41"
"716","583630","python3.8","127.0.0.1","void cudnn::bn_fw_inf_1C11_kernel_NCHW<float, float, (bool)1, (int)1>(T2, T2, cudnnTensorStruct, const T1 *, cudnnTensorStruct, T1 *, cudnnTensorStruct, const T2 *, const T2 *, const T2 *, const T2 *, T2)","1","7","(64, 1, 1)","(256, 64, 1)","0","8.0","Command line profiler metrics","gpu__time_duration.sum","nsecond","35680"
"716","583630","python3.8","127.0.0.1","void cudnn::bn_fw_inf_1C11_kernel_NCHW<float, float, (bool)1, (int)1>(T2, T2, cudnnTensorStruct, const T1 *, cudnnTensorStruct, T1 *, cudnnTensorStruct, const T2 *, const T2 *, const T2 *, const T2 *, T2)","1","7","(64, 1, 1)","(256, 64, 1)","0","8.0","Command line profiler metrics","lts__t_sectors.avg.pct_of_peak_sustained_elapsed","%","15.41"
"717","583630","python3.8","127.0.0.1","void at::native::vectorized_elementwise_kernel<(int)4, at::native::<unnamed>::launch_clamp_scalar(at::TensorIteratorBase &, c10::Scalar, c10::Scalar, at::native::detail::ClampLimits)::[lambda() (instance 1)]::operator ()() const::[lambda() (instance 14)]::operator ()() const::[lambda(float) (instance 1)], at::detail::Array<char *, (int)2>>(int, T2, T3)","1","7","(128, 1, 1)","(6272, 1, 1)","0","8.0","Command line profiler metrics","dram__throughput.avg.pct_of_peak_sustained_elapsed","%","34.30"
"717","583630","python3.8","127.0.0.1","void at::native::vectorized_elementwise_kernel<(int)4, at::native::<unnamed>::launch_clamp_scalar(at::TensorIteratorBase &, c10::Scalar, c10::Scalar, at::native::detail::ClampLimits)::[lambda() (instance 1)]::operator ()() const::[lambda() (instance 14)]::operator ()() const::[lambda(float) (instance 1)], at::detail::Array<char *, (int)2>>(int, T2, T3)","1","7","(128, 1, 1)","(6272, 1, 1)","0","8.0","Command line profiler metrics","gpu__time_duration.sum","nsecond","19424"
"717","583630","python3.8","127.0.0.1","void at::native::vectorized_elementwise_kernel<(int)4, at::native::<unnamed>::launch_clamp_scalar(at::TensorIteratorBase &, c10::Scalar, c10::Scalar, at::native::detail::ClampLimits)::[lambda() (instance 1)]::operator ()() const::[lambda() (instance 14)]::operator ()() const::[lambda(float) (instance 1)], at::detail::Array<char *, (int)2>>(int, T2, T3)","1","7","(128, 1, 1)","(6272, 1, 1)","0","8.0","Command line profiler metrics","lts__t_sectors.avg.pct_of_peak_sustained_elapsed","%","26.40"
"718","583630","python3.8","127.0.0.1","void cudnn::ops::nchwToNhwcKernel<float, float, float, (bool)0, (bool)1, (cudnnKernelDataType_t)2>(cudnn::ops::nchw2nhwc_params_t<T3>, const T1 *, T2 *)","1","7","(256, 1, 1)","(7, 8, 64)","0","8.0","Command line profiler metrics","dram__throughput.avg.pct_of_peak_sustained_elapsed","%","31.16"
"718","583630","python3.8","127.0.0.1","void cudnn::ops::nchwToNhwcKernel<float, float, float, (bool)0, (bool)1, (cudnnKernelDataType_t)2>(cudnn::ops::nchw2nhwc_params_t<T3>, const T1 *, T2 *)","1","7","(256, 1, 1)","(7, 8, 64)","0","8.0","Command line profiler metrics","gpu__time_duration.sum","nsecond","23264"
"718","583630","python3.8","127.0.0.1","void cudnn::ops::nchwToNhwcKernel<float, float, float, (bool)0, (bool)1, (cudnnKernelDataType_t)2>(cudnn::ops::nchw2nhwc_params_t<T3>, const T1 *, T2 *)","1","7","(256, 1, 1)","(7, 8, 64)","0","8.0","Command line profiler metrics","lts__t_sectors.avg.pct_of_peak_sustained_elapsed","%","25.38"
"719","583630","python3.8","127.0.0.1","void cudnn::ops::nchwToNhwcKernel<float, float, float, (bool)0, (bool)1, (cudnnKernelDataType_t)2>(cudnn::ops::nchw2nhwc_params_t<T3>, const T1 *, T2 *)","1","7","(256, 1, 1)","(1, 8, 256)","0","8.0","Command line profiler metrics","dram__throughput.avg.pct_of_peak_sustained_elapsed","%","8.23"
"719","583630","python3.8","127.0.0.1","void cudnn::ops::nchwToNhwcKernel<float, float, float, (bool)0, (bool)1, (cudnnKernelDataType_t)2>(cudnn::ops::nchw2nhwc_params_t<T3>, const T1 *, T2 *)","1","7","(256, 1, 1)","(1, 8, 256)","0","8.0","Command line profiler metrics","gpu__time_duration.sum","nsecond","14944"
"719","583630","python3.8","127.0.0.1","void cudnn::ops::nchwToNhwcKernel<float, float, float, (bool)0, (bool)1, (cudnnKernelDataType_t)2>(cudnn::ops::nchw2nhwc_params_t<T3>, const T1 *, T2 *)","1","7","(256, 1, 1)","(1, 8, 256)","0","8.0","Command line profiler metrics","lts__t_sectors.avg.pct_of_peak_sustained_elapsed","%","7.18"
"720","583630","python3.8","127.0.0.1","sm80_xmma_fprop_implicit_gemm_tf32f32_tf32f32_f32_nhwckrsc_nchw_tilesize256x128x32_stage3_warpsize4x2x1_g1_tensor16x8x8_execute_kernel_cudnn","1","7","(256, 1, 1)","(2, 49, 1)","0","8.0","Command line profiler metrics","dram__throughput.avg.pct_of_peak_sustained_elapsed","%","2.69"
"720","583630","python3.8","127.0.0.1","sm80_xmma_fprop_implicit_gemm_tf32f32_tf32f32_f32_nhwckrsc_nchw_tilesize256x128x32_stage3_warpsize4x2x1_g1_tensor16x8x8_execute_kernel_cudnn","1","7","(256, 1, 1)","(2, 49, 1)","0","8.0","Command line profiler metrics","gpu__time_duration.sum","nsecond","318720"
"720","583630","python3.8","127.0.0.1","sm80_xmma_fprop_implicit_gemm_tf32f32_tf32f32_f32_nhwckrsc_nchw_tilesize256x128x32_stage3_warpsize4x2x1_g1_tensor16x8x8_execute_kernel_cudnn","1","7","(256, 1, 1)","(2, 49, 1)","0","8.0","Command line profiler metrics","lts__t_sectors.avg.pct_of_peak_sustained_elapsed","%","14.51"
"721","583630","python3.8","127.0.0.1","void cudnn::bn_fw_inf_1C11_kernel_NCHW<float, float, (bool)1, (int)1>(T2, T2, cudnnTensorStruct, const T1 *, cudnnTensorStruct, T1 *, cudnnTensorStruct, const T2 *, const T2 *, const T2 *, const T2 *, T2)","1","7","(64, 1, 1)","(256, 64, 1)","0","8.0","Command line profiler metrics","dram__throughput.avg.pct_of_peak_sustained_elapsed","%","20.52"
"721","583630","python3.8","127.0.0.1","void cudnn::bn_fw_inf_1C11_kernel_NCHW<float, float, (bool)1, (int)1>(T2, T2, cudnnTensorStruct, const T1 *, cudnnTensorStruct, T1 *, cudnnTensorStruct, const T2 *, const T2 *, const T2 *, const T2 *, T2)","1","7","(64, 1, 1)","(256, 64, 1)","0","8.0","Command line profiler metrics","gpu__time_duration.sum","nsecond","35328"
"721","583630","python3.8","127.0.0.1","void cudnn::bn_fw_inf_1C11_kernel_NCHW<float, float, (bool)1, (int)1>(T2, T2, cudnnTensorStruct, const T1 *, cudnnTensorStruct, T1 *, cudnnTensorStruct, const T2 *, const T2 *, const T2 *, const T2 *, T2)","1","7","(64, 1, 1)","(256, 64, 1)","0","8.0","Command line profiler metrics","lts__t_sectors.avg.pct_of_peak_sustained_elapsed","%","15.92"
"722","583630","python3.8","127.0.0.1","void at::native::vectorized_elementwise_kernel<(int)4, at::native::<unnamed>::launch_clamp_scalar(at::TensorIteratorBase &, c10::Scalar, c10::Scalar, at::native::detail::ClampLimits)::[lambda() (instance 1)]::operator ()() const::[lambda() (instance 14)]::operator ()() const::[lambda(float) (instance 1)], at::detail::Array<char *, (int)2>>(int, T2, T3)","1","7","(128, 1, 1)","(6272, 1, 1)","0","8.0","Command line profiler metrics","dram__throughput.avg.pct_of_peak_sustained_elapsed","%","34.93"
"722","583630","python3.8","127.0.0.1","void at::native::vectorized_elementwise_kernel<(int)4, at::native::<unnamed>::launch_clamp_scalar(at::TensorIteratorBase &, c10::Scalar, c10::Scalar, at::native::detail::ClampLimits)::[lambda() (instance 1)]::operator ()() const::[lambda() (instance 14)]::operator ()() const::[lambda(float) (instance 1)], at::detail::Array<char *, (int)2>>(int, T2, T3)","1","7","(128, 1, 1)","(6272, 1, 1)","0","8.0","Command line profiler metrics","gpu__time_duration.sum","nsecond","19104"
"722","583630","python3.8","127.0.0.1","void at::native::vectorized_elementwise_kernel<(int)4, at::native::<unnamed>::launch_clamp_scalar(at::TensorIteratorBase &, c10::Scalar, c10::Scalar, at::native::detail::ClampLimits)::[lambda() (instance 1)]::operator ()() const::[lambda() (instance 14)]::operator ()() const::[lambda(float) (instance 1)], at::detail::Array<char *, (int)2>>(int, T2, T3)","1","7","(128, 1, 1)","(6272, 1, 1)","0","8.0","Command line profiler metrics","lts__t_sectors.avg.pct_of_peak_sustained_elapsed","%","26.79"
"723","583630","python3.8","127.0.0.1","void cutlass::Kernel<cutlass_80_tensorop_s1688gemm_256x64_16x4_nn_align4>(T1::Params)","1","7","(128, 1, 1)","(16, 1, 64)","0","8.0","Command line profiler metrics","dram__throughput.avg.pct_of_peak_sustained_elapsed","%","10.03"
"723","583630","python3.8","127.0.0.1","void cutlass::Kernel<cutlass_80_tensorop_s1688gemm_256x64_16x4_nn_align4>(T1::Params)","1","7","(128, 1, 1)","(16, 1, 64)","0","8.0","Command line profiler metrics","gpu__time_duration.sum","nsecond","246816"
"723","583630","python3.8","127.0.0.1","void cutlass::Kernel<cutlass_80_tensorop_s1688gemm_256x64_16x4_nn_align4>(T1::Params)","1","7","(128, 1, 1)","(16, 1, 64)","0","8.0","Command line profiler metrics","lts__t_sectors.avg.pct_of_peak_sustained_elapsed","%","25.94"
"724","583630","python3.8","127.0.0.1","void cudnn::bn_fw_inf_1C11_kernel_NCHW<float, float, (bool)1, (int)1>(T2, T2, cudnnTensorStruct, const T1 *, cudnnTensorStruct, T1 *, cudnnTensorStruct, const T2 *, const T2 *, const T2 *, const T2 *, T2)","1","7","(64, 1, 1)","(1024, 64, 1)","0","8.0","Command line profiler metrics","dram__throughput.avg.pct_of_peak_sustained_elapsed","%","32.26"
"724","583630","python3.8","127.0.0.1","void cudnn::bn_fw_inf_1C11_kernel_NCHW<float, float, (bool)1, (int)1>(T2, T2, cudnnTensorStruct, const T1 *, cudnnTensorStruct, T1 *, cudnnTensorStruct, const T2 *, const T2 *, const T2 *, const T2 *, T2)","1","7","(64, 1, 1)","(1024, 64, 1)","0","8.0","Command line profiler metrics","gpu__time_duration.sum","nsecond","144896"
"724","583630","python3.8","127.0.0.1","void cudnn::bn_fw_inf_1C11_kernel_NCHW<float, float, (bool)1, (int)1>(T2, T2, cudnnTensorStruct, const T1 *, cudnnTensorStruct, T1 *, cudnnTensorStruct, const T2 *, const T2 *, const T2 *, const T2 *, T2)","1","7","(64, 1, 1)","(1024, 64, 1)","0","8.0","Command line profiler metrics","lts__t_sectors.avg.pct_of_peak_sustained_elapsed","%","18.68"
"725","583630","python3.8","127.0.0.1","void at::native::vectorized_elementwise_kernel<(int)4, at::native::CUDAFunctor_add<float>, at::detail::Array<char *, (int)3>>(int, T2, T3)","1","7","(128, 1, 1)","(25088, 1, 1)","0","8.0","Command line profiler metrics","dram__throughput.avg.pct_of_peak_sustained_elapsed","%","85.78"
"725","583630","python3.8","127.0.0.1","void at::native::vectorized_elementwise_kernel<(int)4, at::native::CUDAFunctor_add<float>, at::detail::Array<char *, (int)3>>(int, T2, T3)","1","7","(128, 1, 1)","(25088, 1, 1)","0","8.0","Command line profiler metrics","gpu__time_duration.sum","nsecond","84288"
"725","583630","python3.8","127.0.0.1","void at::native::vectorized_elementwise_kernel<(int)4, at::native::CUDAFunctor_add<float>, at::detail::Array<char *, (int)3>>(int, T2, T3)","1","7","(128, 1, 1)","(25088, 1, 1)","0","8.0","Command line profiler metrics","lts__t_sectors.avg.pct_of_peak_sustained_elapsed","%","41.27"
"726","583630","python3.8","127.0.0.1","void at::native::vectorized_elementwise_kernel<(int)4, at::native::<unnamed>::launch_clamp_scalar(at::TensorIteratorBase &, c10::Scalar, c10::Scalar, at::native::detail::ClampLimits)::[lambda() (instance 1)]::operator ()() const::[lambda() (instance 14)]::operator ()() const::[lambda(float) (instance 1)], at::detail::Array<char *, (int)2>>(int, T2, T3)","1","7","(128, 1, 1)","(25088, 1, 1)","0","8.0","Command line profiler metrics","dram__throughput.avg.pct_of_peak_sustained_elapsed","%","66.87"
"726","583630","python3.8","127.0.0.1","void at::native::vectorized_elementwise_kernel<(int)4, at::native::<unnamed>::launch_clamp_scalar(at::TensorIteratorBase &, c10::Scalar, c10::Scalar, at::native::detail::ClampLimits)::[lambda() (instance 1)]::operator ()() const::[lambda() (instance 14)]::operator ()() const::[lambda(float) (instance 1)], at::detail::Array<char *, (int)2>>(int, T2, T3)","1","7","(128, 1, 1)","(25088, 1, 1)","0","8.0","Command line profiler metrics","gpu__time_duration.sum","nsecond","65152"
"726","583630","python3.8","127.0.0.1","void at::native::vectorized_elementwise_kernel<(int)4, at::native::<unnamed>::launch_clamp_scalar(at::TensorIteratorBase &, c10::Scalar, c10::Scalar, at::native::detail::ClampLimits)::[lambda() (instance 1)]::operator ()() const::[lambda() (instance 14)]::operator ()() const::[lambda(float) (instance 1)], at::detail::Array<char *, (int)2>>(int, T2, T3)","1","7","(128, 1, 1)","(25088, 1, 1)","0","8.0","Command line profiler metrics","lts__t_sectors.avg.pct_of_peak_sustained_elapsed","%","33.13"
"727","583630","python3.8","127.0.0.1","void cutlass::Kernel<cutlass_80_tensorop_s1688gemm_256x64_16x4_nn_align4>(T1::Params)","1","7","(128, 1, 1)","(4, 1, 64)","0","8.0","Command line profiler metrics","dram__throughput.avg.pct_of_peak_sustained_elapsed","%","14.32"
"727","583630","python3.8","127.0.0.1","void cutlass::Kernel<cutlass_80_tensorop_s1688gemm_256x64_16x4_nn_align4>(T1::Params)","1","7","(128, 1, 1)","(4, 1, 64)","0","8.0","Command line profiler metrics","gpu__time_duration.sum","nsecond","217920"
"727","583630","python3.8","127.0.0.1","void cutlass::Kernel<cutlass_80_tensorop_s1688gemm_256x64_16x4_nn_align4>(T1::Params)","1","7","(128, 1, 1)","(4, 1, 64)","0","8.0","Command line profiler metrics","lts__t_sectors.avg.pct_of_peak_sustained_elapsed","%","28.09"
"728","583630","python3.8","127.0.0.1","void cudnn::bn_fw_inf_1C11_kernel_NCHW<float, float, (bool)1, (int)1>(T2, T2, cudnnTensorStruct, const T1 *, cudnnTensorStruct, T1 *, cudnnTensorStruct, const T2 *, const T2 *, const T2 *, const T2 *, T2)","1","7","(64, 1, 1)","(256, 64, 1)","0","8.0","Command line profiler metrics","dram__throughput.avg.pct_of_peak_sustained_elapsed","%","20.60"
"728","583630","python3.8","127.0.0.1","void cudnn::bn_fw_inf_1C11_kernel_NCHW<float, float, (bool)1, (int)1>(T2, T2, cudnnTensorStruct, const T1 *, cudnnTensorStruct, T1 *, cudnnTensorStruct, const T2 *, const T2 *, const T2 *, const T2 *, T2)","1","7","(64, 1, 1)","(256, 64, 1)","0","8.0","Command line profiler metrics","gpu__time_duration.sum","nsecond","35456"
"728","583630","python3.8","127.0.0.1","void cudnn::bn_fw_inf_1C11_kernel_NCHW<float, float, (bool)1, (int)1>(T2, T2, cudnnTensorStruct, const T1 *, cudnnTensorStruct, T1 *, cudnnTensorStruct, const T2 *, const T2 *, const T2 *, const T2 *, T2)","1","7","(64, 1, 1)","(256, 64, 1)","0","8.0","Command line profiler metrics","lts__t_sectors.avg.pct_of_peak_sustained_elapsed","%","15.48"
"729","583630","python3.8","127.0.0.1","void at::native::vectorized_elementwise_kernel<(int)4, at::native::<unnamed>::launch_clamp_scalar(at::TensorIteratorBase &, c10::Scalar, c10::Scalar, at::native::detail::ClampLimits)::[lambda() (instance 1)]::operator ()() const::[lambda() (instance 14)]::operator ()() const::[lambda(float) (instance 1)], at::detail::Array<char *, (int)2>>(int, T2, T3)","1","7","(128, 1, 1)","(6272, 1, 1)","0","8.0","Command line profiler metrics","dram__throughput.avg.pct_of_peak_sustained_elapsed","%","34.88"
"729","583630","python3.8","127.0.0.1","void at::native::vectorized_elementwise_kernel<(int)4, at::native::<unnamed>::launch_clamp_scalar(at::TensorIteratorBase &, c10::Scalar, c10::Scalar, at::native::detail::ClampLimits)::[lambda() (instance 1)]::operator ()() const::[lambda() (instance 14)]::operator ()() const::[lambda(float) (instance 1)], at::detail::Array<char *, (int)2>>(int, T2, T3)","1","7","(128, 1, 1)","(6272, 1, 1)","0","8.0","Command line profiler metrics","gpu__time_duration.sum","nsecond","19136"
"729","583630","python3.8","127.0.0.1","void at::native::vectorized_elementwise_kernel<(int)4, at::native::<unnamed>::launch_clamp_scalar(at::TensorIteratorBase &, c10::Scalar, c10::Scalar, at::native::detail::ClampLimits)::[lambda() (instance 1)]::operator ()() const::[lambda() (instance 14)]::operator ()() const::[lambda(float) (instance 1)], at::detail::Array<char *, (int)2>>(int, T2, T3)","1","7","(128, 1, 1)","(6272, 1, 1)","0","8.0","Command line profiler metrics","lts__t_sectors.avg.pct_of_peak_sustained_elapsed","%","26.96"
"730","583630","python3.8","127.0.0.1","void cudnn::ops::nchwToNhwcKernel<float, float, float, (bool)0, (bool)1, (cudnnKernelDataType_t)2>(cudnn::ops::nchw2nhwc_params_t<T3>, const T1 *, T2 *)","1","7","(256, 1, 1)","(7, 8, 64)","0","8.0","Command line profiler metrics","dram__throughput.avg.pct_of_peak_sustained_elapsed","%","31.50"
"730","583630","python3.8","127.0.0.1","void cudnn::ops::nchwToNhwcKernel<float, float, float, (bool)0, (bool)1, (cudnnKernelDataType_t)2>(cudnn::ops::nchw2nhwc_params_t<T3>, const T1 *, T2 *)","1","7","(256, 1, 1)","(7, 8, 64)","0","8.0","Command line profiler metrics","gpu__time_duration.sum","nsecond","23328"
"730","583630","python3.8","127.0.0.1","void cudnn::ops::nchwToNhwcKernel<float, float, float, (bool)0, (bool)1, (cudnnKernelDataType_t)2>(cudnn::ops::nchw2nhwc_params_t<T3>, const T1 *, T2 *)","1","7","(256, 1, 1)","(7, 8, 64)","0","8.0","Command line profiler metrics","lts__t_sectors.avg.pct_of_peak_sustained_elapsed","%","25.41"
"731","583630","python3.8","127.0.0.1","void cudnn::ops::nchwToNhwcKernel<float, float, float, (bool)0, (bool)1, (cudnnKernelDataType_t)2>(cudnn::ops::nchw2nhwc_params_t<T3>, const T1 *, T2 *)","1","7","(256, 1, 1)","(1, 8, 256)","0","8.0","Command line profiler metrics","dram__throughput.avg.pct_of_peak_sustained_elapsed","%","8.23"
"731","583630","python3.8","127.0.0.1","void cudnn::ops::nchwToNhwcKernel<float, float, float, (bool)0, (bool)1, (cudnnKernelDataType_t)2>(cudnn::ops::nchw2nhwc_params_t<T3>, const T1 *, T2 *)","1","7","(256, 1, 1)","(1, 8, 256)","0","8.0","Command line profiler metrics","gpu__time_duration.sum","nsecond","14944"
"731","583630","python3.8","127.0.0.1","void cudnn::ops::nchwToNhwcKernel<float, float, float, (bool)0, (bool)1, (cudnnKernelDataType_t)2>(cudnn::ops::nchw2nhwc_params_t<T3>, const T1 *, T2 *)","1","7","(256, 1, 1)","(1, 8, 256)","0","8.0","Command line profiler metrics","lts__t_sectors.avg.pct_of_peak_sustained_elapsed","%","6.98"
"732","583630","python3.8","127.0.0.1","sm80_xmma_fprop_implicit_gemm_tf32f32_tf32f32_f32_nhwckrsc_nchw_tilesize256x128x32_stage3_warpsize4x2x1_g1_tensor16x8x8_execute_kernel_cudnn","1","7","(256, 1, 1)","(2, 49, 1)","0","8.0","Command line profiler metrics","dram__throughput.avg.pct_of_peak_sustained_elapsed","%","2.71"
"732","583630","python3.8","127.0.0.1","sm80_xmma_fprop_implicit_gemm_tf32f32_tf32f32_f32_nhwckrsc_nchw_tilesize256x128x32_stage3_warpsize4x2x1_g1_tensor16x8x8_execute_kernel_cudnn","1","7","(256, 1, 1)","(2, 49, 1)","0","8.0","Command line profiler metrics","gpu__time_duration.sum","nsecond","318240"
"732","583630","python3.8","127.0.0.1","sm80_xmma_fprop_implicit_gemm_tf32f32_tf32f32_f32_nhwckrsc_nchw_tilesize256x128x32_stage3_warpsize4x2x1_g1_tensor16x8x8_execute_kernel_cudnn","1","7","(256, 1, 1)","(2, 49, 1)","0","8.0","Command line profiler metrics","lts__t_sectors.avg.pct_of_peak_sustained_elapsed","%","14.58"
"733","583630","python3.8","127.0.0.1","void cudnn::bn_fw_inf_1C11_kernel_NCHW<float, float, (bool)1, (int)1>(T2, T2, cudnnTensorStruct, const T1 *, cudnnTensorStruct, T1 *, cudnnTensorStruct, const T2 *, const T2 *, const T2 *, const T2 *, T2)","1","7","(64, 1, 1)","(256, 64, 1)","0","8.0","Command line profiler metrics","dram__throughput.avg.pct_of_peak_sustained_elapsed","%","20.58"
"733","583630","python3.8","127.0.0.1","void cudnn::bn_fw_inf_1C11_kernel_NCHW<float, float, (bool)1, (int)1>(T2, T2, cudnnTensorStruct, const T1 *, cudnnTensorStruct, T1 *, cudnnTensorStruct, const T2 *, const T2 *, const T2 *, const T2 *, T2)","1","7","(64, 1, 1)","(256, 64, 1)","0","8.0","Command line profiler metrics","gpu__time_duration.sum","nsecond","35136"
"733","583630","python3.8","127.0.0.1","void cudnn::bn_fw_inf_1C11_kernel_NCHW<float, float, (bool)1, (int)1>(T2, T2, cudnnTensorStruct, const T1 *, cudnnTensorStruct, T1 *, cudnnTensorStruct, const T2 *, const T2 *, const T2 *, const T2 *, T2)","1","7","(64, 1, 1)","(256, 64, 1)","0","8.0","Command line profiler metrics","lts__t_sectors.avg.pct_of_peak_sustained_elapsed","%","15.95"
"734","583630","python3.8","127.0.0.1","void at::native::vectorized_elementwise_kernel<(int)4, at::native::<unnamed>::launch_clamp_scalar(at::TensorIteratorBase &, c10::Scalar, c10::Scalar, at::native::detail::ClampLimits)::[lambda() (instance 1)]::operator ()() const::[lambda() (instance 14)]::operator ()() const::[lambda(float) (instance 1)], at::detail::Array<char *, (int)2>>(int, T2, T3)","1","7","(128, 1, 1)","(6272, 1, 1)","0","8.0","Command line profiler metrics","dram__throughput.avg.pct_of_peak_sustained_elapsed","%","36.08"
"734","583630","python3.8","127.0.0.1","void at::native::vectorized_elementwise_kernel<(int)4, at::native::<unnamed>::launch_clamp_scalar(at::TensorIteratorBase &, c10::Scalar, c10::Scalar, at::native::detail::ClampLimits)::[lambda() (instance 1)]::operator ()() const::[lambda() (instance 14)]::operator ()() const::[lambda(float) (instance 1)], at::detail::Array<char *, (int)2>>(int, T2, T3)","1","7","(128, 1, 1)","(6272, 1, 1)","0","8.0","Command line profiler metrics","gpu__time_duration.sum","nsecond","18464"
"734","583630","python3.8","127.0.0.1","void at::native::vectorized_elementwise_kernel<(int)4, at::native::<unnamed>::launch_clamp_scalar(at::TensorIteratorBase &, c10::Scalar, c10::Scalar, at::native::detail::ClampLimits)::[lambda() (instance 1)]::operator ()() const::[lambda() (instance 14)]::operator ()() const::[lambda(float) (instance 1)], at::detail::Array<char *, (int)2>>(int, T2, T3)","1","7","(128, 1, 1)","(6272, 1, 1)","0","8.0","Command line profiler metrics","lts__t_sectors.avg.pct_of_peak_sustained_elapsed","%","27.85"
"735","583630","python3.8","127.0.0.1","void cutlass::Kernel<cutlass_80_tensorop_s1688gemm_256x64_16x4_nn_align4>(T1::Params)","1","7","(128, 1, 1)","(16, 1, 64)","0","8.0","Command line profiler metrics","dram__throughput.avg.pct_of_peak_sustained_elapsed","%","9.94"
"735","583630","python3.8","127.0.0.1","void cutlass::Kernel<cutlass_80_tensorop_s1688gemm_256x64_16x4_nn_align4>(T1::Params)","1","7","(128, 1, 1)","(16, 1, 64)","0","8.0","Command line profiler metrics","gpu__time_duration.sum","nsecond","247872"
"735","583630","python3.8","127.0.0.1","void cutlass::Kernel<cutlass_80_tensorop_s1688gemm_256x64_16x4_nn_align4>(T1::Params)","1","7","(128, 1, 1)","(16, 1, 64)","0","8.0","Command line profiler metrics","lts__t_sectors.avg.pct_of_peak_sustained_elapsed","%","25.83"
"736","583630","python3.8","127.0.0.1","void cudnn::bn_fw_inf_1C11_kernel_NCHW<float, float, (bool)1, (int)1>(T2, T2, cudnnTensorStruct, const T1 *, cudnnTensorStruct, T1 *, cudnnTensorStruct, const T2 *, const T2 *, const T2 *, const T2 *, T2)","1","7","(64, 1, 1)","(1024, 64, 1)","0","8.0","Command line profiler metrics","dram__throughput.avg.pct_of_peak_sustained_elapsed","%","32.23"
"736","583630","python3.8","127.0.0.1","void cudnn::bn_fw_inf_1C11_kernel_NCHW<float, float, (bool)1, (int)1>(T2, T2, cudnnTensorStruct, const T1 *, cudnnTensorStruct, T1 *, cudnnTensorStruct, const T2 *, const T2 *, const T2 *, const T2 *, T2)","1","7","(64, 1, 1)","(1024, 64, 1)","0","8.0","Command line profiler metrics","gpu__time_duration.sum","nsecond","145408"
"736","583630","python3.8","127.0.0.1","void cudnn::bn_fw_inf_1C11_kernel_NCHW<float, float, (bool)1, (int)1>(T2, T2, cudnnTensorStruct, const T1 *, cudnnTensorStruct, T1 *, cudnnTensorStruct, const T2 *, const T2 *, const T2 *, const T2 *, T2)","1","7","(64, 1, 1)","(1024, 64, 1)","0","8.0","Command line profiler metrics","lts__t_sectors.avg.pct_of_peak_sustained_elapsed","%","18.59"
"737","583630","python3.8","127.0.0.1","void at::native::vectorized_elementwise_kernel<(int)4, at::native::CUDAFunctor_add<float>, at::detail::Array<char *, (int)3>>(int, T2, T3)","1","7","(128, 1, 1)","(25088, 1, 1)","0","8.0","Command line profiler metrics","dram__throughput.avg.pct_of_peak_sustained_elapsed","%","85.99"
"737","583630","python3.8","127.0.0.1","void at::native::vectorized_elementwise_kernel<(int)4, at::native::CUDAFunctor_add<float>, at::detail::Array<char *, (int)3>>(int, T2, T3)","1","7","(128, 1, 1)","(25088, 1, 1)","0","8.0","Command line profiler metrics","gpu__time_duration.sum","nsecond","83808"
"737","583630","python3.8","127.0.0.1","void at::native::vectorized_elementwise_kernel<(int)4, at::native::CUDAFunctor_add<float>, at::detail::Array<char *, (int)3>>(int, T2, T3)","1","7","(128, 1, 1)","(25088, 1, 1)","0","8.0","Command line profiler metrics","lts__t_sectors.avg.pct_of_peak_sustained_elapsed","%","41.68"
"738","583630","python3.8","127.0.0.1","void at::native::vectorized_elementwise_kernel<(int)4, at::native::<unnamed>::launch_clamp_scalar(at::TensorIteratorBase &, c10::Scalar, c10::Scalar, at::native::detail::ClampLimits)::[lambda() (instance 1)]::operator ()() const::[lambda() (instance 14)]::operator ()() const::[lambda(float) (instance 1)], at::detail::Array<char *, (int)2>>(int, T2, T3)","1","7","(128, 1, 1)","(25088, 1, 1)","0","8.0","Command line profiler metrics","dram__throughput.avg.pct_of_peak_sustained_elapsed","%","66.06"
"738","583630","python3.8","127.0.0.1","void at::native::vectorized_elementwise_kernel<(int)4, at::native::<unnamed>::launch_clamp_scalar(at::TensorIteratorBase &, c10::Scalar, c10::Scalar, at::native::detail::ClampLimits)::[lambda() (instance 1)]::operator ()() const::[lambda() (instance 14)]::operator ()() const::[lambda(float) (instance 1)], at::detail::Array<char *, (int)2>>(int, T2, T3)","1","7","(128, 1, 1)","(25088, 1, 1)","0","8.0","Command line profiler metrics","gpu__time_duration.sum","nsecond","65984"
"738","583630","python3.8","127.0.0.1","void at::native::vectorized_elementwise_kernel<(int)4, at::native::<unnamed>::launch_clamp_scalar(at::TensorIteratorBase &, c10::Scalar, c10::Scalar, at::native::detail::ClampLimits)::[lambda() (instance 1)]::operator ()() const::[lambda() (instance 14)]::operator ()() const::[lambda(float) (instance 1)], at::detail::Array<char *, (int)2>>(int, T2, T3)","1","7","(128, 1, 1)","(25088, 1, 1)","0","8.0","Command line profiler metrics","lts__t_sectors.avg.pct_of_peak_sustained_elapsed","%","32.57"
"739","583630","python3.8","127.0.0.1","void cutlass::Kernel<cutlass_80_tensorop_s1688gemm_256x64_16x4_nn_align4>(T1::Params)","1","7","(128, 1, 1)","(4, 1, 64)","0","8.0","Command line profiler metrics","dram__throughput.avg.pct_of_peak_sustained_elapsed","%","14.41"
"739","583630","python3.8","127.0.0.1","void cutlass::Kernel<cutlass_80_tensorop_s1688gemm_256x64_16x4_nn_align4>(T1::Params)","1","7","(128, 1, 1)","(4, 1, 64)","0","8.0","Command line profiler metrics","gpu__time_duration.sum","nsecond","217792"
"739","583630","python3.8","127.0.0.1","void cutlass::Kernel<cutlass_80_tensorop_s1688gemm_256x64_16x4_nn_align4>(T1::Params)","1","7","(128, 1, 1)","(4, 1, 64)","0","8.0","Command line profiler metrics","lts__t_sectors.avg.pct_of_peak_sustained_elapsed","%","28.28"
"740","583630","python3.8","127.0.0.1","void cudnn::bn_fw_inf_1C11_kernel_NCHW<float, float, (bool)1, (int)1>(T2, T2, cudnnTensorStruct, const T1 *, cudnnTensorStruct, T1 *, cudnnTensorStruct, const T2 *, const T2 *, const T2 *, const T2 *, T2)","1","7","(64, 1, 1)","(256, 64, 1)","0","8.0","Command line profiler metrics","dram__throughput.avg.pct_of_peak_sustained_elapsed","%","20.31"
"740","583630","python3.8","127.0.0.1","void cudnn::bn_fw_inf_1C11_kernel_NCHW<float, float, (bool)1, (int)1>(T2, T2, cudnnTensorStruct, const T1 *, cudnnTensorStruct, T1 *, cudnnTensorStruct, const T2 *, const T2 *, const T2 *, const T2 *, T2)","1","7","(64, 1, 1)","(256, 64, 1)","0","8.0","Command line profiler metrics","gpu__time_duration.sum","nsecond","35392"
"740","583630","python3.8","127.0.0.1","void cudnn::bn_fw_inf_1C11_kernel_NCHW<float, float, (bool)1, (int)1>(T2, T2, cudnnTensorStruct, const T1 *, cudnnTensorStruct, T1 *, cudnnTensorStruct, const T2 *, const T2 *, const T2 *, const T2 *, T2)","1","7","(64, 1, 1)","(256, 64, 1)","0","8.0","Command line profiler metrics","lts__t_sectors.avg.pct_of_peak_sustained_elapsed","%","15.58"
"741","583630","python3.8","127.0.0.1","void at::native::vectorized_elementwise_kernel<(int)4, at::native::<unnamed>::launch_clamp_scalar(at::TensorIteratorBase &, c10::Scalar, c10::Scalar, at::native::detail::ClampLimits)::[lambda() (instance 1)]::operator ()() const::[lambda() (instance 14)]::operator ()() const::[lambda(float) (instance 1)], at::detail::Array<char *, (int)2>>(int, T2, T3)","1","7","(128, 1, 1)","(6272, 1, 1)","0","8.0","Command line profiler metrics","dram__throughput.avg.pct_of_peak_sustained_elapsed","%","35.49"
"741","583630","python3.8","127.0.0.1","void at::native::vectorized_elementwise_kernel<(int)4, at::native::<unnamed>::launch_clamp_scalar(at::TensorIteratorBase &, c10::Scalar, c10::Scalar, at::native::detail::ClampLimits)::[lambda() (instance 1)]::operator ()() const::[lambda() (instance 14)]::operator ()() const::[lambda(float) (instance 1)], at::detail::Array<char *, (int)2>>(int, T2, T3)","1","7","(128, 1, 1)","(6272, 1, 1)","0","8.0","Command line profiler metrics","gpu__time_duration.sum","nsecond","18784"
"741","583630","python3.8","127.0.0.1","void at::native::vectorized_elementwise_kernel<(int)4, at::native::<unnamed>::launch_clamp_scalar(at::TensorIteratorBase &, c10::Scalar, c10::Scalar, at::native::detail::ClampLimits)::[lambda() (instance 1)]::operator ()() const::[lambda() (instance 14)]::operator ()() const::[lambda(float) (instance 1)], at::detail::Array<char *, (int)2>>(int, T2, T3)","1","7","(128, 1, 1)","(6272, 1, 1)","0","8.0","Command line profiler metrics","lts__t_sectors.avg.pct_of_peak_sustained_elapsed","%","27.15"
"742","583630","python3.8","127.0.0.1","void cudnn::ops::nchwToNhwcKernel<float, float, float, (bool)0, (bool)1, (cudnnKernelDataType_t)2>(cudnn::ops::nchw2nhwc_params_t<T3>, const T1 *, T2 *)","1","7","(256, 1, 1)","(7, 8, 64)","0","8.0","Command line profiler metrics","dram__throughput.avg.pct_of_peak_sustained_elapsed","%","30.50"
"742","583630","python3.8","127.0.0.1","void cudnn::ops::nchwToNhwcKernel<float, float, float, (bool)0, (bool)1, (cudnnKernelDataType_t)2>(cudnn::ops::nchw2nhwc_params_t<T3>, const T1 *, T2 *)","1","7","(256, 1, 1)","(7, 8, 64)","0","8.0","Command line profiler metrics","gpu__time_duration.sum","nsecond","23488"
"742","583630","python3.8","127.0.0.1","void cudnn::ops::nchwToNhwcKernel<float, float, float, (bool)0, (bool)1, (cudnnKernelDataType_t)2>(cudnn::ops::nchw2nhwc_params_t<T3>, const T1 *, T2 *)","1","7","(256, 1, 1)","(7, 8, 64)","0","8.0","Command line profiler metrics","lts__t_sectors.avg.pct_of_peak_sustained_elapsed","%","25.27"
"743","583630","python3.8","127.0.0.1","void cudnn::ops::nchwToNhwcKernel<float, float, float, (bool)0, (bool)1, (cudnnKernelDataType_t)2>(cudnn::ops::nchw2nhwc_params_t<T3>, const T1 *, T2 *)","1","7","(256, 1, 1)","(1, 8, 256)","0","8.0","Command line profiler metrics","dram__throughput.avg.pct_of_peak_sustained_elapsed","%","8.00"
"743","583630","python3.8","127.0.0.1","void cudnn::ops::nchwToNhwcKernel<float, float, float, (bool)0, (bool)1, (cudnnKernelDataType_t)2>(cudnn::ops::nchw2nhwc_params_t<T3>, const T1 *, T2 *)","1","7","(256, 1, 1)","(1, 8, 256)","0","8.0","Command line profiler metrics","gpu__time_duration.sum","nsecond","15328"
"743","583630","python3.8","127.0.0.1","void cudnn::ops::nchwToNhwcKernel<float, float, float, (bool)0, (bool)1, (cudnnKernelDataType_t)2>(cudnn::ops::nchw2nhwc_params_t<T3>, const T1 *, T2 *)","1","7","(256, 1, 1)","(1, 8, 256)","0","8.0","Command line profiler metrics","lts__t_sectors.avg.pct_of_peak_sustained_elapsed","%","6.99"
"744","583630","python3.8","127.0.0.1","sm80_xmma_fprop_implicit_gemm_tf32f32_tf32f32_f32_nhwckrsc_nchw_tilesize256x128x32_stage3_warpsize4x2x1_g1_tensor16x8x8_execute_kernel_cudnn","1","7","(256, 1, 1)","(2, 49, 1)","0","8.0","Command line profiler metrics","dram__throughput.avg.pct_of_peak_sustained_elapsed","%","2.69"
"744","583630","python3.8","127.0.0.1","sm80_xmma_fprop_implicit_gemm_tf32f32_tf32f32_f32_nhwckrsc_nchw_tilesize256x128x32_stage3_warpsize4x2x1_g1_tensor16x8x8_execute_kernel_cudnn","1","7","(256, 1, 1)","(2, 49, 1)","0","8.0","Command line profiler metrics","gpu__time_duration.sum","nsecond","318048"
"744","583630","python3.8","127.0.0.1","sm80_xmma_fprop_implicit_gemm_tf32f32_tf32f32_f32_nhwckrsc_nchw_tilesize256x128x32_stage3_warpsize4x2x1_g1_tensor16x8x8_execute_kernel_cudnn","1","7","(256, 1, 1)","(2, 49, 1)","0","8.0","Command line profiler metrics","lts__t_sectors.avg.pct_of_peak_sustained_elapsed","%","14.51"
"745","583630","python3.8","127.0.0.1","void cudnn::bn_fw_inf_1C11_kernel_NCHW<float, float, (bool)1, (int)1>(T2, T2, cudnnTensorStruct, const T1 *, cudnnTensorStruct, T1 *, cudnnTensorStruct, const T2 *, const T2 *, const T2 *, const T2 *, T2)","1","7","(64, 1, 1)","(256, 64, 1)","0","8.0","Command line profiler metrics","dram__throughput.avg.pct_of_peak_sustained_elapsed","%","20.48"
"745","583630","python3.8","127.0.0.1","void cudnn::bn_fw_inf_1C11_kernel_NCHW<float, float, (bool)1, (int)1>(T2, T2, cudnnTensorStruct, const T1 *, cudnnTensorStruct, T1 *, cudnnTensorStruct, const T2 *, const T2 *, const T2 *, const T2 *, T2)","1","7","(64, 1, 1)","(256, 64, 1)","0","8.0","Command line profiler metrics","gpu__time_duration.sum","nsecond","35424"
"745","583630","python3.8","127.0.0.1","void cudnn::bn_fw_inf_1C11_kernel_NCHW<float, float, (bool)1, (int)1>(T2, T2, cudnnTensorStruct, const T1 *, cudnnTensorStruct, T1 *, cudnnTensorStruct, const T2 *, const T2 *, const T2 *, const T2 *, T2)","1","7","(64, 1, 1)","(256, 64, 1)","0","8.0","Command line profiler metrics","lts__t_sectors.avg.pct_of_peak_sustained_elapsed","%","15.80"
"746","583630","python3.8","127.0.0.1","void at::native::vectorized_elementwise_kernel<(int)4, at::native::<unnamed>::launch_clamp_scalar(at::TensorIteratorBase &, c10::Scalar, c10::Scalar, at::native::detail::ClampLimits)::[lambda() (instance 1)]::operator ()() const::[lambda() (instance 14)]::operator ()() const::[lambda(float) (instance 1)], at::detail::Array<char *, (int)2>>(int, T2, T3)","1","7","(128, 1, 1)","(6272, 1, 1)","0","8.0","Command line profiler metrics","dram__throughput.avg.pct_of_peak_sustained_elapsed","%","35.02"
"746","583630","python3.8","127.0.0.1","void at::native::vectorized_elementwise_kernel<(int)4, at::native::<unnamed>::launch_clamp_scalar(at::TensorIteratorBase &, c10::Scalar, c10::Scalar, at::native::detail::ClampLimits)::[lambda() (instance 1)]::operator ()() const::[lambda() (instance 14)]::operator ()() const::[lambda(float) (instance 1)], at::detail::Array<char *, (int)2>>(int, T2, T3)","1","7","(128, 1, 1)","(6272, 1, 1)","0","8.0","Command line profiler metrics","gpu__time_duration.sum","nsecond","19040"
"746","583630","python3.8","127.0.0.1","void at::native::vectorized_elementwise_kernel<(int)4, at::native::<unnamed>::launch_clamp_scalar(at::TensorIteratorBase &, c10::Scalar, c10::Scalar, at::native::detail::ClampLimits)::[lambda() (instance 1)]::operator ()() const::[lambda() (instance 14)]::operator ()() const::[lambda(float) (instance 1)], at::detail::Array<char *, (int)2>>(int, T2, T3)","1","7","(128, 1, 1)","(6272, 1, 1)","0","8.0","Command line profiler metrics","lts__t_sectors.avg.pct_of_peak_sustained_elapsed","%","26.85"
"747","583630","python3.8","127.0.0.1","void cutlass::Kernel<cutlass_80_tensorop_s1688gemm_256x64_16x4_nn_align4>(T1::Params)","1","7","(128, 1, 1)","(16, 1, 64)","0","8.0","Command line profiler metrics","dram__throughput.avg.pct_of_peak_sustained_elapsed","%","9.95"
"747","583630","python3.8","127.0.0.1","void cutlass::Kernel<cutlass_80_tensorop_s1688gemm_256x64_16x4_nn_align4>(T1::Params)","1","7","(128, 1, 1)","(16, 1, 64)","0","8.0","Command line profiler metrics","gpu__time_duration.sum","nsecond","247328"
"747","583630","python3.8","127.0.0.1","void cutlass::Kernel<cutlass_80_tensorop_s1688gemm_256x64_16x4_nn_align4>(T1::Params)","1","7","(128, 1, 1)","(16, 1, 64)","0","8.0","Command line profiler metrics","lts__t_sectors.avg.pct_of_peak_sustained_elapsed","%","25.87"
"748","583630","python3.8","127.0.0.1","void cudnn::bn_fw_inf_1C11_kernel_NCHW<float, float, (bool)1, (int)1>(T2, T2, cudnnTensorStruct, const T1 *, cudnnTensorStruct, T1 *, cudnnTensorStruct, const T2 *, const T2 *, const T2 *, const T2 *, T2)","1","7","(64, 1, 1)","(1024, 64, 1)","0","8.0","Command line profiler metrics","dram__throughput.avg.pct_of_peak_sustained_elapsed","%","32.37"
"748","583630","python3.8","127.0.0.1","void cudnn::bn_fw_inf_1C11_kernel_NCHW<float, float, (bool)1, (int)1>(T2, T2, cudnnTensorStruct, const T1 *, cudnnTensorStruct, T1 *, cudnnTensorStruct, const T2 *, const T2 *, const T2 *, const T2 *, T2)","1","7","(64, 1, 1)","(1024, 64, 1)","0","8.0","Command line profiler metrics","gpu__time_duration.sum","nsecond","144480"
"748","583630","python3.8","127.0.0.1","void cudnn::bn_fw_inf_1C11_kernel_NCHW<float, float, (bool)1, (int)1>(T2, T2, cudnnTensorStruct, const T1 *, cudnnTensorStruct, T1 *, cudnnTensorStruct, const T2 *, const T2 *, const T2 *, const T2 *, T2)","1","7","(64, 1, 1)","(1024, 64, 1)","0","8.0","Command line profiler metrics","lts__t_sectors.avg.pct_of_peak_sustained_elapsed","%","18.71"
"749","583630","python3.8","127.0.0.1","void at::native::vectorized_elementwise_kernel<(int)4, at::native::CUDAFunctor_add<float>, at::detail::Array<char *, (int)3>>(int, T2, T3)","1","7","(128, 1, 1)","(25088, 1, 1)","0","8.0","Command line profiler metrics","dram__throughput.avg.pct_of_peak_sustained_elapsed","%","85.72"
"749","583630","python3.8","127.0.0.1","void at::native::vectorized_elementwise_kernel<(int)4, at::native::CUDAFunctor_add<float>, at::detail::Array<char *, (int)3>>(int, T2, T3)","1","7","(128, 1, 1)","(25088, 1, 1)","0","8.0","Command line profiler metrics","gpu__time_duration.sum","nsecond","84288"
"749","583630","python3.8","127.0.0.1","void at::native::vectorized_elementwise_kernel<(int)4, at::native::CUDAFunctor_add<float>, at::detail::Array<char *, (int)3>>(int, T2, T3)","1","7","(128, 1, 1)","(25088, 1, 1)","0","8.0","Command line profiler metrics","lts__t_sectors.avg.pct_of_peak_sustained_elapsed","%","41.40"
"750","583630","python3.8","127.0.0.1","void at::native::vectorized_elementwise_kernel<(int)4, at::native::<unnamed>::launch_clamp_scalar(at::TensorIteratorBase &, c10::Scalar, c10::Scalar, at::native::detail::ClampLimits)::[lambda() (instance 1)]::operator ()() const::[lambda() (instance 14)]::operator ()() const::[lambda(float) (instance 1)], at::detail::Array<char *, (int)2>>(int, T2, T3)","1","7","(128, 1, 1)","(25088, 1, 1)","0","8.0","Command line profiler metrics","dram__throughput.avg.pct_of_peak_sustained_elapsed","%","66.96"
"750","583630","python3.8","127.0.0.1","void at::native::vectorized_elementwise_kernel<(int)4, at::native::<unnamed>::launch_clamp_scalar(at::TensorIteratorBase &, c10::Scalar, c10::Scalar, at::native::detail::ClampLimits)::[lambda() (instance 1)]::operator ()() const::[lambda() (instance 14)]::operator ()() const::[lambda(float) (instance 1)], at::detail::Array<char *, (int)2>>(int, T2, T3)","1","7","(128, 1, 1)","(25088, 1, 1)","0","8.0","Command line profiler metrics","gpu__time_duration.sum","nsecond","65088"
"750","583630","python3.8","127.0.0.1","void at::native::vectorized_elementwise_kernel<(int)4, at::native::<unnamed>::launch_clamp_scalar(at::TensorIteratorBase &, c10::Scalar, c10::Scalar, at::native::detail::ClampLimits)::[lambda() (instance 1)]::operator ()() const::[lambda() (instance 14)]::operator ()() const::[lambda(float) (instance 1)], at::detail::Array<char *, (int)2>>(int, T2, T3)","1","7","(128, 1, 1)","(25088, 1, 1)","0","8.0","Command line profiler metrics","lts__t_sectors.avg.pct_of_peak_sustained_elapsed","%","33.04"
"751","583630","python3.8","127.0.0.1","void cutlass::Kernel<cutlass_80_tensorop_s1688gemm_256x64_16x4_nn_align4>(T1::Params)","1","7","(128, 1, 1)","(4, 1, 64)","0","8.0","Command line profiler metrics","dram__throughput.avg.pct_of_peak_sustained_elapsed","%","14.37"
"751","583630","python3.8","127.0.0.1","void cutlass::Kernel<cutlass_80_tensorop_s1688gemm_256x64_16x4_nn_align4>(T1::Params)","1","7","(128, 1, 1)","(4, 1, 64)","0","8.0","Command line profiler metrics","gpu__time_duration.sum","nsecond","218048"
"751","583630","python3.8","127.0.0.1","void cutlass::Kernel<cutlass_80_tensorop_s1688gemm_256x64_16x4_nn_align4>(T1::Params)","1","7","(128, 1, 1)","(4, 1, 64)","0","8.0","Command line profiler metrics","lts__t_sectors.avg.pct_of_peak_sustained_elapsed","%","28.07"
"752","583630","python3.8","127.0.0.1","void cudnn::bn_fw_inf_1C11_kernel_NCHW<float, float, (bool)1, (int)1>(T2, T2, cudnnTensorStruct, const T1 *, cudnnTensorStruct, T1 *, cudnnTensorStruct, const T2 *, const T2 *, const T2 *, const T2 *, T2)","1","7","(64, 1, 1)","(256, 64, 1)","0","8.0","Command line profiler metrics","dram__throughput.avg.pct_of_peak_sustained_elapsed","%","20.18"
"752","583630","python3.8","127.0.0.1","void cudnn::bn_fw_inf_1C11_kernel_NCHW<float, float, (bool)1, (int)1>(T2, T2, cudnnTensorStruct, const T1 *, cudnnTensorStruct, T1 *, cudnnTensorStruct, const T2 *, const T2 *, const T2 *, const T2 *, T2)","1","7","(64, 1, 1)","(256, 64, 1)","0","8.0","Command line profiler metrics","gpu__time_duration.sum","nsecond","35776"
"752","583630","python3.8","127.0.0.1","void cudnn::bn_fw_inf_1C11_kernel_NCHW<float, float, (bool)1, (int)1>(T2, T2, cudnnTensorStruct, const T1 *, cudnnTensorStruct, T1 *, cudnnTensorStruct, const T2 *, const T2 *, const T2 *, const T2 *, T2)","1","7","(64, 1, 1)","(256, 64, 1)","0","8.0","Command line profiler metrics","lts__t_sectors.avg.pct_of_peak_sustained_elapsed","%","15.38"
"753","583630","python3.8","127.0.0.1","void at::native::vectorized_elementwise_kernel<(int)4, at::native::<unnamed>::launch_clamp_scalar(at::TensorIteratorBase &, c10::Scalar, c10::Scalar, at::native::detail::ClampLimits)::[lambda() (instance 1)]::operator ()() const::[lambda() (instance 14)]::operator ()() const::[lambda(float) (instance 1)], at::detail::Array<char *, (int)2>>(int, T2, T3)","1","7","(128, 1, 1)","(6272, 1, 1)","0","8.0","Command line profiler metrics","dram__throughput.avg.pct_of_peak_sustained_elapsed","%","35.52"
"753","583630","python3.8","127.0.0.1","void at::native::vectorized_elementwise_kernel<(int)4, at::native::<unnamed>::launch_clamp_scalar(at::TensorIteratorBase &, c10::Scalar, c10::Scalar, at::native::detail::ClampLimits)::[lambda() (instance 1)]::operator ()() const::[lambda() (instance 14)]::operator ()() const::[lambda(float) (instance 1)], at::detail::Array<char *, (int)2>>(int, T2, T3)","1","7","(128, 1, 1)","(6272, 1, 1)","0","8.0","Command line profiler metrics","gpu__time_duration.sum","nsecond","18784"
"753","583630","python3.8","127.0.0.1","void at::native::vectorized_elementwise_kernel<(int)4, at::native::<unnamed>::launch_clamp_scalar(at::TensorIteratorBase &, c10::Scalar, c10::Scalar, at::native::detail::ClampLimits)::[lambda() (instance 1)]::operator ()() const::[lambda() (instance 14)]::operator ()() const::[lambda(float) (instance 1)], at::detail::Array<char *, (int)2>>(int, T2, T3)","1","7","(128, 1, 1)","(6272, 1, 1)","0","8.0","Command line profiler metrics","lts__t_sectors.avg.pct_of_peak_sustained_elapsed","%","27.31"
"754","583630","python3.8","127.0.0.1","void cudnn::ops::nchwToNhwcKernel<float, float, float, (bool)0, (bool)1, (cudnnKernelDataType_t)2>(cudnn::ops::nchw2nhwc_params_t<T3>, const T1 *, T2 *)","1","7","(256, 1, 1)","(7, 8, 64)","0","8.0","Command line profiler metrics","dram__throughput.avg.pct_of_peak_sustained_elapsed","%","30.54"
"754","583630","python3.8","127.0.0.1","void cudnn::ops::nchwToNhwcKernel<float, float, float, (bool)0, (bool)1, (cudnnKernelDataType_t)2>(cudnn::ops::nchw2nhwc_params_t<T3>, const T1 *, T2 *)","1","7","(256, 1, 1)","(7, 8, 64)","0","8.0","Command line profiler metrics","gpu__time_duration.sum","nsecond","23712"
"754","583630","python3.8","127.0.0.1","void cudnn::ops::nchwToNhwcKernel<float, float, float, (bool)0, (bool)1, (cudnnKernelDataType_t)2>(cudnn::ops::nchw2nhwc_params_t<T3>, const T1 *, T2 *)","1","7","(256, 1, 1)","(7, 8, 64)","0","8.0","Command line profiler metrics","lts__t_sectors.avg.pct_of_peak_sustained_elapsed","%","25.02"
"755","583630","python3.8","127.0.0.1","void cudnn::ops::nchwToNhwcKernel<float, float, float, (bool)0, (bool)1, (cudnnKernelDataType_t)2>(cudnn::ops::nchw2nhwc_params_t<T3>, const T1 *, T2 *)","1","7","(256, 1, 1)","(1, 8, 256)","0","8.0","Command line profiler metrics","dram__throughput.avg.pct_of_peak_sustained_elapsed","%","8.11"
"755","583630","python3.8","127.0.0.1","void cudnn::ops::nchwToNhwcKernel<float, float, float, (bool)0, (bool)1, (cudnnKernelDataType_t)2>(cudnn::ops::nchw2nhwc_params_t<T3>, const T1 *, T2 *)","1","7","(256, 1, 1)","(1, 8, 256)","0","8.0","Command line profiler metrics","gpu__time_duration.sum","nsecond","15136"
"755","583630","python3.8","127.0.0.1","void cudnn::ops::nchwToNhwcKernel<float, float, float, (bool)0, (bool)1, (cudnnKernelDataType_t)2>(cudnn::ops::nchw2nhwc_params_t<T3>, const T1 *, T2 *)","1","7","(256, 1, 1)","(1, 8, 256)","0","8.0","Command line profiler metrics","lts__t_sectors.avg.pct_of_peak_sustained_elapsed","%","6.89"
"756","583630","python3.8","127.0.0.1","sm80_xmma_fprop_implicit_gemm_tf32f32_tf32f32_f32_nhwckrsc_nchw_tilesize256x128x32_stage3_warpsize4x2x1_g1_tensor16x8x8_execute_kernel_cudnn","1","7","(256, 1, 1)","(2, 49, 1)","0","8.0","Command line profiler metrics","dram__throughput.avg.pct_of_peak_sustained_elapsed","%","2.67"
"756","583630","python3.8","127.0.0.1","sm80_xmma_fprop_implicit_gemm_tf32f32_tf32f32_f32_nhwckrsc_nchw_tilesize256x128x32_stage3_warpsize4x2x1_g1_tensor16x8x8_execute_kernel_cudnn","1","7","(256, 1, 1)","(2, 49, 1)","0","8.0","Command line profiler metrics","gpu__time_duration.sum","nsecond","319008"
"756","583630","python3.8","127.0.0.1","sm80_xmma_fprop_implicit_gemm_tf32f32_tf32f32_f32_nhwckrsc_nchw_tilesize256x128x32_stage3_warpsize4x2x1_g1_tensor16x8x8_execute_kernel_cudnn","1","7","(256, 1, 1)","(2, 49, 1)","0","8.0","Command line profiler metrics","lts__t_sectors.avg.pct_of_peak_sustained_elapsed","%","14.50"
"757","583630","python3.8","127.0.0.1","void cudnn::bn_fw_inf_1C11_kernel_NCHW<float, float, (bool)1, (int)1>(T2, T2, cudnnTensorStruct, const T1 *, cudnnTensorStruct, T1 *, cudnnTensorStruct, const T2 *, const T2 *, const T2 *, const T2 *, T2)","1","7","(64, 1, 1)","(256, 64, 1)","0","8.0","Command line profiler metrics","dram__throughput.avg.pct_of_peak_sustained_elapsed","%","20.37"
"757","583630","python3.8","127.0.0.1","void cudnn::bn_fw_inf_1C11_kernel_NCHW<float, float, (bool)1, (int)1>(T2, T2, cudnnTensorStruct, const T1 *, cudnnTensorStruct, T1 *, cudnnTensorStruct, const T2 *, const T2 *, const T2 *, const T2 *, T2)","1","7","(64, 1, 1)","(256, 64, 1)","0","8.0","Command line profiler metrics","gpu__time_duration.sum","nsecond","35328"
"757","583630","python3.8","127.0.0.1","void cudnn::bn_fw_inf_1C11_kernel_NCHW<float, float, (bool)1, (int)1>(T2, T2, cudnnTensorStruct, const T1 *, cudnnTensorStruct, T1 *, cudnnTensorStruct, const T2 *, const T2 *, const T2 *, const T2 *, T2)","1","7","(64, 1, 1)","(256, 64, 1)","0","8.0","Command line profiler metrics","lts__t_sectors.avg.pct_of_peak_sustained_elapsed","%","15.97"
"758","583630","python3.8","127.0.0.1","void at::native::vectorized_elementwise_kernel<(int)4, at::native::<unnamed>::launch_clamp_scalar(at::TensorIteratorBase &, c10::Scalar, c10::Scalar, at::native::detail::ClampLimits)::[lambda() (instance 1)]::operator ()() const::[lambda() (instance 14)]::operator ()() const::[lambda(float) (instance 1)], at::detail::Array<char *, (int)2>>(int, T2, T3)","1","7","(128, 1, 1)","(6272, 1, 1)","0","8.0","Command line profiler metrics","dram__throughput.avg.pct_of_peak_sustained_elapsed","%","35.75"
"758","583630","python3.8","127.0.0.1","void at::native::vectorized_elementwise_kernel<(int)4, at::native::<unnamed>::launch_clamp_scalar(at::TensorIteratorBase &, c10::Scalar, c10::Scalar, at::native::detail::ClampLimits)::[lambda() (instance 1)]::operator ()() const::[lambda() (instance 14)]::operator ()() const::[lambda(float) (instance 1)], at::detail::Array<char *, (int)2>>(int, T2, T3)","1","7","(128, 1, 1)","(6272, 1, 1)","0","8.0","Command line profiler metrics","gpu__time_duration.sum","nsecond","18656"
"758","583630","python3.8","127.0.0.1","void at::native::vectorized_elementwise_kernel<(int)4, at::native::<unnamed>::launch_clamp_scalar(at::TensorIteratorBase &, c10::Scalar, c10::Scalar, at::native::detail::ClampLimits)::[lambda() (instance 1)]::operator ()() const::[lambda() (instance 14)]::operator ()() const::[lambda(float) (instance 1)], at::detail::Array<char *, (int)2>>(int, T2, T3)","1","7","(128, 1, 1)","(6272, 1, 1)","0","8.0","Command line profiler metrics","lts__t_sectors.avg.pct_of_peak_sustained_elapsed","%","27.41"
"759","583630","python3.8","127.0.0.1","void cutlass::Kernel<cutlass_80_tensorop_s1688gemm_256x64_16x4_nn_align4>(T1::Params)","1","7","(128, 1, 1)","(16, 1, 64)","0","8.0","Command line profiler metrics","dram__throughput.avg.pct_of_peak_sustained_elapsed","%","9.97"
"759","583630","python3.8","127.0.0.1","void cutlass::Kernel<cutlass_80_tensorop_s1688gemm_256x64_16x4_nn_align4>(T1::Params)","1","7","(128, 1, 1)","(16, 1, 64)","0","8.0","Command line profiler metrics","gpu__time_duration.sum","nsecond","248192"
"759","583630","python3.8","127.0.0.1","void cutlass::Kernel<cutlass_80_tensorop_s1688gemm_256x64_16x4_nn_align4>(T1::Params)","1","7","(128, 1, 1)","(16, 1, 64)","0","8.0","Command line profiler metrics","lts__t_sectors.avg.pct_of_peak_sustained_elapsed","%","25.81"
"760","583630","python3.8","127.0.0.1","void cudnn::bn_fw_inf_1C11_kernel_NCHW<float, float, (bool)1, (int)1>(T2, T2, cudnnTensorStruct, const T1 *, cudnnTensorStruct, T1 *, cudnnTensorStruct, const T2 *, const T2 *, const T2 *, const T2 *, T2)","1","7","(64, 1, 1)","(1024, 64, 1)","0","8.0","Command line profiler metrics","dram__throughput.avg.pct_of_peak_sustained_elapsed","%","32.33"
"760","583630","python3.8","127.0.0.1","void cudnn::bn_fw_inf_1C11_kernel_NCHW<float, float, (bool)1, (int)1>(T2, T2, cudnnTensorStruct, const T1 *, cudnnTensorStruct, T1 *, cudnnTensorStruct, const T2 *, const T2 *, const T2 *, const T2 *, T2)","1","7","(64, 1, 1)","(1024, 64, 1)","0","8.0","Command line profiler metrics","gpu__time_duration.sum","nsecond","144800"
"760","583630","python3.8","127.0.0.1","void cudnn::bn_fw_inf_1C11_kernel_NCHW<float, float, (bool)1, (int)1>(T2, T2, cudnnTensorStruct, const T1 *, cudnnTensorStruct, T1 *, cudnnTensorStruct, const T2 *, const T2 *, const T2 *, const T2 *, T2)","1","7","(64, 1, 1)","(1024, 64, 1)","0","8.0","Command line profiler metrics","lts__t_sectors.avg.pct_of_peak_sustained_elapsed","%","18.67"
"761","583630","python3.8","127.0.0.1","void at::native::vectorized_elementwise_kernel<(int)4, at::native::CUDAFunctor_add<float>, at::detail::Array<char *, (int)3>>(int, T2, T3)","1","7","(128, 1, 1)","(25088, 1, 1)","0","8.0","Command line profiler metrics","dram__throughput.avg.pct_of_peak_sustained_elapsed","%","85.68"
"761","583630","python3.8","127.0.0.1","void at::native::vectorized_elementwise_kernel<(int)4, at::native::CUDAFunctor_add<float>, at::detail::Array<char *, (int)3>>(int, T2, T3)","1","7","(128, 1, 1)","(25088, 1, 1)","0","8.0","Command line profiler metrics","gpu__time_duration.sum","nsecond","83968"
"761","583630","python3.8","127.0.0.1","void at::native::vectorized_elementwise_kernel<(int)4, at::native::CUDAFunctor_add<float>, at::detail::Array<char *, (int)3>>(int, T2, T3)","1","7","(128, 1, 1)","(25088, 1, 1)","0","8.0","Command line profiler metrics","lts__t_sectors.avg.pct_of_peak_sustained_elapsed","%","41.71"
"762","583630","python3.8","127.0.0.1","void at::native::vectorized_elementwise_kernel<(int)4, at::native::<unnamed>::launch_clamp_scalar(at::TensorIteratorBase &, c10::Scalar, c10::Scalar, at::native::detail::ClampLimits)::[lambda() (instance 1)]::operator ()() const::[lambda() (instance 14)]::operator ()() const::[lambda(float) (instance 1)], at::detail::Array<char *, (int)2>>(int, T2, T3)","1","7","(128, 1, 1)","(25088, 1, 1)","0","8.0","Command line profiler metrics","dram__throughput.avg.pct_of_peak_sustained_elapsed","%","66.19"
"762","583630","python3.8","127.0.0.1","void at::native::vectorized_elementwise_kernel<(int)4, at::native::<unnamed>::launch_clamp_scalar(at::TensorIteratorBase &, c10::Scalar, c10::Scalar, at::native::detail::ClampLimits)::[lambda() (instance 1)]::operator ()() const::[lambda() (instance 14)]::operator ()() const::[lambda(float) (instance 1)], at::detail::Array<char *, (int)2>>(int, T2, T3)","1","7","(128, 1, 1)","(25088, 1, 1)","0","8.0","Command line profiler metrics","gpu__time_duration.sum","nsecond","65856"
"762","583630","python3.8","127.0.0.1","void at::native::vectorized_elementwise_kernel<(int)4, at::native::<unnamed>::launch_clamp_scalar(at::TensorIteratorBase &, c10::Scalar, c10::Scalar, at::native::detail::ClampLimits)::[lambda() (instance 1)]::operator ()() const::[lambda() (instance 14)]::operator ()() const::[lambda(float) (instance 1)], at::detail::Array<char *, (int)2>>(int, T2, T3)","1","7","(128, 1, 1)","(25088, 1, 1)","0","8.0","Command line profiler metrics","lts__t_sectors.avg.pct_of_peak_sustained_elapsed","%","32.63"
"763","583630","python3.8","127.0.0.1","void cutlass::Kernel<cutlass_80_tensorop_s1688gemm_256x64_16x4_nn_align4>(T1::Params)","1","7","(128, 1, 1)","(4, 1, 64)","0","8.0","Command line profiler metrics","dram__throughput.avg.pct_of_peak_sustained_elapsed","%","14.27"
"763","583630","python3.8","127.0.0.1","void cutlass::Kernel<cutlass_80_tensorop_s1688gemm_256x64_16x4_nn_align4>(T1::Params)","1","7","(128, 1, 1)","(4, 1, 64)","0","8.0","Command line profiler metrics","gpu__time_duration.sum","nsecond","218144"
"763","583630","python3.8","127.0.0.1","void cutlass::Kernel<cutlass_80_tensorop_s1688gemm_256x64_16x4_nn_align4>(T1::Params)","1","7","(128, 1, 1)","(4, 1, 64)","0","8.0","Command line profiler metrics","lts__t_sectors.avg.pct_of_peak_sustained_elapsed","%","28.22"
"764","583630","python3.8","127.0.0.1","void cudnn::bn_fw_inf_1C11_kernel_NCHW<float, float, (bool)1, (int)1>(T2, T2, cudnnTensorStruct, const T1 *, cudnnTensorStruct, T1 *, cudnnTensorStruct, const T2 *, const T2 *, const T2 *, const T2 *, T2)","1","7","(64, 1, 1)","(256, 64, 1)","0","8.0","Command line profiler metrics","dram__throughput.avg.pct_of_peak_sustained_elapsed","%","20.43"
"764","583630","python3.8","127.0.0.1","void cudnn::bn_fw_inf_1C11_kernel_NCHW<float, float, (bool)1, (int)1>(T2, T2, cudnnTensorStruct, const T1 *, cudnnTensorStruct, T1 *, cudnnTensorStruct, const T2 *, const T2 *, const T2 *, const T2 *, T2)","1","7","(64, 1, 1)","(256, 64, 1)","0","8.0","Command line profiler metrics","gpu__time_duration.sum","nsecond","35456"
"764","583630","python3.8","127.0.0.1","void cudnn::bn_fw_inf_1C11_kernel_NCHW<float, float, (bool)1, (int)1>(T2, T2, cudnnTensorStruct, const T1 *, cudnnTensorStruct, T1 *, cudnnTensorStruct, const T2 *, const T2 *, const T2 *, const T2 *, T2)","1","7","(64, 1, 1)","(256, 64, 1)","0","8.0","Command line profiler metrics","lts__t_sectors.avg.pct_of_peak_sustained_elapsed","%","15.46"
"765","583630","python3.8","127.0.0.1","void at::native::vectorized_elementwise_kernel<(int)4, at::native::<unnamed>::launch_clamp_scalar(at::TensorIteratorBase &, c10::Scalar, c10::Scalar, at::native::detail::ClampLimits)::[lambda() (instance 1)]::operator ()() const::[lambda() (instance 14)]::operator ()() const::[lambda(float) (instance 1)], at::detail::Array<char *, (int)2>>(int, T2, T3)","1","7","(128, 1, 1)","(6272, 1, 1)","0","8.0","Command line profiler metrics","dram__throughput.avg.pct_of_peak_sustained_elapsed","%","34.63"
"765","583630","python3.8","127.0.0.1","void at::native::vectorized_elementwise_kernel<(int)4, at::native::<unnamed>::launch_clamp_scalar(at::TensorIteratorBase &, c10::Scalar, c10::Scalar, at::native::detail::ClampLimits)::[lambda() (instance 1)]::operator ()() const::[lambda() (instance 14)]::operator ()() const::[lambda(float) (instance 1)], at::detail::Array<char *, (int)2>>(int, T2, T3)","1","7","(128, 1, 1)","(6272, 1, 1)","0","8.0","Command line profiler metrics","gpu__time_duration.sum","nsecond","19232"
"765","583630","python3.8","127.0.0.1","void at::native::vectorized_elementwise_kernel<(int)4, at::native::<unnamed>::launch_clamp_scalar(at::TensorIteratorBase &, c10::Scalar, c10::Scalar, at::native::detail::ClampLimits)::[lambda() (instance 1)]::operator ()() const::[lambda() (instance 14)]::operator ()() const::[lambda(float) (instance 1)], at::detail::Array<char *, (int)2>>(int, T2, T3)","1","7","(128, 1, 1)","(6272, 1, 1)","0","8.0","Command line profiler metrics","lts__t_sectors.avg.pct_of_peak_sustained_elapsed","%","26.75"
"766","583630","python3.8","127.0.0.1","void cudnn::ops::nchwToNhwcKernel<float, float, float, (bool)0, (bool)1, (cudnnKernelDataType_t)2>(cudnn::ops::nchw2nhwc_params_t<T3>, const T1 *, T2 *)","1","7","(256, 1, 1)","(7, 8, 64)","0","8.0","Command line profiler metrics","dram__throughput.avg.pct_of_peak_sustained_elapsed","%","30.30"
"766","583630","python3.8","127.0.0.1","void cudnn::ops::nchwToNhwcKernel<float, float, float, (bool)0, (bool)1, (cudnnKernelDataType_t)2>(cudnn::ops::nchw2nhwc_params_t<T3>, const T1 *, T2 *)","1","7","(256, 1, 1)","(7, 8, 64)","0","8.0","Command line profiler metrics","gpu__time_duration.sum","nsecond","23936"
"766","583630","python3.8","127.0.0.1","void cudnn::ops::nchwToNhwcKernel<float, float, float, (bool)0, (bool)1, (cudnnKernelDataType_t)2>(cudnn::ops::nchw2nhwc_params_t<T3>, const T1 *, T2 *)","1","7","(256, 1, 1)","(7, 8, 64)","0","8.0","Command line profiler metrics","lts__t_sectors.avg.pct_of_peak_sustained_elapsed","%","25.05"
"767","583630","python3.8","127.0.0.1","void cudnn::ops::nchwToNhwcKernel<float, float, float, (bool)0, (bool)1, (cudnnKernelDataType_t)2>(cudnn::ops::nchw2nhwc_params_t<T3>, const T1 *, T2 *)","1","7","(256, 1, 1)","(1, 8, 256)","0","8.0","Command line profiler metrics","dram__throughput.avg.pct_of_peak_sustained_elapsed","%","8.22"
"767","583630","python3.8","127.0.0.1","void cudnn::ops::nchwToNhwcKernel<float, float, float, (bool)0, (bool)1, (cudnnKernelDataType_t)2>(cudnn::ops::nchw2nhwc_params_t<T3>, const T1 *, T2 *)","1","7","(256, 1, 1)","(1, 8, 256)","0","8.0","Command line profiler metrics","gpu__time_duration.sum","nsecond","14944"
"767","583630","python3.8","127.0.0.1","void cudnn::ops::nchwToNhwcKernel<float, float, float, (bool)0, (bool)1, (cudnnKernelDataType_t)2>(cudnn::ops::nchw2nhwc_params_t<T3>, const T1 *, T2 *)","1","7","(256, 1, 1)","(1, 8, 256)","0","8.0","Command line profiler metrics","lts__t_sectors.avg.pct_of_peak_sustained_elapsed","%","6.92"
"768","583630","python3.8","127.0.0.1","sm80_xmma_fprop_implicit_gemm_tf32f32_tf32f32_f32_nhwckrsc_nchw_tilesize256x128x32_stage3_warpsize4x2x1_g1_tensor16x8x8_execute_kernel_cudnn","1","7","(256, 1, 1)","(2, 49, 1)","0","8.0","Command line profiler metrics","dram__throughput.avg.pct_of_peak_sustained_elapsed","%","2.69"
"768","583630","python3.8","127.0.0.1","sm80_xmma_fprop_implicit_gemm_tf32f32_tf32f32_f32_nhwckrsc_nchw_tilesize256x128x32_stage3_warpsize4x2x1_g1_tensor16x8x8_execute_kernel_cudnn","1","7","(256, 1, 1)","(2, 49, 1)","0","8.0","Command line profiler metrics","gpu__time_duration.sum","nsecond","318176"
"768","583630","python3.8","127.0.0.1","sm80_xmma_fprop_implicit_gemm_tf32f32_tf32f32_f32_nhwckrsc_nchw_tilesize256x128x32_stage3_warpsize4x2x1_g1_tensor16x8x8_execute_kernel_cudnn","1","7","(256, 1, 1)","(2, 49, 1)","0","8.0","Command line profiler metrics","lts__t_sectors.avg.pct_of_peak_sustained_elapsed","%","14.56"
"769","583630","python3.8","127.0.0.1","void cudnn::bn_fw_inf_1C11_kernel_NCHW<float, float, (bool)1, (int)1>(T2, T2, cudnnTensorStruct, const T1 *, cudnnTensorStruct, T1 *, cudnnTensorStruct, const T2 *, const T2 *, const T2 *, const T2 *, T2)","1","7","(64, 1, 1)","(256, 64, 1)","0","8.0","Command line profiler metrics","dram__throughput.avg.pct_of_peak_sustained_elapsed","%","20.08"
"769","583630","python3.8","127.0.0.1","void cudnn::bn_fw_inf_1C11_kernel_NCHW<float, float, (bool)1, (int)1>(T2, T2, cudnnTensorStruct, const T1 *, cudnnTensorStruct, T1 *, cudnnTensorStruct, const T2 *, const T2 *, const T2 *, const T2 *, T2)","1","7","(64, 1, 1)","(256, 64, 1)","0","8.0","Command line profiler metrics","gpu__time_duration.sum","nsecond","35584"
"769","583630","python3.8","127.0.0.1","void cudnn::bn_fw_inf_1C11_kernel_NCHW<float, float, (bool)1, (int)1>(T2, T2, cudnnTensorStruct, const T1 *, cudnnTensorStruct, T1 *, cudnnTensorStruct, const T2 *, const T2 *, const T2 *, const T2 *, T2)","1","7","(64, 1, 1)","(256, 64, 1)","0","8.0","Command line profiler metrics","lts__t_sectors.avg.pct_of_peak_sustained_elapsed","%","15.81"
"770","583630","python3.8","127.0.0.1","void at::native::vectorized_elementwise_kernel<(int)4, at::native::<unnamed>::launch_clamp_scalar(at::TensorIteratorBase &, c10::Scalar, c10::Scalar, at::native::detail::ClampLimits)::[lambda() (instance 1)]::operator ()() const::[lambda() (instance 14)]::operator ()() const::[lambda(float) (instance 1)], at::detail::Array<char *, (int)2>>(int, T2, T3)","1","7","(128, 1, 1)","(6272, 1, 1)","0","8.0","Command line profiler metrics","dram__throughput.avg.pct_of_peak_sustained_elapsed","%","34.91"
"770","583630","python3.8","127.0.0.1","void at::native::vectorized_elementwise_kernel<(int)4, at::native::<unnamed>::launch_clamp_scalar(at::TensorIteratorBase &, c10::Scalar, c10::Scalar, at::native::detail::ClampLimits)::[lambda() (instance 1)]::operator ()() const::[lambda() (instance 14)]::operator ()() const::[lambda(float) (instance 1)], at::detail::Array<char *, (int)2>>(int, T2, T3)","1","7","(128, 1, 1)","(6272, 1, 1)","0","8.0","Command line profiler metrics","gpu__time_duration.sum","nsecond","19072"
"770","583630","python3.8","127.0.0.1","void at::native::vectorized_elementwise_kernel<(int)4, at::native::<unnamed>::launch_clamp_scalar(at::TensorIteratorBase &, c10::Scalar, c10::Scalar, at::native::detail::ClampLimits)::[lambda() (instance 1)]::operator ()() const::[lambda() (instance 14)]::operator ()() const::[lambda(float) (instance 1)], at::detail::Array<char *, (int)2>>(int, T2, T3)","1","7","(128, 1, 1)","(6272, 1, 1)","0","8.0","Command line profiler metrics","lts__t_sectors.avg.pct_of_peak_sustained_elapsed","%","27.02"
"771","583630","python3.8","127.0.0.1","void cutlass::Kernel<cutlass_80_tensorop_s1688gemm_256x64_16x4_nn_align4>(T1::Params)","1","7","(128, 1, 1)","(16, 1, 64)","0","8.0","Command line profiler metrics","dram__throughput.avg.pct_of_peak_sustained_elapsed","%","9.97"
"771","583630","python3.8","127.0.0.1","void cutlass::Kernel<cutlass_80_tensorop_s1688gemm_256x64_16x4_nn_align4>(T1::Params)","1","7","(128, 1, 1)","(16, 1, 64)","0","8.0","Command line profiler metrics","gpu__time_duration.sum","nsecond","247424"
"771","583630","python3.8","127.0.0.1","void cutlass::Kernel<cutlass_80_tensorop_s1688gemm_256x64_16x4_nn_align4>(T1::Params)","1","7","(128, 1, 1)","(16, 1, 64)","0","8.0","Command line profiler metrics","lts__t_sectors.avg.pct_of_peak_sustained_elapsed","%","25.87"
"772","583630","python3.8","127.0.0.1","void cudnn::bn_fw_inf_1C11_kernel_NCHW<float, float, (bool)1, (int)1>(T2, T2, cudnnTensorStruct, const T1 *, cudnnTensorStruct, T1 *, cudnnTensorStruct, const T2 *, const T2 *, const T2 *, const T2 *, T2)","1","7","(64, 1, 1)","(1024, 64, 1)","0","8.0","Command line profiler metrics","dram__throughput.avg.pct_of_peak_sustained_elapsed","%","32.37"
"772","583630","python3.8","127.0.0.1","void cudnn::bn_fw_inf_1C11_kernel_NCHW<float, float, (bool)1, (int)1>(T2, T2, cudnnTensorStruct, const T1 *, cudnnTensorStruct, T1 *, cudnnTensorStruct, const T2 *, const T2 *, const T2 *, const T2 *, T2)","1","7","(64, 1, 1)","(1024, 64, 1)","0","8.0","Command line profiler metrics","gpu__time_duration.sum","nsecond","144416"
"772","583630","python3.8","127.0.0.1","void cudnn::bn_fw_inf_1C11_kernel_NCHW<float, float, (bool)1, (int)1>(T2, T2, cudnnTensorStruct, const T1 *, cudnnTensorStruct, T1 *, cudnnTensorStruct, const T2 *, const T2 *, const T2 *, const T2 *, T2)","1","7","(64, 1, 1)","(1024, 64, 1)","0","8.0","Command line profiler metrics","lts__t_sectors.avg.pct_of_peak_sustained_elapsed","%","18.76"
"773","583630","python3.8","127.0.0.1","void at::native::vectorized_elementwise_kernel<(int)4, at::native::CUDAFunctor_add<float>, at::detail::Array<char *, (int)3>>(int, T2, T3)","1","7","(128, 1, 1)","(25088, 1, 1)","0","8.0","Command line profiler metrics","dram__throughput.avg.pct_of_peak_sustained_elapsed","%","85.87"
"773","583630","python3.8","127.0.0.1","void at::native::vectorized_elementwise_kernel<(int)4, at::native::CUDAFunctor_add<float>, at::detail::Array<char *, (int)3>>(int, T2, T3)","1","7","(128, 1, 1)","(25088, 1, 1)","0","8.0","Command line profiler metrics","gpu__time_duration.sum","nsecond","83808"
"773","583630","python3.8","127.0.0.1","void at::native::vectorized_elementwise_kernel<(int)4, at::native::CUDAFunctor_add<float>, at::detail::Array<char *, (int)3>>(int, T2, T3)","1","7","(128, 1, 1)","(25088, 1, 1)","0","8.0","Command line profiler metrics","lts__t_sectors.avg.pct_of_peak_sustained_elapsed","%","41.86"
"774","583630","python3.8","127.0.0.1","void at::native::vectorized_elementwise_kernel<(int)4, at::native::<unnamed>::launch_clamp_scalar(at::TensorIteratorBase &, c10::Scalar, c10::Scalar, at::native::detail::ClampLimits)::[lambda() (instance 1)]::operator ()() const::[lambda() (instance 14)]::operator ()() const::[lambda(float) (instance 1)], at::detail::Array<char *, (int)2>>(int, T2, T3)","1","7","(128, 1, 1)","(25088, 1, 1)","0","8.0","Command line profiler metrics","dram__throughput.avg.pct_of_peak_sustained_elapsed","%","66.54"
"774","583630","python3.8","127.0.0.1","void at::native::vectorized_elementwise_kernel<(int)4, at::native::<unnamed>::launch_clamp_scalar(at::TensorIteratorBase &, c10::Scalar, c10::Scalar, at::native::detail::ClampLimits)::[lambda() (instance 1)]::operator ()() const::[lambda() (instance 14)]::operator ()() const::[lambda(float) (instance 1)], at::detail::Array<char *, (int)2>>(int, T2, T3)","1","7","(128, 1, 1)","(25088, 1, 1)","0","8.0","Command line profiler metrics","gpu__time_duration.sum","nsecond","65504"
"774","583630","python3.8","127.0.0.1","void at::native::vectorized_elementwise_kernel<(int)4, at::native::<unnamed>::launch_clamp_scalar(at::TensorIteratorBase &, c10::Scalar, c10::Scalar, at::native::detail::ClampLimits)::[lambda() (instance 1)]::operator ()() const::[lambda() (instance 14)]::operator ()() const::[lambda(float) (instance 1)], at::detail::Array<char *, (int)2>>(int, T2, T3)","1","7","(128, 1, 1)","(25088, 1, 1)","0","8.0","Command line profiler metrics","lts__t_sectors.avg.pct_of_peak_sustained_elapsed","%","32.82"
"775","583630","python3.8","127.0.0.1","void cutlass::Kernel<cutlass_80_tensorop_s1688gemm_256x64_16x4_nn_align4>(T1::Params)","1","7","(128, 1, 1)","(4, 1, 64)","0","8.0","Command line profiler metrics","dram__throughput.avg.pct_of_peak_sustained_elapsed","%","14.32"
"775","583630","python3.8","127.0.0.1","void cutlass::Kernel<cutlass_80_tensorop_s1688gemm_256x64_16x4_nn_align4>(T1::Params)","1","7","(128, 1, 1)","(4, 1, 64)","0","8.0","Command line profiler metrics","gpu__time_duration.sum","nsecond","218272"
"775","583630","python3.8","127.0.0.1","void cutlass::Kernel<cutlass_80_tensorop_s1688gemm_256x64_16x4_nn_align4>(T1::Params)","1","7","(128, 1, 1)","(4, 1, 64)","0","8.0","Command line profiler metrics","lts__t_sectors.avg.pct_of_peak_sustained_elapsed","%","28.15"
"776","583630","python3.8","127.0.0.1","void cudnn::bn_fw_inf_1C11_kernel_NCHW<float, float, (bool)1, (int)1>(T2, T2, cudnnTensorStruct, const T1 *, cudnnTensorStruct, T1 *, cudnnTensorStruct, const T2 *, const T2 *, const T2 *, const T2 *, T2)","1","7","(64, 1, 1)","(256, 64, 1)","0","8.0","Command line profiler metrics","dram__throughput.avg.pct_of_peak_sustained_elapsed","%","20.50"
"776","583630","python3.8","127.0.0.1","void cudnn::bn_fw_inf_1C11_kernel_NCHW<float, float, (bool)1, (int)1>(T2, T2, cudnnTensorStruct, const T1 *, cudnnTensorStruct, T1 *, cudnnTensorStruct, const T2 *, const T2 *, const T2 *, const T2 *, T2)","1","7","(64, 1, 1)","(256, 64, 1)","0","8.0","Command line profiler metrics","gpu__time_duration.sum","nsecond","35552"
"776","583630","python3.8","127.0.0.1","void cudnn::bn_fw_inf_1C11_kernel_NCHW<float, float, (bool)1, (int)1>(T2, T2, cudnnTensorStruct, const T1 *, cudnnTensorStruct, T1 *, cudnnTensorStruct, const T2 *, const T2 *, const T2 *, const T2 *, T2)","1","7","(64, 1, 1)","(256, 64, 1)","0","8.0","Command line profiler metrics","lts__t_sectors.avg.pct_of_peak_sustained_elapsed","%","15.41"
"777","583630","python3.8","127.0.0.1","void at::native::vectorized_elementwise_kernel<(int)4, at::native::<unnamed>::launch_clamp_scalar(at::TensorIteratorBase &, c10::Scalar, c10::Scalar, at::native::detail::ClampLimits)::[lambda() (instance 1)]::operator ()() const::[lambda() (instance 14)]::operator ()() const::[lambda(float) (instance 1)], at::detail::Array<char *, (int)2>>(int, T2, T3)","1","7","(128, 1, 1)","(6272, 1, 1)","0","8.0","Command line profiler metrics","dram__throughput.avg.pct_of_peak_sustained_elapsed","%","35.52"
"777","583630","python3.8","127.0.0.1","void at::native::vectorized_elementwise_kernel<(int)4, at::native::<unnamed>::launch_clamp_scalar(at::TensorIteratorBase &, c10::Scalar, c10::Scalar, at::native::detail::ClampLimits)::[lambda() (instance 1)]::operator ()() const::[lambda() (instance 14)]::operator ()() const::[lambda(float) (instance 1)], at::detail::Array<char *, (int)2>>(int, T2, T3)","1","7","(128, 1, 1)","(6272, 1, 1)","0","8.0","Command line profiler metrics","gpu__time_duration.sum","nsecond","18784"
"777","583630","python3.8","127.0.0.1","void at::native::vectorized_elementwise_kernel<(int)4, at::native::<unnamed>::launch_clamp_scalar(at::TensorIteratorBase &, c10::Scalar, c10::Scalar, at::native::detail::ClampLimits)::[lambda() (instance 1)]::operator ()() const::[lambda() (instance 14)]::operator ()() const::[lambda(float) (instance 1)], at::detail::Array<char *, (int)2>>(int, T2, T3)","1","7","(128, 1, 1)","(6272, 1, 1)","0","8.0","Command line profiler metrics","lts__t_sectors.avg.pct_of_peak_sustained_elapsed","%","27.40"
"778","583630","python3.8","127.0.0.1","void cudnn::ops::nchwToNhwcKernel<float, float, float, (bool)0, (bool)1, (cudnnKernelDataType_t)2>(cudnn::ops::nchw2nhwc_params_t<T3>, const T1 *, T2 *)","1","7","(256, 1, 1)","(7, 8, 64)","0","8.0","Command line profiler metrics","dram__throughput.avg.pct_of_peak_sustained_elapsed","%","30.56"
"778","583630","python3.8","127.0.0.1","void cudnn::ops::nchwToNhwcKernel<float, float, float, (bool)0, (bool)1, (cudnnKernelDataType_t)2>(cudnn::ops::nchw2nhwc_params_t<T3>, const T1 *, T2 *)","1","7","(256, 1, 1)","(7, 8, 64)","0","8.0","Command line profiler metrics","gpu__time_duration.sum","nsecond","23808"
"778","583630","python3.8","127.0.0.1","void cudnn::ops::nchwToNhwcKernel<float, float, float, (bool)0, (bool)1, (cudnnKernelDataType_t)2>(cudnn::ops::nchw2nhwc_params_t<T3>, const T1 *, T2 *)","1","7","(256, 1, 1)","(7, 8, 64)","0","8.0","Command line profiler metrics","lts__t_sectors.avg.pct_of_peak_sustained_elapsed","%","24.92"
"779","583630","python3.8","127.0.0.1","void cudnn::ops::nchwToNhwcKernel<float, float, float, (bool)0, (bool)1, (cudnnKernelDataType_t)2>(cudnn::ops::nchw2nhwc_params_t<T3>, const T1 *, T2 *)","1","7","(256, 1, 1)","(1, 8, 256)","0","8.0","Command line profiler metrics","dram__throughput.avg.pct_of_peak_sustained_elapsed","%","8.13"
"779","583630","python3.8","127.0.0.1","void cudnn::ops::nchwToNhwcKernel<float, float, float, (bool)0, (bool)1, (cudnnKernelDataType_t)2>(cudnn::ops::nchw2nhwc_params_t<T3>, const T1 *, T2 *)","1","7","(256, 1, 1)","(1, 8, 256)","0","8.0","Command line profiler metrics","gpu__time_duration.sum","nsecond","15104"
"779","583630","python3.8","127.0.0.1","void cudnn::ops::nchwToNhwcKernel<float, float, float, (bool)0, (bool)1, (cudnnKernelDataType_t)2>(cudnn::ops::nchw2nhwc_params_t<T3>, const T1 *, T2 *)","1","7","(256, 1, 1)","(1, 8, 256)","0","8.0","Command line profiler metrics","lts__t_sectors.avg.pct_of_peak_sustained_elapsed","%","6.93"
"780","583630","python3.8","127.0.0.1","sm80_xmma_fprop_implicit_gemm_tf32f32_tf32f32_f32_nhwckrsc_nchw_tilesize256x128x32_stage3_warpsize4x2x1_g1_tensor16x8x8_execute_kernel_cudnn","1","7","(256, 1, 1)","(2, 49, 1)","0","8.0","Command line profiler metrics","dram__throughput.avg.pct_of_peak_sustained_elapsed","%","2.70"
"780","583630","python3.8","127.0.0.1","sm80_xmma_fprop_implicit_gemm_tf32f32_tf32f32_f32_nhwckrsc_nchw_tilesize256x128x32_stage3_warpsize4x2x1_g1_tensor16x8x8_execute_kernel_cudnn","1","7","(256, 1, 1)","(2, 49, 1)","0","8.0","Command line profiler metrics","gpu__time_duration.sum","nsecond","318528"
"780","583630","python3.8","127.0.0.1","sm80_xmma_fprop_implicit_gemm_tf32f32_tf32f32_f32_nhwckrsc_nchw_tilesize256x128x32_stage3_warpsize4x2x1_g1_tensor16x8x8_execute_kernel_cudnn","1","7","(256, 1, 1)","(2, 49, 1)","0","8.0","Command line profiler metrics","lts__t_sectors.avg.pct_of_peak_sustained_elapsed","%","14.52"
"781","583630","python3.8","127.0.0.1","void cudnn::bn_fw_inf_1C11_kernel_NCHW<float, float, (bool)1, (int)1>(T2, T2, cudnnTensorStruct, const T1 *, cudnnTensorStruct, T1 *, cudnnTensorStruct, const T2 *, const T2 *, const T2 *, const T2 *, T2)","1","7","(64, 1, 1)","(256, 64, 1)","0","8.0","Command line profiler metrics","dram__throughput.avg.pct_of_peak_sustained_elapsed","%","20.65"
"781","583630","python3.8","127.0.0.1","void cudnn::bn_fw_inf_1C11_kernel_NCHW<float, float, (bool)1, (int)1>(T2, T2, cudnnTensorStruct, const T1 *, cudnnTensorStruct, T1 *, cudnnTensorStruct, const T2 *, const T2 *, const T2 *, const T2 *, T2)","1","7","(64, 1, 1)","(256, 64, 1)","0","8.0","Command line profiler metrics","gpu__time_duration.sum","nsecond","35232"
"781","583630","python3.8","127.0.0.1","void cudnn::bn_fw_inf_1C11_kernel_NCHW<float, float, (bool)1, (int)1>(T2, T2, cudnnTensorStruct, const T1 *, cudnnTensorStruct, T1 *, cudnnTensorStruct, const T2 *, const T2 *, const T2 *, const T2 *, T2)","1","7","(64, 1, 1)","(256, 64, 1)","0","8.0","Command line profiler metrics","lts__t_sectors.avg.pct_of_peak_sustained_elapsed","%","15.95"
"782","583630","python3.8","127.0.0.1","void at::native::vectorized_elementwise_kernel<(int)4, at::native::<unnamed>::launch_clamp_scalar(at::TensorIteratorBase &, c10::Scalar, c10::Scalar, at::native::detail::ClampLimits)::[lambda() (instance 1)]::operator ()() const::[lambda() (instance 14)]::operator ()() const::[lambda(float) (instance 1)], at::detail::Array<char *, (int)2>>(int, T2, T3)","1","7","(128, 1, 1)","(6272, 1, 1)","0","8.0","Command line profiler metrics","dram__throughput.avg.pct_of_peak_sustained_elapsed","%","35.90"
"782","583630","python3.8","127.0.0.1","void at::native::vectorized_elementwise_kernel<(int)4, at::native::<unnamed>::launch_clamp_scalar(at::TensorIteratorBase &, c10::Scalar, c10::Scalar, at::native::detail::ClampLimits)::[lambda() (instance 1)]::operator ()() const::[lambda() (instance 14)]::operator ()() const::[lambda(float) (instance 1)], at::detail::Array<char *, (int)2>>(int, T2, T3)","1","7","(128, 1, 1)","(6272, 1, 1)","0","8.0","Command line profiler metrics","gpu__time_duration.sum","nsecond","18688"
"782","583630","python3.8","127.0.0.1","void at::native::vectorized_elementwise_kernel<(int)4, at::native::<unnamed>::launch_clamp_scalar(at::TensorIteratorBase &, c10::Scalar, c10::Scalar, at::native::detail::ClampLimits)::[lambda() (instance 1)]::operator ()() const::[lambda() (instance 14)]::operator ()() const::[lambda(float) (instance 1)], at::detail::Array<char *, (int)2>>(int, T2, T3)","1","7","(128, 1, 1)","(6272, 1, 1)","0","8.0","Command line profiler metrics","lts__t_sectors.avg.pct_of_peak_sustained_elapsed","%","27.44"
"783","583630","python3.8","127.0.0.1","void cutlass::Kernel<cutlass_80_tensorop_s1688gemm_256x64_16x4_nn_align4>(T1::Params)","1","7","(128, 1, 1)","(16, 1, 64)","0","8.0","Command line profiler metrics","dram__throughput.avg.pct_of_peak_sustained_elapsed","%","9.85"
"783","583630","python3.8","127.0.0.1","void cutlass::Kernel<cutlass_80_tensorop_s1688gemm_256x64_16x4_nn_align4>(T1::Params)","1","7","(128, 1, 1)","(16, 1, 64)","0","8.0","Command line profiler metrics","gpu__time_duration.sum","nsecond","249376"
"783","583630","python3.8","127.0.0.1","void cutlass::Kernel<cutlass_80_tensorop_s1688gemm_256x64_16x4_nn_align4>(T1::Params)","1","7","(128, 1, 1)","(16, 1, 64)","0","8.0","Command line profiler metrics","lts__t_sectors.avg.pct_of_peak_sustained_elapsed","%","25.69"
"784","583630","python3.8","127.0.0.1","void cudnn::bn_fw_inf_1C11_kernel_NCHW<float, float, (bool)1, (int)1>(T2, T2, cudnnTensorStruct, const T1 *, cudnnTensorStruct, T1 *, cudnnTensorStruct, const T2 *, const T2 *, const T2 *, const T2 *, T2)","1","7","(64, 1, 1)","(1024, 64, 1)","0","8.0","Command line profiler metrics","dram__throughput.avg.pct_of_peak_sustained_elapsed","%","32.27"
"784","583630","python3.8","127.0.0.1","void cudnn::bn_fw_inf_1C11_kernel_NCHW<float, float, (bool)1, (int)1>(T2, T2, cudnnTensorStruct, const T1 *, cudnnTensorStruct, T1 *, cudnnTensorStruct, const T2 *, const T2 *, const T2 *, const T2 *, T2)","1","7","(64, 1, 1)","(1024, 64, 1)","0","8.0","Command line profiler metrics","gpu__time_duration.sum","nsecond","144928"
"784","583630","python3.8","127.0.0.1","void cudnn::bn_fw_inf_1C11_kernel_NCHW<float, float, (bool)1, (int)1>(T2, T2, cudnnTensorStruct, const T1 *, cudnnTensorStruct, T1 *, cudnnTensorStruct, const T2 *, const T2 *, const T2 *, const T2 *, T2)","1","7","(64, 1, 1)","(1024, 64, 1)","0","8.0","Command line profiler metrics","lts__t_sectors.avg.pct_of_peak_sustained_elapsed","%","18.64"
"785","583630","python3.8","127.0.0.1","void at::native::vectorized_elementwise_kernel<(int)4, at::native::CUDAFunctor_add<float>, at::detail::Array<char *, (int)3>>(int, T2, T3)","1","7","(128, 1, 1)","(25088, 1, 1)","0","8.0","Command line profiler metrics","dram__throughput.avg.pct_of_peak_sustained_elapsed","%","85.44"
"785","583630","python3.8","127.0.0.1","void at::native::vectorized_elementwise_kernel<(int)4, at::native::CUDAFunctor_add<float>, at::detail::Array<char *, (int)3>>(int, T2, T3)","1","7","(128, 1, 1)","(25088, 1, 1)","0","8.0","Command line profiler metrics","gpu__time_duration.sum","nsecond","84352"
"785","583630","python3.8","127.0.0.1","void at::native::vectorized_elementwise_kernel<(int)4, at::native::CUDAFunctor_add<float>, at::detail::Array<char *, (int)3>>(int, T2, T3)","1","7","(128, 1, 1)","(25088, 1, 1)","0","8.0","Command line profiler metrics","lts__t_sectors.avg.pct_of_peak_sustained_elapsed","%","41.45"
"786","583630","python3.8","127.0.0.1","void at::native::vectorized_elementwise_kernel<(int)4, at::native::<unnamed>::launch_clamp_scalar(at::TensorIteratorBase &, c10::Scalar, c10::Scalar, at::native::detail::ClampLimits)::[lambda() (instance 1)]::operator ()() const::[lambda() (instance 14)]::operator ()() const::[lambda(float) (instance 1)], at::detail::Array<char *, (int)2>>(int, T2, T3)","1","7","(128, 1, 1)","(25088, 1, 1)","0","8.0","Command line profiler metrics","dram__throughput.avg.pct_of_peak_sustained_elapsed","%","66.14"
"786","583630","python3.8","127.0.0.1","void at::native::vectorized_elementwise_kernel<(int)4, at::native::<unnamed>::launch_clamp_scalar(at::TensorIteratorBase &, c10::Scalar, c10::Scalar, at::native::detail::ClampLimits)::[lambda() (instance 1)]::operator ()() const::[lambda() (instance 14)]::operator ()() const::[lambda(float) (instance 1)], at::detail::Array<char *, (int)2>>(int, T2, T3)","1","7","(128, 1, 1)","(25088, 1, 1)","0","8.0","Command line profiler metrics","gpu__time_duration.sum","nsecond","65920"
"786","583630","python3.8","127.0.0.1","void at::native::vectorized_elementwise_kernel<(int)4, at::native::<unnamed>::launch_clamp_scalar(at::TensorIteratorBase &, c10::Scalar, c10::Scalar, at::native::detail::ClampLimits)::[lambda() (instance 1)]::operator ()() const::[lambda() (instance 14)]::operator ()() const::[lambda(float) (instance 1)], at::detail::Array<char *, (int)2>>(int, T2, T3)","1","7","(128, 1, 1)","(25088, 1, 1)","0","8.0","Command line profiler metrics","lts__t_sectors.avg.pct_of_peak_sustained_elapsed","%","32.52"
"787","583630","python3.8","127.0.0.1","void cutlass::Kernel<cutlass_80_tensorop_s1688gemm_256x64_16x4_nn_align4>(T1::Params)","1","7","(128, 1, 1)","(4, 1, 64)","0","8.0","Command line profiler metrics","dram__throughput.avg.pct_of_peak_sustained_elapsed","%","14.28"
"787","583630","python3.8","127.0.0.1","void cutlass::Kernel<cutlass_80_tensorop_s1688gemm_256x64_16x4_nn_align4>(T1::Params)","1","7","(128, 1, 1)","(4, 1, 64)","0","8.0","Command line profiler metrics","gpu__time_duration.sum","nsecond","219456"
"787","583630","python3.8","127.0.0.1","void cutlass::Kernel<cutlass_80_tensorop_s1688gemm_256x64_16x4_nn_align4>(T1::Params)","1","7","(128, 1, 1)","(4, 1, 64)","0","8.0","Command line profiler metrics","lts__t_sectors.avg.pct_of_peak_sustained_elapsed","%","28.02"
"788","583630","python3.8","127.0.0.1","void cudnn::bn_fw_inf_1C11_kernel_NCHW<float, float, (bool)1, (int)1>(T2, T2, cudnnTensorStruct, const T1 *, cudnnTensorStruct, T1 *, cudnnTensorStruct, const T2 *, const T2 *, const T2 *, const T2 *, T2)","1","7","(64, 1, 1)","(256, 64, 1)","0","8.0","Command line profiler metrics","dram__throughput.avg.pct_of_peak_sustained_elapsed","%","20.49"
"788","583630","python3.8","127.0.0.1","void cudnn::bn_fw_inf_1C11_kernel_NCHW<float, float, (bool)1, (int)1>(T2, T2, cudnnTensorStruct, const T1 *, cudnnTensorStruct, T1 *, cudnnTensorStruct, const T2 *, const T2 *, const T2 *, const T2 *, T2)","1","7","(64, 1, 1)","(256, 64, 1)","0","8.0","Command line profiler metrics","gpu__time_duration.sum","nsecond","35392"
"788","583630","python3.8","127.0.0.1","void cudnn::bn_fw_inf_1C11_kernel_NCHW<float, float, (bool)1, (int)1>(T2, T2, cudnnTensorStruct, const T1 *, cudnnTensorStruct, T1 *, cudnnTensorStruct, const T2 *, const T2 *, const T2 *, const T2 *, T2)","1","7","(64, 1, 1)","(256, 64, 1)","0","8.0","Command line profiler metrics","lts__t_sectors.avg.pct_of_peak_sustained_elapsed","%","15.42"
"789","583630","python3.8","127.0.0.1","void at::native::vectorized_elementwise_kernel<(int)4, at::native::<unnamed>::launch_clamp_scalar(at::TensorIteratorBase &, c10::Scalar, c10::Scalar, at::native::detail::ClampLimits)::[lambda() (instance 1)]::operator ()() const::[lambda() (instance 14)]::operator ()() const::[lambda(float) (instance 1)], at::detail::Array<char *, (int)2>>(int, T2, T3)","1","7","(128, 1, 1)","(6272, 1, 1)","0","8.0","Command line profiler metrics","dram__throughput.avg.pct_of_peak_sustained_elapsed","%","34.66"
"789","583630","python3.8","127.0.0.1","void at::native::vectorized_elementwise_kernel<(int)4, at::native::<unnamed>::launch_clamp_scalar(at::TensorIteratorBase &, c10::Scalar, c10::Scalar, at::native::detail::ClampLimits)::[lambda() (instance 1)]::operator ()() const::[lambda() (instance 14)]::operator ()() const::[lambda(float) (instance 1)], at::detail::Array<char *, (int)2>>(int, T2, T3)","1","7","(128, 1, 1)","(6272, 1, 1)","0","8.0","Command line profiler metrics","gpu__time_duration.sum","nsecond","19264"
"789","583630","python3.8","127.0.0.1","void at::native::vectorized_elementwise_kernel<(int)4, at::native::<unnamed>::launch_clamp_scalar(at::TensorIteratorBase &, c10::Scalar, c10::Scalar, at::native::detail::ClampLimits)::[lambda() (instance 1)]::operator ()() const::[lambda() (instance 14)]::operator ()() const::[lambda(float) (instance 1)], at::detail::Array<char *, (int)2>>(int, T2, T3)","1","7","(128, 1, 1)","(6272, 1, 1)","0","8.0","Command line profiler metrics","lts__t_sectors.avg.pct_of_peak_sustained_elapsed","%","26.48"
"790","583630","python3.8","127.0.0.1","void cudnn::ops::nchwToNhwcKernel<float, float, float, (bool)0, (bool)1, (cudnnKernelDataType_t)2>(cudnn::ops::nchw2nhwc_params_t<T3>, const T1 *, T2 *)","1","7","(256, 1, 1)","(7, 8, 64)","0","8.0","Command line profiler metrics","dram__throughput.avg.pct_of_peak_sustained_elapsed","%","30.79"
"790","583630","python3.8","127.0.0.1","void cudnn::ops::nchwToNhwcKernel<float, float, float, (bool)0, (bool)1, (cudnnKernelDataType_t)2>(cudnn::ops::nchw2nhwc_params_t<T3>, const T1 *, T2 *)","1","7","(256, 1, 1)","(7, 8, 64)","0","8.0","Command line profiler metrics","gpu__time_duration.sum","nsecond","23488"
"790","583630","python3.8","127.0.0.1","void cudnn::ops::nchwToNhwcKernel<float, float, float, (bool)0, (bool)1, (cudnnKernelDataType_t)2>(cudnn::ops::nchw2nhwc_params_t<T3>, const T1 *, T2 *)","1","7","(256, 1, 1)","(7, 8, 64)","0","8.0","Command line profiler metrics","lts__t_sectors.avg.pct_of_peak_sustained_elapsed","%","25.47"
"791","583630","python3.8","127.0.0.1","void cudnn::ops::nchwToNhwcKernel<float, float, float, (bool)0, (bool)1, (cudnnKernelDataType_t)2>(cudnn::ops::nchw2nhwc_params_t<T3>, const T1 *, T2 *)","1","7","(256, 1, 1)","(1, 8, 256)","0","8.0","Command line profiler metrics","dram__throughput.avg.pct_of_peak_sustained_elapsed","%","8.12"
"791","583630","python3.8","127.0.0.1","void cudnn::ops::nchwToNhwcKernel<float, float, float, (bool)0, (bool)1, (cudnnKernelDataType_t)2>(cudnn::ops::nchw2nhwc_params_t<T3>, const T1 *, T2 *)","1","7","(256, 1, 1)","(1, 8, 256)","0","8.0","Command line profiler metrics","gpu__time_duration.sum","nsecond","15136"
"791","583630","python3.8","127.0.0.1","void cudnn::ops::nchwToNhwcKernel<float, float, float, (bool)0, (bool)1, (cudnnKernelDataType_t)2>(cudnn::ops::nchw2nhwc_params_t<T3>, const T1 *, T2 *)","1","7","(256, 1, 1)","(1, 8, 256)","0","8.0","Command line profiler metrics","lts__t_sectors.avg.pct_of_peak_sustained_elapsed","%","6.93"
"792","583630","python3.8","127.0.0.1","sm80_xmma_fprop_implicit_gemm_tf32f32_tf32f32_f32_nhwckrsc_nchw_tilesize256x128x32_stage3_warpsize4x2x1_g1_tensor16x8x8_execute_kernel_cudnn","1","7","(256, 1, 1)","(2, 49, 1)","0","8.0","Command line profiler metrics","dram__throughput.avg.pct_of_peak_sustained_elapsed","%","2.69"
"792","583630","python3.8","127.0.0.1","sm80_xmma_fprop_implicit_gemm_tf32f32_tf32f32_f32_nhwckrsc_nchw_tilesize256x128x32_stage3_warpsize4x2x1_g1_tensor16x8x8_execute_kernel_cudnn","1","7","(256, 1, 1)","(2, 49, 1)","0","8.0","Command line profiler metrics","gpu__time_duration.sum","nsecond","318592"
"792","583630","python3.8","127.0.0.1","sm80_xmma_fprop_implicit_gemm_tf32f32_tf32f32_f32_nhwckrsc_nchw_tilesize256x128x32_stage3_warpsize4x2x1_g1_tensor16x8x8_execute_kernel_cudnn","1","7","(256, 1, 1)","(2, 49, 1)","0","8.0","Command line profiler metrics","lts__t_sectors.avg.pct_of_peak_sustained_elapsed","%","14.51"
"793","583630","python3.8","127.0.0.1","void cudnn::bn_fw_inf_1C11_kernel_NCHW<float, float, (bool)1, (int)1>(T2, T2, cudnnTensorStruct, const T1 *, cudnnTensorStruct, T1 *, cudnnTensorStruct, const T2 *, const T2 *, const T2 *, const T2 *, T2)","1","7","(64, 1, 1)","(256, 64, 1)","0","8.0","Command line profiler metrics","dram__throughput.avg.pct_of_peak_sustained_elapsed","%","20.19"
"793","583630","python3.8","127.0.0.1","void cudnn::bn_fw_inf_1C11_kernel_NCHW<float, float, (bool)1, (int)1>(T2, T2, cudnnTensorStruct, const T1 *, cudnnTensorStruct, T1 *, cudnnTensorStruct, const T2 *, const T2 *, const T2 *, const T2 *, T2)","1","7","(64, 1, 1)","(256, 64, 1)","0","8.0","Command line profiler metrics","gpu__time_duration.sum","nsecond","35840"
"793","583630","python3.8","127.0.0.1","void cudnn::bn_fw_inf_1C11_kernel_NCHW<float, float, (bool)1, (int)1>(T2, T2, cudnnTensorStruct, const T1 *, cudnnTensorStruct, T1 *, cudnnTensorStruct, const T2 *, const T2 *, const T2 *, const T2 *, T2)","1","7","(64, 1, 1)","(256, 64, 1)","0","8.0","Command line profiler metrics","lts__t_sectors.avg.pct_of_peak_sustained_elapsed","%","15.73"
"794","583630","python3.8","127.0.0.1","void at::native::vectorized_elementwise_kernel<(int)4, at::native::<unnamed>::launch_clamp_scalar(at::TensorIteratorBase &, c10::Scalar, c10::Scalar, at::native::detail::ClampLimits)::[lambda() (instance 1)]::operator ()() const::[lambda() (instance 14)]::operator ()() const::[lambda(float) (instance 1)], at::detail::Array<char *, (int)2>>(int, T2, T3)","1","7","(128, 1, 1)","(6272, 1, 1)","0","8.0","Command line profiler metrics","dram__throughput.avg.pct_of_peak_sustained_elapsed","%","34.94"
"794","583630","python3.8","127.0.0.1","void at::native::vectorized_elementwise_kernel<(int)4, at::native::<unnamed>::launch_clamp_scalar(at::TensorIteratorBase &, c10::Scalar, c10::Scalar, at::native::detail::ClampLimits)::[lambda() (instance 1)]::operator ()() const::[lambda() (instance 14)]::operator ()() const::[lambda(float) (instance 1)], at::detail::Array<char *, (int)2>>(int, T2, T3)","1","7","(128, 1, 1)","(6272, 1, 1)","0","8.0","Command line profiler metrics","gpu__time_duration.sum","nsecond","19040"
"794","583630","python3.8","127.0.0.1","void at::native::vectorized_elementwise_kernel<(int)4, at::native::<unnamed>::launch_clamp_scalar(at::TensorIteratorBase &, c10::Scalar, c10::Scalar, at::native::detail::ClampLimits)::[lambda() (instance 1)]::operator ()() const::[lambda() (instance 14)]::operator ()() const::[lambda(float) (instance 1)], at::detail::Array<char *, (int)2>>(int, T2, T3)","1","7","(128, 1, 1)","(6272, 1, 1)","0","8.0","Command line profiler metrics","lts__t_sectors.avg.pct_of_peak_sustained_elapsed","%","27.04"
"795","583630","python3.8","127.0.0.1","void cutlass::Kernel<cutlass_80_tensorop_s1688gemm_256x64_16x4_nn_align4>(T1::Params)","1","7","(128, 1, 1)","(16, 1, 64)","0","8.0","Command line profiler metrics","dram__throughput.avg.pct_of_peak_sustained_elapsed","%","9.99"
"795","583630","python3.8","127.0.0.1","void cutlass::Kernel<cutlass_80_tensorop_s1688gemm_256x64_16x4_nn_align4>(T1::Params)","1","7","(128, 1, 1)","(16, 1, 64)","0","8.0","Command line profiler metrics","gpu__time_duration.sum","nsecond","247584"
"795","583630","python3.8","127.0.0.1","void cutlass::Kernel<cutlass_80_tensorop_s1688gemm_256x64_16x4_nn_align4>(T1::Params)","1","7","(128, 1, 1)","(16, 1, 64)","0","8.0","Command line profiler metrics","lts__t_sectors.avg.pct_of_peak_sustained_elapsed","%","25.84"
"796","583630","python3.8","127.0.0.1","void cudnn::bn_fw_inf_1C11_kernel_NCHW<float, float, (bool)1, (int)1>(T2, T2, cudnnTensorStruct, const T1 *, cudnnTensorStruct, T1 *, cudnnTensorStruct, const T2 *, const T2 *, const T2 *, const T2 *, T2)","1","7","(64, 1, 1)","(1024, 64, 1)","0","8.0","Command line profiler metrics","dram__throughput.avg.pct_of_peak_sustained_elapsed","%","32.37"
"796","583630","python3.8","127.0.0.1","void cudnn::bn_fw_inf_1C11_kernel_NCHW<float, float, (bool)1, (int)1>(T2, T2, cudnnTensorStruct, const T1 *, cudnnTensorStruct, T1 *, cudnnTensorStruct, const T2 *, const T2 *, const T2 *, const T2 *, T2)","1","7","(64, 1, 1)","(1024, 64, 1)","0","8.0","Command line profiler metrics","gpu__time_duration.sum","nsecond","144480"
"796","583630","python3.8","127.0.0.1","void cudnn::bn_fw_inf_1C11_kernel_NCHW<float, float, (bool)1, (int)1>(T2, T2, cudnnTensorStruct, const T1 *, cudnnTensorStruct, T1 *, cudnnTensorStruct, const T2 *, const T2 *, const T2 *, const T2 *, T2)","1","7","(64, 1, 1)","(1024, 64, 1)","0","8.0","Command line profiler metrics","lts__t_sectors.avg.pct_of_peak_sustained_elapsed","%","18.77"
"797","583630","python3.8","127.0.0.1","void at::native::vectorized_elementwise_kernel<(int)4, at::native::CUDAFunctor_add<float>, at::detail::Array<char *, (int)3>>(int, T2, T3)","1","7","(128, 1, 1)","(25088, 1, 1)","0","8.0","Command line profiler metrics","dram__throughput.avg.pct_of_peak_sustained_elapsed","%","85.27"
"797","583630","python3.8","127.0.0.1","void at::native::vectorized_elementwise_kernel<(int)4, at::native::CUDAFunctor_add<float>, at::detail::Array<char *, (int)3>>(int, T2, T3)","1","7","(128, 1, 1)","(25088, 1, 1)","0","8.0","Command line profiler metrics","gpu__time_duration.sum","nsecond","84576"
"797","583630","python3.8","127.0.0.1","void at::native::vectorized_elementwise_kernel<(int)4, at::native::CUDAFunctor_add<float>, at::detail::Array<char *, (int)3>>(int, T2, T3)","1","7","(128, 1, 1)","(25088, 1, 1)","0","8.0","Command line profiler metrics","lts__t_sectors.avg.pct_of_peak_sustained_elapsed","%","41.42"
"798","583630","python3.8","127.0.0.1","void at::native::vectorized_elementwise_kernel<(int)4, at::native::<unnamed>::launch_clamp_scalar(at::TensorIteratorBase &, c10::Scalar, c10::Scalar, at::native::detail::ClampLimits)::[lambda() (instance 1)]::operator ()() const::[lambda() (instance 14)]::operator ()() const::[lambda(float) (instance 1)], at::detail::Array<char *, (int)2>>(int, T2, T3)","1","7","(128, 1, 1)","(25088, 1, 1)","0","8.0","Command line profiler metrics","dram__throughput.avg.pct_of_peak_sustained_elapsed","%","66.54"
"798","583630","python3.8","127.0.0.1","void at::native::vectorized_elementwise_kernel<(int)4, at::native::<unnamed>::launch_clamp_scalar(at::TensorIteratorBase &, c10::Scalar, c10::Scalar, at::native::detail::ClampLimits)::[lambda() (instance 1)]::operator ()() const::[lambda() (instance 14)]::operator ()() const::[lambda(float) (instance 1)], at::detail::Array<char *, (int)2>>(int, T2, T3)","1","7","(128, 1, 1)","(25088, 1, 1)","0","8.0","Command line profiler metrics","gpu__time_duration.sum","nsecond","65440"
"798","583630","python3.8","127.0.0.1","void at::native::vectorized_elementwise_kernel<(int)4, at::native::<unnamed>::launch_clamp_scalar(at::TensorIteratorBase &, c10::Scalar, c10::Scalar, at::native::detail::ClampLimits)::[lambda() (instance 1)]::operator ()() const::[lambda() (instance 14)]::operator ()() const::[lambda(float) (instance 1)], at::detail::Array<char *, (int)2>>(int, T2, T3)","1","7","(128, 1, 1)","(25088, 1, 1)","0","8.0","Command line profiler metrics","lts__t_sectors.avg.pct_of_peak_sustained_elapsed","%","32.82"
"799","583630","python3.8","127.0.0.1","void cutlass::Kernel<cutlass_80_tensorop_s1688gemm_256x64_16x4_nn_align4>(T1::Params)","1","7","(128, 1, 1)","(4, 1, 64)","0","8.0","Command line profiler metrics","dram__throughput.avg.pct_of_peak_sustained_elapsed","%","14.34"
"799","583630","python3.8","127.0.0.1","void cutlass::Kernel<cutlass_80_tensorop_s1688gemm_256x64_16x4_nn_align4>(T1::Params)","1","7","(128, 1, 1)","(4, 1, 64)","0","8.0","Command line profiler metrics","gpu__time_duration.sum","nsecond","217664"
"799","583630","python3.8","127.0.0.1","void cutlass::Kernel<cutlass_80_tensorop_s1688gemm_256x64_16x4_nn_align4>(T1::Params)","1","7","(128, 1, 1)","(4, 1, 64)","0","8.0","Command line profiler metrics","lts__t_sectors.avg.pct_of_peak_sustained_elapsed","%","28.29"
"800","583630","python3.8","127.0.0.1","void cudnn::bn_fw_inf_1C11_kernel_NCHW<float, float, (bool)1, (int)1>(T2, T2, cudnnTensorStruct, const T1 *, cudnnTensorStruct, T1 *, cudnnTensorStruct, const T2 *, const T2 *, const T2 *, const T2 *, T2)","1","7","(64, 1, 1)","(256, 64, 1)","0","8.0","Command line profiler metrics","dram__throughput.avg.pct_of_peak_sustained_elapsed","%","20.11"
"800","583630","python3.8","127.0.0.1","void cudnn::bn_fw_inf_1C11_kernel_NCHW<float, float, (bool)1, (int)1>(T2, T2, cudnnTensorStruct, const T1 *, cudnnTensorStruct, T1 *, cudnnTensorStruct, const T2 *, const T2 *, const T2 *, const T2 *, T2)","1","7","(64, 1, 1)","(256, 64, 1)","0","8.0","Command line profiler metrics","gpu__time_duration.sum","nsecond","36192"
"800","583630","python3.8","127.0.0.1","void cudnn::bn_fw_inf_1C11_kernel_NCHW<float, float, (bool)1, (int)1>(T2, T2, cudnnTensorStruct, const T1 *, cudnnTensorStruct, T1 *, cudnnTensorStruct, const T2 *, const T2 *, const T2 *, const T2 *, T2)","1","7","(64, 1, 1)","(256, 64, 1)","0","8.0","Command line profiler metrics","lts__t_sectors.avg.pct_of_peak_sustained_elapsed","%","15.20"
"801","583630","python3.8","127.0.0.1","void at::native::vectorized_elementwise_kernel<(int)4, at::native::<unnamed>::launch_clamp_scalar(at::TensorIteratorBase &, c10::Scalar, c10::Scalar, at::native::detail::ClampLimits)::[lambda() (instance 1)]::operator ()() const::[lambda() (instance 14)]::operator ()() const::[lambda(float) (instance 1)], at::detail::Array<char *, (int)2>>(int, T2, T3)","1","7","(128, 1, 1)","(6272, 1, 1)","0","8.0","Command line profiler metrics","dram__throughput.avg.pct_of_peak_sustained_elapsed","%","35.27"
"801","583630","python3.8","127.0.0.1","void at::native::vectorized_elementwise_kernel<(int)4, at::native::<unnamed>::launch_clamp_scalar(at::TensorIteratorBase &, c10::Scalar, c10::Scalar, at::native::detail::ClampLimits)::[lambda() (instance 1)]::operator ()() const::[lambda() (instance 14)]::operator ()() const::[lambda(float) (instance 1)], at::detail::Array<char *, (int)2>>(int, T2, T3)","1","7","(128, 1, 1)","(6272, 1, 1)","0","8.0","Command line profiler metrics","gpu__time_duration.sum","nsecond","18880"
"801","583630","python3.8","127.0.0.1","void at::native::vectorized_elementwise_kernel<(int)4, at::native::<unnamed>::launch_clamp_scalar(at::TensorIteratorBase &, c10::Scalar, c10::Scalar, at::native::detail::ClampLimits)::[lambda() (instance 1)]::operator ()() const::[lambda() (instance 14)]::operator ()() const::[lambda(float) (instance 1)], at::detail::Array<char *, (int)2>>(int, T2, T3)","1","7","(128, 1, 1)","(6272, 1, 1)","0","8.0","Command line profiler metrics","lts__t_sectors.avg.pct_of_peak_sustained_elapsed","%","26.95"
"802","583630","python3.8","127.0.0.1","void cudnn::ops::nchwToNhwcKernel<float, float, float, (bool)0, (bool)1, (cudnnKernelDataType_t)2>(cudnn::ops::nchw2nhwc_params_t<T3>, const T1 *, T2 *)","1","7","(256, 1, 1)","(7, 8, 64)","0","8.0","Command line profiler metrics","dram__throughput.avg.pct_of_peak_sustained_elapsed","%","30.42"
"802","583630","python3.8","127.0.0.1","void cudnn::ops::nchwToNhwcKernel<float, float, float, (bool)0, (bool)1, (cudnnKernelDataType_t)2>(cudnn::ops::nchw2nhwc_params_t<T3>, const T1 *, T2 *)","1","7","(256, 1, 1)","(7, 8, 64)","0","8.0","Command line profiler metrics","gpu__time_duration.sum","nsecond","23776"
"802","583630","python3.8","127.0.0.1","void cudnn::ops::nchwToNhwcKernel<float, float, float, (bool)0, (bool)1, (cudnnKernelDataType_t)2>(cudnn::ops::nchw2nhwc_params_t<T3>, const T1 *, T2 *)","1","7","(256, 1, 1)","(7, 8, 64)","0","8.0","Command line profiler metrics","lts__t_sectors.avg.pct_of_peak_sustained_elapsed","%","24.96"
"803","583630","python3.8","127.0.0.1","void cudnn::ops::nchwToNhwcKernel<float, float, float, (bool)0, (bool)1, (cudnnKernelDataType_t)2>(cudnn::ops::nchw2nhwc_params_t<T3>, const T1 *, T2 *)","1","7","(256, 1, 1)","(1, 8, 256)","0","8.0","Command line profiler metrics","dram__throughput.avg.pct_of_peak_sustained_elapsed","%","8.03"
"803","583630","python3.8","127.0.0.1","void cudnn::ops::nchwToNhwcKernel<float, float, float, (bool)0, (bool)1, (cudnnKernelDataType_t)2>(cudnn::ops::nchw2nhwc_params_t<T3>, const T1 *, T2 *)","1","7","(256, 1, 1)","(1, 8, 256)","0","8.0","Command line profiler metrics","gpu__time_duration.sum","nsecond","15296"
"803","583630","python3.8","127.0.0.1","void cudnn::ops::nchwToNhwcKernel<float, float, float, (bool)0, (bool)1, (cudnnKernelDataType_t)2>(cudnn::ops::nchw2nhwc_params_t<T3>, const T1 *, T2 *)","1","7","(256, 1, 1)","(1, 8, 256)","0","8.0","Command line profiler metrics","lts__t_sectors.avg.pct_of_peak_sustained_elapsed","%","6.82"
"804","583630","python3.8","127.0.0.1","sm80_xmma_fprop_implicit_gemm_tf32f32_tf32f32_f32_nhwckrsc_nchw_tilesize256x128x32_stage3_warpsize4x2x1_g1_tensor16x8x8_execute_kernel_cudnn","1","7","(256, 1, 1)","(2, 49, 1)","0","8.0","Command line profiler metrics","dram__throughput.avg.pct_of_peak_sustained_elapsed","%","2.71"
"804","583630","python3.8","127.0.0.1","sm80_xmma_fprop_implicit_gemm_tf32f32_tf32f32_f32_nhwckrsc_nchw_tilesize256x128x32_stage3_warpsize4x2x1_g1_tensor16x8x8_execute_kernel_cudnn","1","7","(256, 1, 1)","(2, 49, 1)","0","8.0","Command line profiler metrics","gpu__time_duration.sum","nsecond","318272"
"804","583630","python3.8","127.0.0.1","sm80_xmma_fprop_implicit_gemm_tf32f32_tf32f32_f32_nhwckrsc_nchw_tilesize256x128x32_stage3_warpsize4x2x1_g1_tensor16x8x8_execute_kernel_cudnn","1","7","(256, 1, 1)","(2, 49, 1)","0","8.0","Command line profiler metrics","lts__t_sectors.avg.pct_of_peak_sustained_elapsed","%","14.52"
"805","583630","python3.8","127.0.0.1","void cudnn::bn_fw_inf_1C11_kernel_NCHW<float, float, (bool)1, (int)1>(T2, T2, cudnnTensorStruct, const T1 *, cudnnTensorStruct, T1 *, cudnnTensorStruct, const T2 *, const T2 *, const T2 *, const T2 *, T2)","1","7","(64, 1, 1)","(256, 64, 1)","0","8.0","Command line profiler metrics","dram__throughput.avg.pct_of_peak_sustained_elapsed","%","20.32"
"805","583630","python3.8","127.0.0.1","void cudnn::bn_fw_inf_1C11_kernel_NCHW<float, float, (bool)1, (int)1>(T2, T2, cudnnTensorStruct, const T1 *, cudnnTensorStruct, T1 *, cudnnTensorStruct, const T2 *, const T2 *, const T2 *, const T2 *, T2)","1","7","(64, 1, 1)","(256, 64, 1)","0","8.0","Command line profiler metrics","gpu__time_duration.sum","nsecond","35872"
"805","583630","python3.8","127.0.0.1","void cudnn::bn_fw_inf_1C11_kernel_NCHW<float, float, (bool)1, (int)1>(T2, T2, cudnnTensorStruct, const T1 *, cudnnTensorStruct, T1 *, cudnnTensorStruct, const T2 *, const T2 *, const T2 *, const T2 *, T2)","1","7","(64, 1, 1)","(256, 64, 1)","0","8.0","Command line profiler metrics","lts__t_sectors.avg.pct_of_peak_sustained_elapsed","%","15.68"
"806","583630","python3.8","127.0.0.1","void at::native::vectorized_elementwise_kernel<(int)4, at::native::<unnamed>::launch_clamp_scalar(at::TensorIteratorBase &, c10::Scalar, c10::Scalar, at::native::detail::ClampLimits)::[lambda() (instance 1)]::operator ()() const::[lambda() (instance 14)]::operator ()() const::[lambda(float) (instance 1)], at::detail::Array<char *, (int)2>>(int, T2, T3)","1","7","(128, 1, 1)","(6272, 1, 1)","0","8.0","Command line profiler metrics","dram__throughput.avg.pct_of_peak_sustained_elapsed","%","35.92"
"806","583630","python3.8","127.0.0.1","void at::native::vectorized_elementwise_kernel<(int)4, at::native::<unnamed>::launch_clamp_scalar(at::TensorIteratorBase &, c10::Scalar, c10::Scalar, at::native::detail::ClampLimits)::[lambda() (instance 1)]::operator ()() const::[lambda() (instance 14)]::operator ()() const::[lambda(float) (instance 1)], at::detail::Array<char *, (int)2>>(int, T2, T3)","1","7","(128, 1, 1)","(6272, 1, 1)","0","8.0","Command line profiler metrics","gpu__time_duration.sum","nsecond","18560"
"806","583630","python3.8","127.0.0.1","void at::native::vectorized_elementwise_kernel<(int)4, at::native::<unnamed>::launch_clamp_scalar(at::TensorIteratorBase &, c10::Scalar, c10::Scalar, at::native::detail::ClampLimits)::[lambda() (instance 1)]::operator ()() const::[lambda() (instance 14)]::operator ()() const::[lambda(float) (instance 1)], at::detail::Array<char *, (int)2>>(int, T2, T3)","1","7","(128, 1, 1)","(6272, 1, 1)","0","8.0","Command line profiler metrics","lts__t_sectors.avg.pct_of_peak_sustained_elapsed","%","27.60"
"807","583630","python3.8","127.0.0.1","void cutlass::Kernel<cutlass_80_tensorop_s1688gemm_256x64_16x4_nn_align4>(T1::Params)","1","7","(128, 1, 1)","(16, 1, 64)","0","8.0","Command line profiler metrics","dram__throughput.avg.pct_of_peak_sustained_elapsed","%","9.94"
"807","583630","python3.8","127.0.0.1","void cutlass::Kernel<cutlass_80_tensorop_s1688gemm_256x64_16x4_nn_align4>(T1::Params)","1","7","(128, 1, 1)","(16, 1, 64)","0","8.0","Command line profiler metrics","gpu__time_duration.sum","nsecond","248320"
"807","583630","python3.8","127.0.0.1","void cutlass::Kernel<cutlass_80_tensorop_s1688gemm_256x64_16x4_nn_align4>(T1::Params)","1","7","(128, 1, 1)","(16, 1, 64)","0","8.0","Command line profiler metrics","lts__t_sectors.avg.pct_of_peak_sustained_elapsed","%","25.78"
"808","583630","python3.8","127.0.0.1","void cudnn::bn_fw_inf_1C11_kernel_NCHW<float, float, (bool)1, (int)1>(T2, T2, cudnnTensorStruct, const T1 *, cudnnTensorStruct, T1 *, cudnnTensorStruct, const T2 *, const T2 *, const T2 *, const T2 *, T2)","1","7","(64, 1, 1)","(1024, 64, 1)","0","8.0","Command line profiler metrics","dram__throughput.avg.pct_of_peak_sustained_elapsed","%","32.33"
"808","583630","python3.8","127.0.0.1","void cudnn::bn_fw_inf_1C11_kernel_NCHW<float, float, (bool)1, (int)1>(T2, T2, cudnnTensorStruct, const T1 *, cudnnTensorStruct, T1 *, cudnnTensorStruct, const T2 *, const T2 *, const T2 *, const T2 *, T2)","1","7","(64, 1, 1)","(1024, 64, 1)","0","8.0","Command line profiler metrics","gpu__time_duration.sum","nsecond","145056"
"808","583630","python3.8","127.0.0.1","void cudnn::bn_fw_inf_1C11_kernel_NCHW<float, float, (bool)1, (int)1>(T2, T2, cudnnTensorStruct, const T1 *, cudnnTensorStruct, T1 *, cudnnTensorStruct, const T2 *, const T2 *, const T2 *, const T2 *, T2)","1","7","(64, 1, 1)","(1024, 64, 1)","0","8.0","Command line profiler metrics","lts__t_sectors.avg.pct_of_peak_sustained_elapsed","%","18.69"
"809","583630","python3.8","127.0.0.1","void at::native::vectorized_elementwise_kernel<(int)4, at::native::CUDAFunctor_add<float>, at::detail::Array<char *, (int)3>>(int, T2, T3)","1","7","(128, 1, 1)","(25088, 1, 1)","0","8.0","Command line profiler metrics","dram__throughput.avg.pct_of_peak_sustained_elapsed","%","85.70"
"809","583630","python3.8","127.0.0.1","void at::native::vectorized_elementwise_kernel<(int)4, at::native::CUDAFunctor_add<float>, at::detail::Array<char *, (int)3>>(int, T2, T3)","1","7","(128, 1, 1)","(25088, 1, 1)","0","8.0","Command line profiler metrics","gpu__time_duration.sum","nsecond","84032"
"809","583630","python3.8","127.0.0.1","void at::native::vectorized_elementwise_kernel<(int)4, at::native::CUDAFunctor_add<float>, at::detail::Array<char *, (int)3>>(int, T2, T3)","1","7","(128, 1, 1)","(25088, 1, 1)","0","8.0","Command line profiler metrics","lts__t_sectors.avg.pct_of_peak_sustained_elapsed","%","41.77"
"810","583630","python3.8","127.0.0.1","void at::native::vectorized_elementwise_kernel<(int)4, at::native::<unnamed>::launch_clamp_scalar(at::TensorIteratorBase &, c10::Scalar, c10::Scalar, at::native::detail::ClampLimits)::[lambda() (instance 1)]::operator ()() const::[lambda() (instance 14)]::operator ()() const::[lambda(float) (instance 1)], at::detail::Array<char *, (int)2>>(int, T2, T3)","1","7","(128, 1, 1)","(25088, 1, 1)","0","8.0","Command line profiler metrics","dram__throughput.avg.pct_of_peak_sustained_elapsed","%","66.07"
"810","583630","python3.8","127.0.0.1","void at::native::vectorized_elementwise_kernel<(int)4, at::native::<unnamed>::launch_clamp_scalar(at::TensorIteratorBase &, c10::Scalar, c10::Scalar, at::native::detail::ClampLimits)::[lambda() (instance 1)]::operator ()() const::[lambda() (instance 14)]::operator ()() const::[lambda(float) (instance 1)], at::detail::Array<char *, (int)2>>(int, T2, T3)","1","7","(128, 1, 1)","(25088, 1, 1)","0","8.0","Command line profiler metrics","gpu__time_duration.sum","nsecond","65952"
"810","583630","python3.8","127.0.0.1","void at::native::vectorized_elementwise_kernel<(int)4, at::native::<unnamed>::launch_clamp_scalar(at::TensorIteratorBase &, c10::Scalar, c10::Scalar, at::native::detail::ClampLimits)::[lambda() (instance 1)]::operator ()() const::[lambda() (instance 14)]::operator ()() const::[lambda(float) (instance 1)], at::detail::Array<char *, (int)2>>(int, T2, T3)","1","7","(128, 1, 1)","(25088, 1, 1)","0","8.0","Command line profiler metrics","lts__t_sectors.avg.pct_of_peak_sustained_elapsed","%","32.49"
"811","583630","python3.8","127.0.0.1","void cutlass::Kernel<cutlass_80_tensorop_s1688gemm_256x64_16x4_nn_align4>(T1::Params)","1","7","(128, 1, 1)","(8, 1, 64)","0","8.0","Command line profiler metrics","dram__throughput.avg.pct_of_peak_sustained_elapsed","%","9.60"
"811","583630","python3.8","127.0.0.1","void cutlass::Kernel<cutlass_80_tensorop_s1688gemm_256x64_16x4_nn_align4>(T1::Params)","1","7","(128, 1, 1)","(8, 1, 64)","0","8.0","Command line profiler metrics","gpu__time_duration.sum","nsecond","389408"
"811","583630","python3.8","127.0.0.1","void cutlass::Kernel<cutlass_80_tensorop_s1688gemm_256x64_16x4_nn_align4>(T1::Params)","1","7","(128, 1, 1)","(8, 1, 64)","0","8.0","Command line profiler metrics","lts__t_sectors.avg.pct_of_peak_sustained_elapsed","%","29.47"
"812","583630","python3.8","127.0.0.1","void cudnn::bn_fw_inf_1C11_kernel_NCHW<float, float, (bool)1, (int)1>(T2, T2, cudnnTensorStruct, const T1 *, cudnnTensorStruct, T1 *, cudnnTensorStruct, const T2 *, const T2 *, const T2 *, const T2 *, T2)","1","7","(64, 1, 1)","(512, 64, 1)","0","8.0","Command line profiler metrics","dram__throughput.avg.pct_of_peak_sustained_elapsed","%","28.56"
"812","583630","python3.8","127.0.0.1","void cudnn::bn_fw_inf_1C11_kernel_NCHW<float, float, (bool)1, (int)1>(T2, T2, cudnnTensorStruct, const T1 *, cudnnTensorStruct, T1 *, cudnnTensorStruct, const T2 *, const T2 *, const T2 *, const T2 *, T2)","1","7","(64, 1, 1)","(512, 64, 1)","0","8.0","Command line profiler metrics","gpu__time_duration.sum","nsecond","70944"
"812","583630","python3.8","127.0.0.1","void cudnn::bn_fw_inf_1C11_kernel_NCHW<float, float, (bool)1, (int)1>(T2, T2, cudnnTensorStruct, const T1 *, cudnnTensorStruct, T1 *, cudnnTensorStruct, const T2 *, const T2 *, const T2 *, const T2 *, T2)","1","7","(64, 1, 1)","(512, 64, 1)","0","8.0","Command line profiler metrics","lts__t_sectors.avg.pct_of_peak_sustained_elapsed","%","17.77"
"813","583630","python3.8","127.0.0.1","void at::native::vectorized_elementwise_kernel<(int)4, at::native::<unnamed>::launch_clamp_scalar(at::TensorIteratorBase &, c10::Scalar, c10::Scalar, at::native::detail::ClampLimits)::[lambda() (instance 1)]::operator ()() const::[lambda() (instance 14)]::operator ()() const::[lambda(float) (instance 1)], at::detail::Array<char *, (int)2>>(int, T2, T3)","1","7","(128, 1, 1)","(12544, 1, 1)","0","8.0","Command line profiler metrics","dram__throughput.avg.pct_of_peak_sustained_elapsed","%","50.28"
"813","583630","python3.8","127.0.0.1","void at::native::vectorized_elementwise_kernel<(int)4, at::native::<unnamed>::launch_clamp_scalar(at::TensorIteratorBase &, c10::Scalar, c10::Scalar, at::native::detail::ClampLimits)::[lambda() (instance 1)]::operator ()() const::[lambda() (instance 14)]::operator ()() const::[lambda(float) (instance 1)], at::detail::Array<char *, (int)2>>(int, T2, T3)","1","7","(128, 1, 1)","(12544, 1, 1)","0","8.0","Command line profiler metrics","gpu__time_duration.sum","nsecond","33824"
"813","583630","python3.8","127.0.0.1","void at::native::vectorized_elementwise_kernel<(int)4, at::native::<unnamed>::launch_clamp_scalar(at::TensorIteratorBase &, c10::Scalar, c10::Scalar, at::native::detail::ClampLimits)::[lambda() (instance 1)]::operator ()() const::[lambda() (instance 14)]::operator ()() const::[lambda(float) (instance 1)], at::detail::Array<char *, (int)2>>(int, T2, T3)","1","7","(128, 1, 1)","(12544, 1, 1)","0","8.0","Command line profiler metrics","lts__t_sectors.avg.pct_of_peak_sustained_elapsed","%","29.86"
"814","583630","python3.8","127.0.0.1","void cudnn::ops::nchwToNhwcKernel<float, float, float, (bool)0, (bool)1, (cudnnKernelDataType_t)2>(cudnn::ops::nchw2nhwc_params_t<T3>, const T1 *, T2 *)","1","7","(256, 1, 1)","(7, 16, 64)","0","8.0","Command line profiler metrics","dram__throughput.avg.pct_of_peak_sustained_elapsed","%","46.86"
"814","583630","python3.8","127.0.0.1","void cudnn::ops::nchwToNhwcKernel<float, float, float, (bool)0, (bool)1, (cudnnKernelDataType_t)2>(cudnn::ops::nchw2nhwc_params_t<T3>, const T1 *, T2 *)","1","7","(256, 1, 1)","(7, 16, 64)","0","8.0","Command line profiler metrics","gpu__time_duration.sum","nsecond","43136"
"814","583630","python3.8","127.0.0.1","void cudnn::ops::nchwToNhwcKernel<float, float, float, (bool)0, (bool)1, (cudnnKernelDataType_t)2>(cudnn::ops::nchw2nhwc_params_t<T3>, const T1 *, T2 *)","1","7","(256, 1, 1)","(7, 16, 64)","0","8.0","Command line profiler metrics","lts__t_sectors.avg.pct_of_peak_sustained_elapsed","%","31.29"
"815","583630","python3.8","127.0.0.1","void cudnn::ops::nchwToNhwcKernel<float, float, float, (bool)0, (bool)1, (cudnnKernelDataType_t)2>(cudnn::ops::nchw2nhwc_params_t<T3>, const T1 *, T2 *)","1","7","(256, 1, 1)","(1, 16, 512)","0","8.0","Command line profiler metrics","dram__throughput.avg.pct_of_peak_sustained_elapsed","%","11.05"
"815","583630","python3.8","127.0.0.1","void cudnn::ops::nchwToNhwcKernel<float, float, float, (bool)0, (bool)1, (cudnnKernelDataType_t)2>(cudnn::ops::nchw2nhwc_params_t<T3>, const T1 *, T2 *)","1","7","(256, 1, 1)","(1, 16, 512)","0","8.0","Command line profiler metrics","gpu__time_duration.sum","nsecond","44288"
"815","583630","python3.8","127.0.0.1","void cudnn::ops::nchwToNhwcKernel<float, float, float, (bool)0, (bool)1, (cudnnKernelDataType_t)2>(cudnn::ops::nchw2nhwc_params_t<T3>, const T1 *, T2 *)","1","7","(256, 1, 1)","(1, 16, 512)","0","8.0","Command line profiler metrics","lts__t_sectors.avg.pct_of_peak_sustained_elapsed","%","8.66"
"816","583630","python3.8","127.0.0.1","void cutlass_cudnn::Kernel<cutlass_tensorop_s1688fprop_optimized_tf32_128x128_32x4_nhwc_align4>(T1::Params)","1","7","(128, 1, 1)","(100, 1, 1)","0","8.0","Command line profiler metrics","dram__throughput.avg.pct_of_peak_sustained_elapsed","%","8.32"
"816","583630","python3.8","127.0.0.1","void cutlass_cudnn::Kernel<cutlass_tensorop_s1688fprop_optimized_tf32_128x128_32x4_nhwc_align4>(T1::Params)","1","7","(128, 1, 1)","(100, 1, 1)","0","8.0","Command line profiler metrics","gpu__time_duration.sum","nsecond","303680"
"816","583630","python3.8","127.0.0.1","void cutlass_cudnn::Kernel<cutlass_tensorop_s1688fprop_optimized_tf32_128x128_32x4_nhwc_align4>(T1::Params)","1","7","(128, 1, 1)","(100, 1, 1)","0","8.0","Command line profiler metrics","lts__t_sectors.avg.pct_of_peak_sustained_elapsed","%","19.47"
"817","583630","python3.8","127.0.0.1","void cudnn::ops::nhwcToNchwKernel<float, float, float, (bool)1, (bool)0, (cudnnKernelDataType_t)0>(cudnn::ops::nhwc2nchw_params_t<T3>, const T1 *, T2 *)","1","7","(256, 1, 1)","(2, 16, 64)","0","8.0","Command line profiler metrics","dram__throughput.avg.pct_of_peak_sustained_elapsed","%","18.76"
"817","583630","python3.8","127.0.0.1","void cudnn::ops::nhwcToNchwKernel<float, float, float, (bool)1, (bool)0, (cudnnKernelDataType_t)0>(cudnn::ops::nhwc2nchw_params_t<T3>, const T1 *, T2 *)","1","7","(256, 1, 1)","(2, 16, 64)","0","8.0","Command line profiler metrics","gpu__time_duration.sum","nsecond","17792"
"817","583630","python3.8","127.0.0.1","void cudnn::ops::nhwcToNchwKernel<float, float, float, (bool)1, (bool)0, (cudnnKernelDataType_t)0>(cudnn::ops::nhwc2nchw_params_t<T3>, const T1 *, T2 *)","1","7","(256, 1, 1)","(2, 16, 64)","0","8.0","Command line profiler metrics","lts__t_sectors.avg.pct_of_peak_sustained_elapsed","%","16.90"
"818","583630","python3.8","127.0.0.1","void cudnn::bn_fw_inf_1C11_kernel_NCHW<float, float, (bool)1, (int)1>(T2, T2, cudnnTensorStruct, const T1 *, cudnnTensorStruct, T1 *, cudnnTensorStruct, const T2 *, const T2 *, const T2 *, const T2 *, T2)","1","7","(64, 1, 1)","(512, 64, 1)","0","8.0","Command line profiler metrics","dram__throughput.avg.pct_of_peak_sustained_elapsed","%","7.31"
"818","583630","python3.8","127.0.0.1","void cudnn::bn_fw_inf_1C11_kernel_NCHW<float, float, (bool)1, (int)1>(T2, T2, cudnnTensorStruct, const T1 *, cudnnTensorStruct, T1 *, cudnnTensorStruct, const T2 *, const T2 *, const T2 *, const T2 *, T2)","1","7","(64, 1, 1)","(512, 64, 1)","0","8.0","Command line profiler metrics","gpu__time_duration.sum","nsecond","45536"
"818","583630","python3.8","127.0.0.1","void cudnn::bn_fw_inf_1C11_kernel_NCHW<float, float, (bool)1, (int)1>(T2, T2, cudnnTensorStruct, const T1 *, cudnnTensorStruct, T1 *, cudnnTensorStruct, const T2 *, const T2 *, const T2 *, const T2 *, T2)","1","7","(64, 1, 1)","(512, 64, 1)","0","8.0","Command line profiler metrics","lts__t_sectors.avg.pct_of_peak_sustained_elapsed","%","6.71"
"819","583630","python3.8","127.0.0.1","void at::native::vectorized_elementwise_kernel<(int)4, at::native::<unnamed>::launch_clamp_scalar(at::TensorIteratorBase &, c10::Scalar, c10::Scalar, at::native::detail::ClampLimits)::[lambda() (instance 1)]::operator ()() const::[lambda() (instance 14)]::operator ()() const::[lambda(float) (instance 1)], at::detail::Array<char *, (int)2>>(int, T2, T3)","1","7","(128, 1, 1)","(3136, 1, 1)","0","8.0","Command line profiler metrics","dram__throughput.avg.pct_of_peak_sustained_elapsed","%","28.27"
"819","583630","python3.8","127.0.0.1","void at::native::vectorized_elementwise_kernel<(int)4, at::native::<unnamed>::launch_clamp_scalar(at::TensorIteratorBase &, c10::Scalar, c10::Scalar, at::native::detail::ClampLimits)::[lambda() (instance 1)]::operator ()() const::[lambda() (instance 14)]::operator ()() const::[lambda(float) (instance 1)], at::detail::Array<char *, (int)2>>(int, T2, T3)","1","7","(128, 1, 1)","(3136, 1, 1)","0","8.0","Command line profiler metrics","gpu__time_duration.sum","nsecond","11808"
"819","583630","python3.8","127.0.0.1","void at::native::vectorized_elementwise_kernel<(int)4, at::native::<unnamed>::launch_clamp_scalar(at::TensorIteratorBase &, c10::Scalar, c10::Scalar, at::native::detail::ClampLimits)::[lambda() (instance 1)]::operator ()() const::[lambda() (instance 14)]::operator ()() const::[lambda(float) (instance 1)], at::detail::Array<char *, (int)2>>(int, T2, T3)","1","7","(128, 1, 1)","(3136, 1, 1)","0","8.0","Command line profiler metrics","lts__t_sectors.avg.pct_of_peak_sustained_elapsed","%","21.97"
"820","583630","python3.8","127.0.0.1","void cudnn::ops::nchwToNhwcKernel<float, float, float, (bool)0, (bool)1, (cudnnKernelDataType_t)2>(cudnn::ops::nchw2nhwc_params_t<T3>, const T1 *, T2 *)","1","7","(256, 1, 1)","(2, 16, 64)","0","8.0","Command line profiler metrics","dram__throughput.avg.pct_of_peak_sustained_elapsed","%","20.84"
"820","583630","python3.8","127.0.0.1","void cudnn::ops::nchwToNhwcKernel<float, float, float, (bool)0, (bool)1, (cudnnKernelDataType_t)2>(cudnn::ops::nchw2nhwc_params_t<T3>, const T1 *, T2 *)","1","7","(256, 1, 1)","(2, 16, 64)","0","8.0","Command line profiler metrics","gpu__time_duration.sum","nsecond","16000"
"820","583630","python3.8","127.0.0.1","void cudnn::ops::nchwToNhwcKernel<float, float, float, (bool)0, (bool)1, (cudnnKernelDataType_t)2>(cudnn::ops::nchw2nhwc_params_t<T3>, const T1 *, T2 *)","1","7","(256, 1, 1)","(2, 16, 64)","0","8.0","Command line profiler metrics","lts__t_sectors.avg.pct_of_peak_sustained_elapsed","%","18.62"
"821","583630","python3.8","127.0.0.1","void cudnn::ops::nchwToNhwcKernel<float, float, float, (bool)0, (bool)1, (cudnnKernelDataType_t)2>(cudnn::ops::nchw2nhwc_params_t<T3>, const T1 *, T2 *)","1","7","(256, 1, 1)","(1, 16, 2048)","0","8.0","Command line profiler metrics","dram__throughput.avg.pct_of_peak_sustained_elapsed","%","1.48"
"821","583630","python3.8","127.0.0.1","void cudnn::ops::nchwToNhwcKernel<float, float, float, (bool)0, (bool)1, (cudnnKernelDataType_t)2>(cudnn::ops::nchw2nhwc_params_t<T3>, const T1 *, T2 *)","1","7","(256, 1, 1)","(1, 16, 2048)","0","8.0","Command line profiler metrics","gpu__time_duration.sum","nsecond","146816"
"821","583630","python3.8","127.0.0.1","void cudnn::ops::nchwToNhwcKernel<float, float, float, (bool)0, (bool)1, (cudnnKernelDataType_t)2>(cudnn::ops::nchw2nhwc_params_t<T3>, const T1 *, T2 *)","1","7","(256, 1, 1)","(1, 16, 2048)","0","8.0","Command line profiler metrics","lts__t_sectors.avg.pct_of_peak_sustained_elapsed","%","1.27"
"822","583630","python3.8","127.0.0.1","void cutlass_cudnn::Kernel<cutlass_tensorop_s1688fprop_optimized_tf32_128x128_16x4_nhwc_align4>(T1::Params)","1","7","(128, 1, 1)","(100, 4, 1)","0","8.0","Command line profiler metrics","dram__throughput.avg.pct_of_peak_sustained_elapsed","%","7.66"
"822","583630","python3.8","127.0.0.1","void cutlass_cudnn::Kernel<cutlass_tensorop_s1688fprop_optimized_tf32_128x128_16x4_nhwc_align4>(T1::Params)","1","7","(128, 1, 1)","(100, 4, 1)","0","8.0","Command line profiler metrics","gpu__time_duration.sum","nsecond","145408"
"822","583630","python3.8","127.0.0.1","void cutlass_cudnn::Kernel<cutlass_tensorop_s1688fprop_optimized_tf32_128x128_16x4_nhwc_align4>(T1::Params)","1","7","(128, 1, 1)","(100, 4, 1)","0","8.0","Command line profiler metrics","lts__t_sectors.avg.pct_of_peak_sustained_elapsed","%","23.24"
"823","583630","python3.8","127.0.0.1","void cudnn::ops::nhwcToNchwKernel<float, float, float, (bool)1, (bool)0, (cudnnKernelDataType_t)0>(cudnn::ops::nhwc2nchw_params_t<T3>, const T1 *, T2 *)","1","7","(256, 1, 1)","(2, 64, 64)","0","8.0","Command line profiler metrics","dram__throughput.avg.pct_of_peak_sustained_elapsed","%","38.61"
"823","583630","python3.8","127.0.0.1","void cudnn::ops::nhwcToNchwKernel<float, float, float, (bool)1, (bool)0, (cudnnKernelDataType_t)0>(cudnn::ops::nhwc2nchw_params_t<T3>, const T1 *, T2 *)","1","7","(256, 1, 1)","(2, 64, 64)","0","8.0","Command line profiler metrics","gpu__time_duration.sum","nsecond","52096"
"823","583630","python3.8","127.0.0.1","void cudnn::ops::nhwcToNchwKernel<float, float, float, (bool)1, (bool)0, (cudnnKernelDataType_t)0>(cudnn::ops::nhwc2nchw_params_t<T3>, const T1 *, T2 *)","1","7","(256, 1, 1)","(2, 64, 64)","0","8.0","Command line profiler metrics","lts__t_sectors.avg.pct_of_peak_sustained_elapsed","%","26.00"
"824","583630","python3.8","127.0.0.1","void cudnn::bn_fw_inf_1C11_kernel_NCHW<float, float, (bool)1, (int)1>(T2, T2, cudnnTensorStruct, const T1 *, cudnnTensorStruct, T1 *, cudnnTensorStruct, const T2 *, const T2 *, const T2 *, const T2 *, T2)","1","7","(64, 1, 1)","(2048, 64, 1)","0","8.0","Command line profiler metrics","dram__throughput.avg.pct_of_peak_sustained_elapsed","%","13.08"
"824","583630","python3.8","127.0.0.1","void cudnn::bn_fw_inf_1C11_kernel_NCHW<float, float, (bool)1, (int)1>(T2, T2, cudnnTensorStruct, const T1 *, cudnnTensorStruct, T1 *, cudnnTensorStruct, const T2 *, const T2 *, const T2 *, const T2 *, T2)","1","7","(64, 1, 1)","(2048, 64, 1)","0","8.0","Command line profiler metrics","gpu__time_duration.sum","nsecond","156544"
"824","583630","python3.8","127.0.0.1","void cudnn::bn_fw_inf_1C11_kernel_NCHW<float, float, (bool)1, (int)1>(T2, T2, cudnnTensorStruct, const T1 *, cudnnTensorStruct, T1 *, cudnnTensorStruct, const T2 *, const T2 *, const T2 *, const T2 *, T2)","1","7","(64, 1, 1)","(2048, 64, 1)","0","8.0","Command line profiler metrics","lts__t_sectors.avg.pct_of_peak_sustained_elapsed","%","8.88"
"825","583630","python3.8","127.0.0.1","void cudnn::ops::nchwToNhwcKernel<float, float, float, (bool)0, (bool)1, (cudnnKernelDataType_t)2>(cudnn::ops::nchw2nhwc_params_t<T3>, const T1 *, T2 *)","1","7","(256, 1, 1)","(7, 32, 64)","0","8.0","Command line profiler metrics","dram__throughput.avg.pct_of_peak_sustained_elapsed","%","56.24"
"825","583630","python3.8","127.0.0.1","void cudnn::ops::nchwToNhwcKernel<float, float, float, (bool)0, (bool)1, (cudnnKernelDataType_t)2>(cudnn::ops::nchw2nhwc_params_t<T3>, const T1 *, T2 *)","1","7","(256, 1, 1)","(7, 32, 64)","0","8.0","Command line profiler metrics","gpu__time_duration.sum","nsecond","83008"
"825","583630","python3.8","127.0.0.1","void cudnn::ops::nchwToNhwcKernel<float, float, float, (bool)0, (bool)1, (cudnnKernelDataType_t)2>(cudnn::ops::nchw2nhwc_params_t<T3>, const T1 *, T2 *)","1","7","(256, 1, 1)","(7, 32, 64)","0","8.0","Command line profiler metrics","lts__t_sectors.avg.pct_of_peak_sustained_elapsed","%","34.84"
"826","583630","python3.8","127.0.0.1","void cudnn::ops::nchwToNhwcKernel<float, float, float, (bool)0, (bool)1, (cudnnKernelDataType_t)2>(cudnn::ops::nchw2nhwc_params_t<T3>, const T1 *, T2 *)","1","7","(256, 1, 1)","(1, 32, 2048)","0","8.0","Command line profiler metrics","dram__throughput.avg.pct_of_peak_sustained_elapsed","%","1.53"
"826","583630","python3.8","127.0.0.1","void cudnn::ops::nchwToNhwcKernel<float, float, float, (bool)0, (bool)1, (cudnnKernelDataType_t)2>(cudnn::ops::nchw2nhwc_params_t<T3>, const T1 *, T2 *)","1","7","(256, 1, 1)","(1, 32, 2048)","0","8.0","Command line profiler metrics","gpu__time_duration.sum","nsecond","285248"
"826","583630","python3.8","127.0.0.1","void cudnn::ops::nchwToNhwcKernel<float, float, float, (bool)0, (bool)1, (cudnnKernelDataType_t)2>(cudnn::ops::nchw2nhwc_params_t<T3>, const T1 *, T2 *)","1","7","(256, 1, 1)","(1, 32, 2048)","0","8.0","Command line profiler metrics","lts__t_sectors.avg.pct_of_peak_sustained_elapsed","%","1.17"
"827","583630","python3.8","127.0.0.1","sm80_xmma_fprop_implicit_gemm_tf32f32_tf32f32_f32_nhwckrsc_nhwc_tilesize128x128x16_stage4_warpsize2x2x1_g1_tensor16x8x8_execute_kernel_cudnn","1","7","(128, 1, 1)","(16, 25, 1)","0","8.0","Command line profiler metrics","dram__throughput.avg.pct_of_peak_sustained_elapsed","%","7.54"
"827","583630","python3.8","127.0.0.1","sm80_xmma_fprop_implicit_gemm_tf32f32_tf32f32_f32_nhwckrsc_nhwc_tilesize128x128x16_stage4_warpsize2x2x1_g1_tensor16x8x8_execute_kernel_cudnn","1","7","(128, 1, 1)","(16, 25, 1)","0","8.0","Command line profiler metrics","gpu__time_duration.sum","nsecond","258400"
"827","583630","python3.8","127.0.0.1","sm80_xmma_fprop_implicit_gemm_tf32f32_tf32f32_f32_nhwckrsc_nhwc_tilesize128x128x16_stage4_warpsize2x2x1_g1_tensor16x8x8_execute_kernel_cudnn","1","7","(128, 1, 1)","(16, 25, 1)","0","8.0","Command line profiler metrics","lts__t_sectors.avg.pct_of_peak_sustained_elapsed","%","24.59"
"828","583630","python3.8","127.0.0.1","void cudnn::ops::nhwcToNchwKernel<float, float, float, (bool)1, (bool)0, (cudnnKernelDataType_t)0>(cudnn::ops::nhwc2nchw_params_t<T3>, const T1 *, T2 *)","1","7","(256, 1, 1)","(2, 64, 64)","0","8.0","Command line profiler metrics","dram__throughput.avg.pct_of_peak_sustained_elapsed","%","37.85"
"828","583630","python3.8","127.0.0.1","void cudnn::ops::nhwcToNchwKernel<float, float, float, (bool)1, (bool)0, (cudnnKernelDataType_t)0>(cudnn::ops::nhwc2nchw_params_t<T3>, const T1 *, T2 *)","1","7","(256, 1, 1)","(2, 64, 64)","0","8.0","Command line profiler metrics","gpu__time_duration.sum","nsecond","52896"
"828","583630","python3.8","127.0.0.1","void cudnn::ops::nhwcToNchwKernel<float, float, float, (bool)1, (bool)0, (cudnnKernelDataType_t)0>(cudnn::ops::nhwc2nchw_params_t<T3>, const T1 *, T2 *)","1","7","(256, 1, 1)","(2, 64, 64)","0","8.0","Command line profiler metrics","lts__t_sectors.avg.pct_of_peak_sustained_elapsed","%","25.50"
"829","583630","python3.8","127.0.0.1","void cudnn::bn_fw_inf_1C11_kernel_NCHW<float, float, (bool)1, (int)1>(T2, T2, cudnnTensorStruct, const T1 *, cudnnTensorStruct, T1 *, cudnnTensorStruct, const T2 *, const T2 *, const T2 *, const T2 *, T2)","1","7","(64, 1, 1)","(2048, 64, 1)","0","8.0","Command line profiler metrics","dram__throughput.avg.pct_of_peak_sustained_elapsed","%","12.97"
"829","583630","python3.8","127.0.0.1","void cudnn::bn_fw_inf_1C11_kernel_NCHW<float, float, (bool)1, (int)1>(T2, T2, cudnnTensorStruct, const T1 *, cudnnTensorStruct, T1 *, cudnnTensorStruct, const T2 *, const T2 *, const T2 *, const T2 *, T2)","1","7","(64, 1, 1)","(2048, 64, 1)","0","8.0","Command line profiler metrics","gpu__time_duration.sum","nsecond","156224"
"829","583630","python3.8","127.0.0.1","void cudnn::bn_fw_inf_1C11_kernel_NCHW<float, float, (bool)1, (int)1>(T2, T2, cudnnTensorStruct, const T1 *, cudnnTensorStruct, T1 *, cudnnTensorStruct, const T2 *, const T2 *, const T2 *, const T2 *, T2)","1","7","(64, 1, 1)","(2048, 64, 1)","0","8.0","Command line profiler metrics","lts__t_sectors.avg.pct_of_peak_sustained_elapsed","%","8.86"
"830","583630","python3.8","127.0.0.1","void at::native::vectorized_elementwise_kernel<(int)4, at::native::CUDAFunctor_add<float>, at::detail::Array<char *, (int)3>>(int, T2, T3)","1","7","(128, 1, 1)","(12544, 1, 1)","0","8.0","Command line profiler metrics","dram__throughput.avg.pct_of_peak_sustained_elapsed","%","78.95"
"830","583630","python3.8","127.0.0.1","void at::native::vectorized_elementwise_kernel<(int)4, at::native::CUDAFunctor_add<float>, at::detail::Array<char *, (int)3>>(int, T2, T3)","1","7","(128, 1, 1)","(12544, 1, 1)","0","8.0","Command line profiler metrics","gpu__time_duration.sum","nsecond","41152"
"830","583630","python3.8","127.0.0.1","void at::native::vectorized_elementwise_kernel<(int)4, at::native::CUDAFunctor_add<float>, at::detail::Array<char *, (int)3>>(int, T2, T3)","1","7","(128, 1, 1)","(12544, 1, 1)","0","8.0","Command line profiler metrics","lts__t_sectors.avg.pct_of_peak_sustained_elapsed","%","40.63"
"831","583630","python3.8","127.0.0.1","void at::native::vectorized_elementwise_kernel<(int)4, at::native::<unnamed>::launch_clamp_scalar(at::TensorIteratorBase &, c10::Scalar, c10::Scalar, at::native::detail::ClampLimits)::[lambda() (instance 1)]::operator ()() const::[lambda() (instance 14)]::operator ()() const::[lambda(float) (instance 1)], at::detail::Array<char *, (int)2>>(int, T2, T3)","1","7","(128, 1, 1)","(12544, 1, 1)","0","8.0","Command line profiler metrics","dram__throughput.avg.pct_of_peak_sustained_elapsed","%","49.66"
"831","583630","python3.8","127.0.0.1","void at::native::vectorized_elementwise_kernel<(int)4, at::native::<unnamed>::launch_clamp_scalar(at::TensorIteratorBase &, c10::Scalar, c10::Scalar, at::native::detail::ClampLimits)::[lambda() (instance 1)]::operator ()() const::[lambda() (instance 14)]::operator ()() const::[lambda(float) (instance 1)], at::detail::Array<char *, (int)2>>(int, T2, T3)","1","7","(128, 1, 1)","(12544, 1, 1)","0","8.0","Command line profiler metrics","gpu__time_duration.sum","nsecond","34272"
"831","583630","python3.8","127.0.0.1","void at::native::vectorized_elementwise_kernel<(int)4, at::native::<unnamed>::launch_clamp_scalar(at::TensorIteratorBase &, c10::Scalar, c10::Scalar, at::native::detail::ClampLimits)::[lambda() (instance 1)]::operator ()() const::[lambda() (instance 14)]::operator ()() const::[lambda(float) (instance 1)], at::detail::Array<char *, (int)2>>(int, T2, T3)","1","7","(128, 1, 1)","(12544, 1, 1)","0","8.0","Command line profiler metrics","lts__t_sectors.avg.pct_of_peak_sustained_elapsed","%","29.52"
"832","583630","python3.8","127.0.0.1","void cudnn::ops::nchwToNhwcKernel<float, float, float, (bool)0, (bool)1, (cudnnKernelDataType_t)2>(cudnn::ops::nchw2nhwc_params_t<T3>, const T1 *, T2 *)","1","7","(256, 1, 1)","(2, 64, 64)","0","8.0","Command line profiler metrics","dram__throughput.avg.pct_of_peak_sustained_elapsed","%","43.39"
"832","583630","python3.8","127.0.0.1","void cudnn::ops::nchwToNhwcKernel<float, float, float, (bool)0, (bool)1, (cudnnKernelDataType_t)2>(cudnn::ops::nchw2nhwc_params_t<T3>, const T1 *, T2 *)","1","7","(256, 1, 1)","(2, 64, 64)","0","8.0","Command line profiler metrics","gpu__time_duration.sum","nsecond","46976"
"832","583630","python3.8","127.0.0.1","void cudnn::ops::nchwToNhwcKernel<float, float, float, (bool)0, (bool)1, (cudnnKernelDataType_t)2>(cudnn::ops::nchw2nhwc_params_t<T3>, const T1 *, T2 *)","1","7","(256, 1, 1)","(2, 64, 64)","0","8.0","Command line profiler metrics","lts__t_sectors.avg.pct_of_peak_sustained_elapsed","%","30.05"
"833","583630","python3.8","127.0.0.1","void cudnn::ops::nchwToNhwcKernel<float, float, float, (bool)0, (bool)1, (cudnnKernelDataType_t)2>(cudnn::ops::nchw2nhwc_params_t<T3>, const T1 *, T2 *)","1","7","(256, 1, 1)","(1, 64, 512)","0","8.0","Command line profiler metrics","dram__throughput.avg.pct_of_peak_sustained_elapsed","%","1.51"
"833","583630","python3.8","127.0.0.1","void cudnn::ops::nchwToNhwcKernel<float, float, float, (bool)0, (bool)1, (cudnnKernelDataType_t)2>(cudnn::ops::nchw2nhwc_params_t<T3>, const T1 *, T2 *)","1","7","(256, 1, 1)","(1, 64, 512)","0","8.0","Command line profiler metrics","gpu__time_duration.sum","nsecond","144352"
"833","583630","python3.8","127.0.0.1","void cudnn::ops::nchwToNhwcKernel<float, float, float, (bool)0, (bool)1, (cudnnKernelDataType_t)2>(cudnn::ops::nchw2nhwc_params_t<T3>, const T1 *, T2 *)","1","7","(256, 1, 1)","(1, 64, 512)","0","8.0","Command line profiler metrics","lts__t_sectors.avg.pct_of_peak_sustained_elapsed","%","1.18"
"834","583630","python3.8","127.0.0.1","void cutlass_cudnn::Kernel<cutlass_tensorop_s1688fprop_optimized_tf32_128x128_16x4_nhwc_align4>(T1::Params)","1","7","(128, 1, 1)","(100, 1, 1)","0","8.0","Command line profiler metrics","dram__throughput.avg.pct_of_peak_sustained_elapsed","%","11.54"
"834","583630","python3.8","127.0.0.1","void cutlass_cudnn::Kernel<cutlass_tensorop_s1688fprop_optimized_tf32_128x128_16x4_nhwc_align4>(T1::Params)","1","7","(128, 1, 1)","(100, 1, 1)","0","8.0","Command line profiler metrics","gpu__time_duration.sum","nsecond","141152"
"834","583630","python3.8","127.0.0.1","void cutlass_cudnn::Kernel<cutlass_tensorop_s1688fprop_optimized_tf32_128x128_16x4_nhwc_align4>(T1::Params)","1","7","(128, 1, 1)","(100, 1, 1)","0","8.0","Command line profiler metrics","lts__t_sectors.avg.pct_of_peak_sustained_elapsed","%","23.41"
"835","583630","python3.8","127.0.0.1","void cudnn::ops::nhwcToNchwKernel<float, float, float, (bool)1, (bool)0, (cudnnKernelDataType_t)0>(cudnn::ops::nhwc2nchw_params_t<T3>, const T1 *, T2 *)","1","7","(256, 1, 1)","(2, 16, 64)","0","8.0","Command line profiler metrics","dram__throughput.avg.pct_of_peak_sustained_elapsed","%","18.91"
"835","583630","python3.8","127.0.0.1","void cudnn::ops::nhwcToNchwKernel<float, float, float, (bool)1, (bool)0, (cudnnKernelDataType_t)0>(cudnn::ops::nhwc2nchw_params_t<T3>, const T1 *, T2 *)","1","7","(256, 1, 1)","(2, 16, 64)","0","8.0","Command line profiler metrics","gpu__time_duration.sum","nsecond","17600"
"835","583630","python3.8","127.0.0.1","void cudnn::ops::nhwcToNchwKernel<float, float, float, (bool)1, (bool)0, (cudnnKernelDataType_t)0>(cudnn::ops::nhwc2nchw_params_t<T3>, const T1 *, T2 *)","1","7","(256, 1, 1)","(2, 16, 64)","0","8.0","Command line profiler metrics","lts__t_sectors.avg.pct_of_peak_sustained_elapsed","%","16.96"
"836","583630","python3.8","127.0.0.1","void cudnn::bn_fw_inf_1C11_kernel_NCHW<float, float, (bool)1, (int)1>(T2, T2, cudnnTensorStruct, const T1 *, cudnnTensorStruct, T1 *, cudnnTensorStruct, const T2 *, const T2 *, const T2 *, const T2 *, T2)","1","7","(64, 1, 1)","(512, 64, 1)","0","8.0","Command line profiler metrics","dram__throughput.avg.pct_of_peak_sustained_elapsed","%","7.30"
"836","583630","python3.8","127.0.0.1","void cudnn::bn_fw_inf_1C11_kernel_NCHW<float, float, (bool)1, (int)1>(T2, T2, cudnnTensorStruct, const T1 *, cudnnTensorStruct, T1 *, cudnnTensorStruct, const T2 *, const T2 *, const T2 *, const T2 *, T2)","1","7","(64, 1, 1)","(512, 64, 1)","0","8.0","Command line profiler metrics","gpu__time_duration.sum","nsecond","45568"
"836","583630","python3.8","127.0.0.1","void cudnn::bn_fw_inf_1C11_kernel_NCHW<float, float, (bool)1, (int)1>(T2, T2, cudnnTensorStruct, const T1 *, cudnnTensorStruct, T1 *, cudnnTensorStruct, const T2 *, const T2 *, const T2 *, const T2 *, T2)","1","7","(64, 1, 1)","(512, 64, 1)","0","8.0","Command line profiler metrics","lts__t_sectors.avg.pct_of_peak_sustained_elapsed","%","6.71"
"837","583630","python3.8","127.0.0.1","void at::native::vectorized_elementwise_kernel<(int)4, at::native::<unnamed>::launch_clamp_scalar(at::TensorIteratorBase &, c10::Scalar, c10::Scalar, at::native::detail::ClampLimits)::[lambda() (instance 1)]::operator ()() const::[lambda() (instance 14)]::operator ()() const::[lambda(float) (instance 1)], at::detail::Array<char *, (int)2>>(int, T2, T3)","1","7","(128, 1, 1)","(3136, 1, 1)","0","8.0","Command line profiler metrics","dram__throughput.avg.pct_of_peak_sustained_elapsed","%","28.29"
"837","583630","python3.8","127.0.0.1","void at::native::vectorized_elementwise_kernel<(int)4, at::native::<unnamed>::launch_clamp_scalar(at::TensorIteratorBase &, c10::Scalar, c10::Scalar, at::native::detail::ClampLimits)::[lambda() (instance 1)]::operator ()() const::[lambda() (instance 14)]::operator ()() const::[lambda(float) (instance 1)], at::detail::Array<char *, (int)2>>(int, T2, T3)","1","7","(128, 1, 1)","(3136, 1, 1)","0","8.0","Command line profiler metrics","gpu__time_duration.sum","nsecond","11808"
"837","583630","python3.8","127.0.0.1","void at::native::vectorized_elementwise_kernel<(int)4, at::native::<unnamed>::launch_clamp_scalar(at::TensorIteratorBase &, c10::Scalar, c10::Scalar, at::native::detail::ClampLimits)::[lambda() (instance 1)]::operator ()() const::[lambda() (instance 14)]::operator ()() const::[lambda(float) (instance 1)], at::detail::Array<char *, (int)2>>(int, T2, T3)","1","7","(128, 1, 1)","(3136, 1, 1)","0","8.0","Command line profiler metrics","lts__t_sectors.avg.pct_of_peak_sustained_elapsed","%","22.39"
"838","583630","python3.8","127.0.0.1","void cudnn::ops::nchwToNhwcKernel<float, float, float, (bool)0, (bool)1, (cudnnKernelDataType_t)2>(cudnn::ops::nchw2nhwc_params_t<T3>, const T1 *, T2 *)","1","7","(256, 1, 1)","(2, 16, 64)","0","8.0","Command line profiler metrics","dram__throughput.avg.pct_of_peak_sustained_elapsed","%","21.33"
"838","583630","python3.8","127.0.0.1","void cudnn::ops::nchwToNhwcKernel<float, float, float, (bool)0, (bool)1, (cudnnKernelDataType_t)2>(cudnn::ops::nchw2nhwc_params_t<T3>, const T1 *, T2 *)","1","7","(256, 1, 1)","(2, 16, 64)","0","8.0","Command line profiler metrics","gpu__time_duration.sum","nsecond","15648"
"838","583630","python3.8","127.0.0.1","void cudnn::ops::nchwToNhwcKernel<float, float, float, (bool)0, (bool)1, (cudnnKernelDataType_t)2>(cudnn::ops::nchw2nhwc_params_t<T3>, const T1 *, T2 *)","1","7","(256, 1, 1)","(2, 16, 64)","0","8.0","Command line profiler metrics","lts__t_sectors.avg.pct_of_peak_sustained_elapsed","%","19.06"
"839","583630","python3.8","127.0.0.1","void cudnn::ops::nchwToNhwcKernel<float, float, float, (bool)0, (bool)1, (cudnnKernelDataType_t)2>(cudnn::ops::nchw2nhwc_params_t<T3>, const T1 *, T2 *)","1","7","(256, 1, 1)","(1, 16, 512)","0","8.0","Command line profiler metrics","dram__throughput.avg.pct_of_peak_sustained_elapsed","%","11.05"
"839","583630","python3.8","127.0.0.1","void cudnn::ops::nchwToNhwcKernel<float, float, float, (bool)0, (bool)1, (cudnnKernelDataType_t)2>(cudnn::ops::nchw2nhwc_params_t<T3>, const T1 *, T2 *)","1","7","(256, 1, 1)","(1, 16, 512)","0","8.0","Command line profiler metrics","gpu__time_duration.sum","nsecond","44352"
"839","583630","python3.8","127.0.0.1","void cudnn::ops::nchwToNhwcKernel<float, float, float, (bool)0, (bool)1, (cudnnKernelDataType_t)2>(cudnn::ops::nchw2nhwc_params_t<T3>, const T1 *, T2 *)","1","7","(256, 1, 1)","(1, 16, 512)","0","8.0","Command line profiler metrics","lts__t_sectors.avg.pct_of_peak_sustained_elapsed","%","8.94"
"840","583630","python3.8","127.0.0.1","void cutlass_cudnn::Kernel<cutlass_tensorop_s1688fprop_optimized_tf32_128x128_32x4_nhwc_align4>(T1::Params)","1","7","(128, 1, 1)","(100, 1, 1)","0","8.0","Command line profiler metrics","dram__throughput.avg.pct_of_peak_sustained_elapsed","%","2.87"
"840","583630","python3.8","127.0.0.1","void cutlass_cudnn::Kernel<cutlass_tensorop_s1688fprop_optimized_tf32_128x128_32x4_nhwc_align4>(T1::Params)","1","7","(128, 1, 1)","(100, 1, 1)","0","8.0","Command line profiler metrics","gpu__time_duration.sum","nsecond","304160"
"840","583630","python3.8","127.0.0.1","void cutlass_cudnn::Kernel<cutlass_tensorop_s1688fprop_optimized_tf32_128x128_32x4_nhwc_align4>(T1::Params)","1","7","(128, 1, 1)","(100, 1, 1)","0","8.0","Command line profiler metrics","lts__t_sectors.avg.pct_of_peak_sustained_elapsed","%","12.30"
"841","583630","python3.8","127.0.0.1","void cudnn::ops::nhwcToNchwKernel<float, float, float, (bool)1, (bool)0, (cudnnKernelDataType_t)0>(cudnn::ops::nhwc2nchw_params_t<T3>, const T1 *, T2 *)","1","7","(256, 1, 1)","(2, 16, 64)","0","8.0","Command line profiler metrics","dram__throughput.avg.pct_of_peak_sustained_elapsed","%","18.62"
"841","583630","python3.8","127.0.0.1","void cudnn::ops::nhwcToNchwKernel<float, float, float, (bool)1, (bool)0, (cudnnKernelDataType_t)0>(cudnn::ops::nhwc2nchw_params_t<T3>, const T1 *, T2 *)","1","7","(256, 1, 1)","(2, 16, 64)","0","8.0","Command line profiler metrics","gpu__time_duration.sum","nsecond","17888"
"841","583630","python3.8","127.0.0.1","void cudnn::ops::nhwcToNchwKernel<float, float, float, (bool)1, (bool)0, (cudnnKernelDataType_t)0>(cudnn::ops::nhwc2nchw_params_t<T3>, const T1 *, T2 *)","1","7","(256, 1, 1)","(2, 16, 64)","0","8.0","Command line profiler metrics","lts__t_sectors.avg.pct_of_peak_sustained_elapsed","%","17.05"
"842","583630","python3.8","127.0.0.1","void cudnn::bn_fw_inf_1C11_kernel_NCHW<float, float, (bool)1, (int)1>(T2, T2, cudnnTensorStruct, const T1 *, cudnnTensorStruct, T1 *, cudnnTensorStruct, const T2 *, const T2 *, const T2 *, const T2 *, T2)","1","7","(64, 1, 1)","(512, 64, 1)","0","8.0","Command line profiler metrics","dram__throughput.avg.pct_of_peak_sustained_elapsed","%","7.40"
"842","583630","python3.8","127.0.0.1","void cudnn::bn_fw_inf_1C11_kernel_NCHW<float, float, (bool)1, (int)1>(T2, T2, cudnnTensorStruct, const T1 *, cudnnTensorStruct, T1 *, cudnnTensorStruct, const T2 *, const T2 *, const T2 *, const T2 *, T2)","1","7","(64, 1, 1)","(512, 64, 1)","0","8.0","Command line profiler metrics","gpu__time_duration.sum","nsecond","44992"
"842","583630","python3.8","127.0.0.1","void cudnn::bn_fw_inf_1C11_kernel_NCHW<float, float, (bool)1, (int)1>(T2, T2, cudnnTensorStruct, const T1 *, cudnnTensorStruct, T1 *, cudnnTensorStruct, const T2 *, const T2 *, const T2 *, const T2 *, T2)","1","7","(64, 1, 1)","(512, 64, 1)","0","8.0","Command line profiler metrics","lts__t_sectors.avg.pct_of_peak_sustained_elapsed","%","6.99"
"843","583630","python3.8","127.0.0.1","void at::native::vectorized_elementwise_kernel<(int)4, at::native::<unnamed>::launch_clamp_scalar(at::TensorIteratorBase &, c10::Scalar, c10::Scalar, at::native::detail::ClampLimits)::[lambda() (instance 1)]::operator ()() const::[lambda() (instance 14)]::operator ()() const::[lambda(float) (instance 1)], at::detail::Array<char *, (int)2>>(int, T2, T3)","1","7","(128, 1, 1)","(3136, 1, 1)","0","8.0","Command line profiler metrics","dram__throughput.avg.pct_of_peak_sustained_elapsed","%","28.60"
"843","583630","python3.8","127.0.0.1","void at::native::vectorized_elementwise_kernel<(int)4, at::native::<unnamed>::launch_clamp_scalar(at::TensorIteratorBase &, c10::Scalar, c10::Scalar, at::native::detail::ClampLimits)::[lambda() (instance 1)]::operator ()() const::[lambda() (instance 14)]::operator ()() const::[lambda(float) (instance 1)], at::detail::Array<char *, (int)2>>(int, T2, T3)","1","7","(128, 1, 1)","(3136, 1, 1)","0","8.0","Command line profiler metrics","gpu__time_duration.sum","nsecond","11680"
"843","583630","python3.8","127.0.0.1","void at::native::vectorized_elementwise_kernel<(int)4, at::native::<unnamed>::launch_clamp_scalar(at::TensorIteratorBase &, c10::Scalar, c10::Scalar, at::native::detail::ClampLimits)::[lambda() (instance 1)]::operator ()() const::[lambda() (instance 14)]::operator ()() const::[lambda(float) (instance 1)], at::detail::Array<char *, (int)2>>(int, T2, T3)","1","7","(128, 1, 1)","(3136, 1, 1)","0","8.0","Command line profiler metrics","lts__t_sectors.avg.pct_of_peak_sustained_elapsed","%","22.14"
"844","583630","python3.8","127.0.0.1","void cudnn::ops::nchwToNhwcKernel<float, float, float, (bool)0, (bool)1, (cudnnKernelDataType_t)2>(cudnn::ops::nchw2nhwc_params_t<T3>, const T1 *, T2 *)","1","7","(256, 1, 1)","(2, 16, 64)","0","8.0","Command line profiler metrics","dram__throughput.avg.pct_of_peak_sustained_elapsed","%","21.96"
"844","583630","python3.8","127.0.0.1","void cudnn::ops::nchwToNhwcKernel<float, float, float, (bool)0, (bool)1, (cudnnKernelDataType_t)2>(cudnn::ops::nchw2nhwc_params_t<T3>, const T1 *, T2 *)","1","7","(256, 1, 1)","(2, 16, 64)","0","8.0","Command line profiler metrics","gpu__time_duration.sum","nsecond","15200"
"844","583630","python3.8","127.0.0.1","void cudnn::ops::nchwToNhwcKernel<float, float, float, (bool)0, (bool)1, (cudnnKernelDataType_t)2>(cudnn::ops::nchw2nhwc_params_t<T3>, const T1 *, T2 *)","1","7","(256, 1, 1)","(2, 16, 64)","0","8.0","Command line profiler metrics","lts__t_sectors.avg.pct_of_peak_sustained_elapsed","%","20.04"
"845","583630","python3.8","127.0.0.1","void cudnn::ops::nchwToNhwcKernel<float, float, float, (bool)0, (bool)1, (cudnnKernelDataType_t)2>(cudnn::ops::nchw2nhwc_params_t<T3>, const T1 *, T2 *)","1","7","(256, 1, 1)","(1, 16, 2048)","0","8.0","Command line profiler metrics","dram__throughput.avg.pct_of_peak_sustained_elapsed","%","1.48"
"845","583630","python3.8","127.0.0.1","void cudnn::ops::nchwToNhwcKernel<float, float, float, (bool)0, (bool)1, (cudnnKernelDataType_t)2>(cudnn::ops::nchw2nhwc_params_t<T3>, const T1 *, T2 *)","1","7","(256, 1, 1)","(1, 16, 2048)","0","8.0","Command line profiler metrics","gpu__time_duration.sum","nsecond","146592"
"845","583630","python3.8","127.0.0.1","void cudnn::ops::nchwToNhwcKernel<float, float, float, (bool)0, (bool)1, (cudnnKernelDataType_t)2>(cudnn::ops::nchw2nhwc_params_t<T3>, const T1 *, T2 *)","1","7","(256, 1, 1)","(1, 16, 2048)","0","8.0","Command line profiler metrics","lts__t_sectors.avg.pct_of_peak_sustained_elapsed","%","1.26"
"846","583630","python3.8","127.0.0.1","void cutlass_cudnn::Kernel<cutlass_tensorop_s1688fprop_optimized_tf32_128x128_16x4_nhwc_align4>(T1::Params)","1","7","(128, 1, 1)","(100, 4, 1)","0","8.0","Command line profiler metrics","dram__throughput.avg.pct_of_peak_sustained_elapsed","%","7.58"
"846","583630","python3.8","127.0.0.1","void cutlass_cudnn::Kernel<cutlass_tensorop_s1688fprop_optimized_tf32_128x128_16x4_nhwc_align4>(T1::Params)","1","7","(128, 1, 1)","(100, 4, 1)","0","8.0","Command line profiler metrics","gpu__time_duration.sum","nsecond","144672"
"846","583630","python3.8","127.0.0.1","void cutlass_cudnn::Kernel<cutlass_tensorop_s1688fprop_optimized_tf32_128x128_16x4_nhwc_align4>(T1::Params)","1","7","(128, 1, 1)","(100, 4, 1)","0","8.0","Command line profiler metrics","lts__t_sectors.avg.pct_of_peak_sustained_elapsed","%","23.34"
"847","583630","python3.8","127.0.0.1","void cudnn::ops::nhwcToNchwKernel<float, float, float, (bool)1, (bool)0, (cudnnKernelDataType_t)0>(cudnn::ops::nhwc2nchw_params_t<T3>, const T1 *, T2 *)","1","7","(256, 1, 1)","(2, 64, 64)","0","8.0","Command line profiler metrics","dram__throughput.avg.pct_of_peak_sustained_elapsed","%","37.89"
"847","583630","python3.8","127.0.0.1","void cudnn::ops::nhwcToNchwKernel<float, float, float, (bool)1, (bool)0, (cudnnKernelDataType_t)0>(cudnn::ops::nhwc2nchw_params_t<T3>, const T1 *, T2 *)","1","7","(256, 1, 1)","(2, 64, 64)","0","8.0","Command line profiler metrics","gpu__time_duration.sum","nsecond","52928"
"847","583630","python3.8","127.0.0.1","void cudnn::ops::nhwcToNchwKernel<float, float, float, (bool)1, (bool)0, (cudnnKernelDataType_t)0>(cudnn::ops::nhwc2nchw_params_t<T3>, const T1 *, T2 *)","1","7","(256, 1, 1)","(2, 64, 64)","0","8.0","Command line profiler metrics","lts__t_sectors.avg.pct_of_peak_sustained_elapsed","%","25.56"
"848","583630","python3.8","127.0.0.1","void cudnn::bn_fw_inf_1C11_kernel_NCHW<float, float, (bool)1, (int)1>(T2, T2, cudnnTensorStruct, const T1 *, cudnnTensorStruct, T1 *, cudnnTensorStruct, const T2 *, const T2 *, const T2 *, const T2 *, T2)","1","7","(64, 1, 1)","(2048, 64, 1)","0","8.0","Command line profiler metrics","dram__throughput.avg.pct_of_peak_sustained_elapsed","%","12.98"
"848","583630","python3.8","127.0.0.1","void cudnn::bn_fw_inf_1C11_kernel_NCHW<float, float, (bool)1, (int)1>(T2, T2, cudnnTensorStruct, const T1 *, cudnnTensorStruct, T1 *, cudnnTensorStruct, const T2 *, const T2 *, const T2 *, const T2 *, T2)","1","7","(64, 1, 1)","(2048, 64, 1)","0","8.0","Command line profiler metrics","gpu__time_duration.sum","nsecond","156960"
"848","583630","python3.8","127.0.0.1","void cudnn::bn_fw_inf_1C11_kernel_NCHW<float, float, (bool)1, (int)1>(T2, T2, cudnnTensorStruct, const T1 *, cudnnTensorStruct, T1 *, cudnnTensorStruct, const T2 *, const T2 *, const T2 *, const T2 *, T2)","1","7","(64, 1, 1)","(2048, 64, 1)","0","8.0","Command line profiler metrics","lts__t_sectors.avg.pct_of_peak_sustained_elapsed","%","8.83"
"849","583630","python3.8","127.0.0.1","void at::native::vectorized_elementwise_kernel<(int)4, at::native::CUDAFunctor_add<float>, at::detail::Array<char *, (int)3>>(int, T2, T3)","1","7","(128, 1, 1)","(12544, 1, 1)","0","8.0","Command line profiler metrics","dram__throughput.avg.pct_of_peak_sustained_elapsed","%","78.67"
"849","583630","python3.8","127.0.0.1","void at::native::vectorized_elementwise_kernel<(int)4, at::native::CUDAFunctor_add<float>, at::detail::Array<char *, (int)3>>(int, T2, T3)","1","7","(128, 1, 1)","(12544, 1, 1)","0","8.0","Command line profiler metrics","gpu__time_duration.sum","nsecond","41440"
"849","583630","python3.8","127.0.0.1","void at::native::vectorized_elementwise_kernel<(int)4, at::native::CUDAFunctor_add<float>, at::detail::Array<char *, (int)3>>(int, T2, T3)","1","7","(128, 1, 1)","(12544, 1, 1)","0","8.0","Command line profiler metrics","lts__t_sectors.avg.pct_of_peak_sustained_elapsed","%","40.14"
"850","583630","python3.8","127.0.0.1","void at::native::vectorized_elementwise_kernel<(int)4, at::native::<unnamed>::launch_clamp_scalar(at::TensorIteratorBase &, c10::Scalar, c10::Scalar, at::native::detail::ClampLimits)::[lambda() (instance 1)]::operator ()() const::[lambda() (instance 14)]::operator ()() const::[lambda(float) (instance 1)], at::detail::Array<char *, (int)2>>(int, T2, T3)","1","7","(128, 1, 1)","(12544, 1, 1)","0","8.0","Command line profiler metrics","dram__throughput.avg.pct_of_peak_sustained_elapsed","%","50.77"
"850","583630","python3.8","127.0.0.1","void at::native::vectorized_elementwise_kernel<(int)4, at::native::<unnamed>::launch_clamp_scalar(at::TensorIteratorBase &, c10::Scalar, c10::Scalar, at::native::detail::ClampLimits)::[lambda() (instance 1)]::operator ()() const::[lambda() (instance 14)]::operator ()() const::[lambda(float) (instance 1)], at::detail::Array<char *, (int)2>>(int, T2, T3)","1","7","(128, 1, 1)","(12544, 1, 1)","0","8.0","Command line profiler metrics","gpu__time_duration.sum","nsecond","33504"
"850","583630","python3.8","127.0.0.1","void at::native::vectorized_elementwise_kernel<(int)4, at::native::<unnamed>::launch_clamp_scalar(at::TensorIteratorBase &, c10::Scalar, c10::Scalar, at::native::detail::ClampLimits)::[lambda() (instance 1)]::operator ()() const::[lambda() (instance 14)]::operator ()() const::[lambda(float) (instance 1)], at::detail::Array<char *, (int)2>>(int, T2, T3)","1","7","(128, 1, 1)","(12544, 1, 1)","0","8.0","Command line profiler metrics","lts__t_sectors.avg.pct_of_peak_sustained_elapsed","%","30.09"
"851","583630","python3.8","127.0.0.1","void cudnn::ops::nchwToNhwcKernel<float, float, float, (bool)0, (bool)1, (cudnnKernelDataType_t)2>(cudnn::ops::nchw2nhwc_params_t<T3>, const T1 *, T2 *)","1","7","(256, 1, 1)","(2, 64, 64)","0","8.0","Command line profiler metrics","dram__throughput.avg.pct_of_peak_sustained_elapsed","%","42.35"
"851","583630","python3.8","127.0.0.1","void cudnn::ops::nchwToNhwcKernel<float, float, float, (bool)0, (bool)1, (cudnnKernelDataType_t)2>(cudnn::ops::nchw2nhwc_params_t<T3>, const T1 *, T2 *)","1","7","(256, 1, 1)","(2, 64, 64)","0","8.0","Command line profiler metrics","gpu__time_duration.sum","nsecond","48384"
"851","583630","python3.8","127.0.0.1","void cudnn::ops::nchwToNhwcKernel<float, float, float, (bool)0, (bool)1, (cudnnKernelDataType_t)2>(cudnn::ops::nchw2nhwc_params_t<T3>, const T1 *, T2 *)","1","7","(256, 1, 1)","(2, 64, 64)","0","8.0","Command line profiler metrics","lts__t_sectors.avg.pct_of_peak_sustained_elapsed","%","28.85"
"852","583630","python3.8","127.0.0.1","void cudnn::ops::nchwToNhwcKernel<float, float, float, (bool)0, (bool)1, (cudnnKernelDataType_t)2>(cudnn::ops::nchw2nhwc_params_t<T3>, const T1 *, T2 *)","1","7","(256, 1, 1)","(1, 64, 512)","0","8.0","Command line profiler metrics","dram__throughput.avg.pct_of_peak_sustained_elapsed","%","1.51"
"852","583630","python3.8","127.0.0.1","void cudnn::ops::nchwToNhwcKernel<float, float, float, (bool)0, (bool)1, (cudnnKernelDataType_t)2>(cudnn::ops::nchw2nhwc_params_t<T3>, const T1 *, T2 *)","1","7","(256, 1, 1)","(1, 64, 512)","0","8.0","Command line profiler metrics","gpu__time_duration.sum","nsecond","144096"
"852","583630","python3.8","127.0.0.1","void cudnn::ops::nchwToNhwcKernel<float, float, float, (bool)0, (bool)1, (cudnnKernelDataType_t)2>(cudnn::ops::nchw2nhwc_params_t<T3>, const T1 *, T2 *)","1","7","(256, 1, 1)","(1, 64, 512)","0","8.0","Command line profiler metrics","lts__t_sectors.avg.pct_of_peak_sustained_elapsed","%","1.18"
"853","583630","python3.8","127.0.0.1","void cutlass_cudnn::Kernel<cutlass_tensorop_s1688fprop_optimized_tf32_128x128_16x4_nhwc_align4>(T1::Params)","1","7","(128, 1, 1)","(100, 1, 1)","0","8.0","Command line profiler metrics","dram__throughput.avg.pct_of_peak_sustained_elapsed","%","11.53"
"853","583630","python3.8","127.0.0.1","void cutlass_cudnn::Kernel<cutlass_tensorop_s1688fprop_optimized_tf32_128x128_16x4_nhwc_align4>(T1::Params)","1","7","(128, 1, 1)","(100, 1, 1)","0","8.0","Command line profiler metrics","gpu__time_duration.sum","nsecond","141792"
"853","583630","python3.8","127.0.0.1","void cutlass_cudnn::Kernel<cutlass_tensorop_s1688fprop_optimized_tf32_128x128_16x4_nhwc_align4>(T1::Params)","1","7","(128, 1, 1)","(100, 1, 1)","0","8.0","Command line profiler metrics","lts__t_sectors.avg.pct_of_peak_sustained_elapsed","%","23.36"
"854","583630","python3.8","127.0.0.1","void cudnn::ops::nhwcToNchwKernel<float, float, float, (bool)1, (bool)0, (cudnnKernelDataType_t)0>(cudnn::ops::nhwc2nchw_params_t<T3>, const T1 *, T2 *)","1","7","(256, 1, 1)","(2, 16, 64)","0","8.0","Command line profiler metrics","dram__throughput.avg.pct_of_peak_sustained_elapsed","%","18.53"
"854","583630","python3.8","127.0.0.1","void cudnn::ops::nhwcToNchwKernel<float, float, float, (bool)1, (bool)0, (cudnnKernelDataType_t)0>(cudnn::ops::nhwc2nchw_params_t<T3>, const T1 *, T2 *)","1","7","(256, 1, 1)","(2, 16, 64)","0","8.0","Command line profiler metrics","gpu__time_duration.sum","nsecond","17984"
"854","583630","python3.8","127.0.0.1","void cudnn::ops::nhwcToNchwKernel<float, float, float, (bool)1, (bool)0, (cudnnKernelDataType_t)0>(cudnn::ops::nhwc2nchw_params_t<T3>, const T1 *, T2 *)","1","7","(256, 1, 1)","(2, 16, 64)","0","8.0","Command line profiler metrics","lts__t_sectors.avg.pct_of_peak_sustained_elapsed","%","16.72"
"855","583630","python3.8","127.0.0.1","void cudnn::bn_fw_inf_1C11_kernel_NCHW<float, float, (bool)1, (int)1>(T2, T2, cudnnTensorStruct, const T1 *, cudnnTensorStruct, T1 *, cudnnTensorStruct, const T2 *, const T2 *, const T2 *, const T2 *, T2)","1","7","(64, 1, 1)","(512, 64, 1)","0","8.0","Command line profiler metrics","dram__throughput.avg.pct_of_peak_sustained_elapsed","%","7.33"
"855","583630","python3.8","127.0.0.1","void cudnn::bn_fw_inf_1C11_kernel_NCHW<float, float, (bool)1, (int)1>(T2, T2, cudnnTensorStruct, const T1 *, cudnnTensorStruct, T1 *, cudnnTensorStruct, const T2 *, const T2 *, const T2 *, const T2 *, T2)","1","7","(64, 1, 1)","(512, 64, 1)","0","8.0","Command line profiler metrics","gpu__time_duration.sum","nsecond","45440"
"855","583630","python3.8","127.0.0.1","void cudnn::bn_fw_inf_1C11_kernel_NCHW<float, float, (bool)1, (int)1>(T2, T2, cudnnTensorStruct, const T1 *, cudnnTensorStruct, T1 *, cudnnTensorStruct, const T2 *, const T2 *, const T2 *, const T2 *, T2)","1","7","(64, 1, 1)","(512, 64, 1)","0","8.0","Command line profiler metrics","lts__t_sectors.avg.pct_of_peak_sustained_elapsed","%","6.76"
"856","583630","python3.8","127.0.0.1","void at::native::vectorized_elementwise_kernel<(int)4, at::native::<unnamed>::launch_clamp_scalar(at::TensorIteratorBase &, c10::Scalar, c10::Scalar, at::native::detail::ClampLimits)::[lambda() (instance 1)]::operator ()() const::[lambda() (instance 14)]::operator ()() const::[lambda(float) (instance 1)], at::detail::Array<char *, (int)2>>(int, T2, T3)","1","7","(128, 1, 1)","(3136, 1, 1)","0","8.0","Command line profiler metrics","dram__throughput.avg.pct_of_peak_sustained_elapsed","%","27.80"
"856","583630","python3.8","127.0.0.1","void at::native::vectorized_elementwise_kernel<(int)4, at::native::<unnamed>::launch_clamp_scalar(at::TensorIteratorBase &, c10::Scalar, c10::Scalar, at::native::detail::ClampLimits)::[lambda() (instance 1)]::operator ()() const::[lambda() (instance 14)]::operator ()() const::[lambda(float) (instance 1)], at::detail::Array<char *, (int)2>>(int, T2, T3)","1","7","(128, 1, 1)","(3136, 1, 1)","0","8.0","Command line profiler metrics","gpu__time_duration.sum","nsecond","12032"
"856","583630","python3.8","127.0.0.1","void at::native::vectorized_elementwise_kernel<(int)4, at::native::<unnamed>::launch_clamp_scalar(at::TensorIteratorBase &, c10::Scalar, c10::Scalar, at::native::detail::ClampLimits)::[lambda() (instance 1)]::operator ()() const::[lambda() (instance 14)]::operator ()() const::[lambda(float) (instance 1)], at::detail::Array<char *, (int)2>>(int, T2, T3)","1","7","(128, 1, 1)","(3136, 1, 1)","0","8.0","Command line profiler metrics","lts__t_sectors.avg.pct_of_peak_sustained_elapsed","%","21.90"
"857","583630","python3.8","127.0.0.1","void cudnn::ops::nchwToNhwcKernel<float, float, float, (bool)0, (bool)1, (cudnnKernelDataType_t)2>(cudnn::ops::nchw2nhwc_params_t<T3>, const T1 *, T2 *)","1","7","(256, 1, 1)","(2, 16, 64)","0","8.0","Command line profiler metrics","dram__throughput.avg.pct_of_peak_sustained_elapsed","%","21.28"
"857","583630","python3.8","127.0.0.1","void cudnn::ops::nchwToNhwcKernel<float, float, float, (bool)0, (bool)1, (cudnnKernelDataType_t)2>(cudnn::ops::nchw2nhwc_params_t<T3>, const T1 *, T2 *)","1","7","(256, 1, 1)","(2, 16, 64)","0","8.0","Command line profiler metrics","gpu__time_duration.sum","nsecond","15648"
"857","583630","python3.8","127.0.0.1","void cudnn::ops::nchwToNhwcKernel<float, float, float, (bool)0, (bool)1, (cudnnKernelDataType_t)2>(cudnn::ops::nchw2nhwc_params_t<T3>, const T1 *, T2 *)","1","7","(256, 1, 1)","(2, 16, 64)","0","8.0","Command line profiler metrics","lts__t_sectors.avg.pct_of_peak_sustained_elapsed","%","19.13"
"858","583630","python3.8","127.0.0.1","void cudnn::ops::nchwToNhwcKernel<float, float, float, (bool)0, (bool)1, (cudnnKernelDataType_t)2>(cudnn::ops::nchw2nhwc_params_t<T3>, const T1 *, T2 *)","1","7","(256, 1, 1)","(1, 16, 512)","0","8.0","Command line profiler metrics","dram__throughput.avg.pct_of_peak_sustained_elapsed","%","11.01"
"858","583630","python3.8","127.0.0.1","void cudnn::ops::nchwToNhwcKernel<float, float, float, (bool)0, (bool)1, (cudnnKernelDataType_t)2>(cudnn::ops::nchw2nhwc_params_t<T3>, const T1 *, T2 *)","1","7","(256, 1, 1)","(1, 16, 512)","0","8.0","Command line profiler metrics","gpu__time_duration.sum","nsecond","44544"
"858","583630","python3.8","127.0.0.1","void cudnn::ops::nchwToNhwcKernel<float, float, float, (bool)0, (bool)1, (cudnnKernelDataType_t)2>(cudnn::ops::nchw2nhwc_params_t<T3>, const T1 *, T2 *)","1","7","(256, 1, 1)","(1, 16, 512)","0","8.0","Command line profiler metrics","lts__t_sectors.avg.pct_of_peak_sustained_elapsed","%","9.01"
"859","583630","python3.8","127.0.0.1","void cutlass_cudnn::Kernel<cutlass_tensorop_s1688fprop_optimized_tf32_128x128_32x4_nhwc_align4>(T1::Params)","1","7","(128, 1, 1)","(100, 1, 1)","0","8.0","Command line profiler metrics","dram__throughput.avg.pct_of_peak_sustained_elapsed","%","2.83"
"859","583630","python3.8","127.0.0.1","void cutlass_cudnn::Kernel<cutlass_tensorop_s1688fprop_optimized_tf32_128x128_32x4_nhwc_align4>(T1::Params)","1","7","(128, 1, 1)","(100, 1, 1)","0","8.0","Command line profiler metrics","gpu__time_duration.sum","nsecond","303456"
"859","583630","python3.8","127.0.0.1","void cutlass_cudnn::Kernel<cutlass_tensorop_s1688fprop_optimized_tf32_128x128_32x4_nhwc_align4>(T1::Params)","1","7","(128, 1, 1)","(100, 1, 1)","0","8.0","Command line profiler metrics","lts__t_sectors.avg.pct_of_peak_sustained_elapsed","%","12.33"
"860","583630","python3.8","127.0.0.1","void cudnn::ops::nhwcToNchwKernel<float, float, float, (bool)1, (bool)0, (cudnnKernelDataType_t)0>(cudnn::ops::nhwc2nchw_params_t<T3>, const T1 *, T2 *)","1","7","(256, 1, 1)","(2, 16, 64)","0","8.0","Command line profiler metrics","dram__throughput.avg.pct_of_peak_sustained_elapsed","%","18.04"
"860","583630","python3.8","127.0.0.1","void cudnn::ops::nhwcToNchwKernel<float, float, float, (bool)1, (bool)0, (cudnnKernelDataType_t)0>(cudnn::ops::nhwc2nchw_params_t<T3>, const T1 *, T2 *)","1","7","(256, 1, 1)","(2, 16, 64)","0","8.0","Command line profiler metrics","gpu__time_duration.sum","nsecond","18496"
"860","583630","python3.8","127.0.0.1","void cudnn::ops::nhwcToNchwKernel<float, float, float, (bool)1, (bool)0, (cudnnKernelDataType_t)0>(cudnn::ops::nhwc2nchw_params_t<T3>, const T1 *, T2 *)","1","7","(256, 1, 1)","(2, 16, 64)","0","8.0","Command line profiler metrics","lts__t_sectors.avg.pct_of_peak_sustained_elapsed","%","16.77"
"861","583630","python3.8","127.0.0.1","void cudnn::bn_fw_inf_1C11_kernel_NCHW<float, float, (bool)1, (int)1>(T2, T2, cudnnTensorStruct, const T1 *, cudnnTensorStruct, T1 *, cudnnTensorStruct, const T2 *, const T2 *, const T2 *, const T2 *, T2)","1","7","(64, 1, 1)","(512, 64, 1)","0","8.0","Command line profiler metrics","dram__throughput.avg.pct_of_peak_sustained_elapsed","%","7.39"
"861","583630","python3.8","127.0.0.1","void cudnn::bn_fw_inf_1C11_kernel_NCHW<float, float, (bool)1, (int)1>(T2, T2, cudnnTensorStruct, const T1 *, cudnnTensorStruct, T1 *, cudnnTensorStruct, const T2 *, const T2 *, const T2 *, const T2 *, T2)","1","7","(64, 1, 1)","(512, 64, 1)","0","8.0","Command line profiler metrics","gpu__time_duration.sum","nsecond","45088"
"861","583630","python3.8","127.0.0.1","void cudnn::bn_fw_inf_1C11_kernel_NCHW<float, float, (bool)1, (int)1>(T2, T2, cudnnTensorStruct, const T1 *, cudnnTensorStruct, T1 *, cudnnTensorStruct, const T2 *, const T2 *, const T2 *, const T2 *, T2)","1","7","(64, 1, 1)","(512, 64, 1)","0","8.0","Command line profiler metrics","lts__t_sectors.avg.pct_of_peak_sustained_elapsed","%","6.91"
"862","583630","python3.8","127.0.0.1","void at::native::vectorized_elementwise_kernel<(int)4, at::native::<unnamed>::launch_clamp_scalar(at::TensorIteratorBase &, c10::Scalar, c10::Scalar, at::native::detail::ClampLimits)::[lambda() (instance 1)]::operator ()() const::[lambda() (instance 14)]::operator ()() const::[lambda(float) (instance 1)], at::detail::Array<char *, (int)2>>(int, T2, T3)","1","7","(128, 1, 1)","(3136, 1, 1)","0","8.0","Command line profiler metrics","dram__throughput.avg.pct_of_peak_sustained_elapsed","%","27.94"
"862","583630","python3.8","127.0.0.1","void at::native::vectorized_elementwise_kernel<(int)4, at::native::<unnamed>::launch_clamp_scalar(at::TensorIteratorBase &, c10::Scalar, c10::Scalar, at::native::detail::ClampLimits)::[lambda() (instance 1)]::operator ()() const::[lambda() (instance 14)]::operator ()() const::[lambda(float) (instance 1)], at::detail::Array<char *, (int)2>>(int, T2, T3)","1","7","(128, 1, 1)","(3136, 1, 1)","0","8.0","Command line profiler metrics","gpu__time_duration.sum","nsecond","11968"
"862","583630","python3.8","127.0.0.1","void at::native::vectorized_elementwise_kernel<(int)4, at::native::<unnamed>::launch_clamp_scalar(at::TensorIteratorBase &, c10::Scalar, c10::Scalar, at::native::detail::ClampLimits)::[lambda() (instance 1)]::operator ()() const::[lambda() (instance 14)]::operator ()() const::[lambda(float) (instance 1)], at::detail::Array<char *, (int)2>>(int, T2, T3)","1","7","(128, 1, 1)","(3136, 1, 1)","0","8.0","Command line profiler metrics","lts__t_sectors.avg.pct_of_peak_sustained_elapsed","%","21.90"
"863","583630","python3.8","127.0.0.1","void cudnn::ops::nchwToNhwcKernel<float, float, float, (bool)0, (bool)1, (cudnnKernelDataType_t)2>(cudnn::ops::nchw2nhwc_params_t<T3>, const T1 *, T2 *)","1","7","(256, 1, 1)","(2, 16, 64)","0","8.0","Command line profiler metrics","dram__throughput.avg.pct_of_peak_sustained_elapsed","%","21.41"
"863","583630","python3.8","127.0.0.1","void cudnn::ops::nchwToNhwcKernel<float, float, float, (bool)0, (bool)1, (cudnnKernelDataType_t)2>(cudnn::ops::nchw2nhwc_params_t<T3>, const T1 *, T2 *)","1","7","(256, 1, 1)","(2, 16, 64)","0","8.0","Command line profiler metrics","gpu__time_duration.sum","nsecond","15616"
"863","583630","python3.8","127.0.0.1","void cudnn::ops::nchwToNhwcKernel<float, float, float, (bool)0, (bool)1, (cudnnKernelDataType_t)2>(cudnn::ops::nchw2nhwc_params_t<T3>, const T1 *, T2 *)","1","7","(256, 1, 1)","(2, 16, 64)","0","8.0","Command line profiler metrics","lts__t_sectors.avg.pct_of_peak_sustained_elapsed","%","19.56"
"864","583630","python3.8","127.0.0.1","void cudnn::ops::nchwToNhwcKernel<float, float, float, (bool)0, (bool)1, (cudnnKernelDataType_t)2>(cudnn::ops::nchw2nhwc_params_t<T3>, const T1 *, T2 *)","1","7","(256, 1, 1)","(1, 16, 2048)","0","8.0","Command line profiler metrics","dram__throughput.avg.pct_of_peak_sustained_elapsed","%","1.48"
"864","583630","python3.8","127.0.0.1","void cudnn::ops::nchwToNhwcKernel<float, float, float, (bool)0, (bool)1, (cudnnKernelDataType_t)2>(cudnn::ops::nchw2nhwc_params_t<T3>, const T1 *, T2 *)","1","7","(256, 1, 1)","(1, 16, 2048)","0","8.0","Command line profiler metrics","gpu__time_duration.sum","nsecond","146624"
"864","583630","python3.8","127.0.0.1","void cudnn::ops::nchwToNhwcKernel<float, float, float, (bool)0, (bool)1, (cudnnKernelDataType_t)2>(cudnn::ops::nchw2nhwc_params_t<T3>, const T1 *, T2 *)","1","7","(256, 1, 1)","(1, 16, 2048)","0","8.0","Command line profiler metrics","lts__t_sectors.avg.pct_of_peak_sustained_elapsed","%","1.28"
"865","583630","python3.8","127.0.0.1","void cutlass_cudnn::Kernel<cutlass_tensorop_s1688fprop_optimized_tf32_128x128_16x4_nhwc_align4>(T1::Params)","1","7","(128, 1, 1)","(100, 4, 1)","0","8.0","Command line profiler metrics","dram__throughput.avg.pct_of_peak_sustained_elapsed","%","7.66"
"865","583630","python3.8","127.0.0.1","void cutlass_cudnn::Kernel<cutlass_tensorop_s1688fprop_optimized_tf32_128x128_16x4_nhwc_align4>(T1::Params)","1","7","(128, 1, 1)","(100, 4, 1)","0","8.0","Command line profiler metrics","gpu__time_duration.sum","nsecond","144672"
"865","583630","python3.8","127.0.0.1","void cutlass_cudnn::Kernel<cutlass_tensorop_s1688fprop_optimized_tf32_128x128_16x4_nhwc_align4>(T1::Params)","1","7","(128, 1, 1)","(100, 4, 1)","0","8.0","Command line profiler metrics","lts__t_sectors.avg.pct_of_peak_sustained_elapsed","%","23.38"
"866","583630","python3.8","127.0.0.1","void cudnn::ops::nhwcToNchwKernel<float, float, float, (bool)1, (bool)0, (cudnnKernelDataType_t)0>(cudnn::ops::nhwc2nchw_params_t<T3>, const T1 *, T2 *)","1","7","(256, 1, 1)","(2, 64, 64)","0","8.0","Command line profiler metrics","dram__throughput.avg.pct_of_peak_sustained_elapsed","%","37.92"
"866","583630","python3.8","127.0.0.1","void cudnn::ops::nhwcToNchwKernel<float, float, float, (bool)1, (bool)0, (cudnnKernelDataType_t)0>(cudnn::ops::nhwc2nchw_params_t<T3>, const T1 *, T2 *)","1","7","(256, 1, 1)","(2, 64, 64)","0","8.0","Command line profiler metrics","gpu__time_duration.sum","nsecond","52544"
"866","583630","python3.8","127.0.0.1","void cudnn::ops::nhwcToNchwKernel<float, float, float, (bool)1, (bool)0, (cudnnKernelDataType_t)0>(cudnn::ops::nhwc2nchw_params_t<T3>, const T1 *, T2 *)","1","7","(256, 1, 1)","(2, 64, 64)","0","8.0","Command line profiler metrics","lts__t_sectors.avg.pct_of_peak_sustained_elapsed","%","25.96"
"867","583630","python3.8","127.0.0.1","void cudnn::bn_fw_inf_1C11_kernel_NCHW<float, float, (bool)1, (int)1>(T2, T2, cudnnTensorStruct, const T1 *, cudnnTensorStruct, T1 *, cudnnTensorStruct, const T2 *, const T2 *, const T2 *, const T2 *, T2)","1","7","(64, 1, 1)","(2048, 64, 1)","0","8.0","Command line profiler metrics","dram__throughput.avg.pct_of_peak_sustained_elapsed","%","13.17"
"867","583630","python3.8","127.0.0.1","void cudnn::bn_fw_inf_1C11_kernel_NCHW<float, float, (bool)1, (int)1>(T2, T2, cudnnTensorStruct, const T1 *, cudnnTensorStruct, T1 *, cudnnTensorStruct, const T2 *, const T2 *, const T2 *, const T2 *, T2)","1","7","(64, 1, 1)","(2048, 64, 1)","0","8.0","Command line profiler metrics","gpu__time_duration.sum","nsecond","156000"
"867","583630","python3.8","127.0.0.1","void cudnn::bn_fw_inf_1C11_kernel_NCHW<float, float, (bool)1, (int)1>(T2, T2, cudnnTensorStruct, const T1 *, cudnnTensorStruct, T1 *, cudnnTensorStruct, const T2 *, const T2 *, const T2 *, const T2 *, T2)","1","7","(64, 1, 1)","(2048, 64, 1)","0","8.0","Command line profiler metrics","lts__t_sectors.avg.pct_of_peak_sustained_elapsed","%","8.93"
"868","583630","python3.8","127.0.0.1","void at::native::vectorized_elementwise_kernel<(int)4, at::native::CUDAFunctor_add<float>, at::detail::Array<char *, (int)3>>(int, T2, T3)","1","7","(128, 1, 1)","(12544, 1, 1)","0","8.0","Command line profiler metrics","dram__throughput.avg.pct_of_peak_sustained_elapsed","%","79.55"
"868","583630","python3.8","127.0.0.1","void at::native::vectorized_elementwise_kernel<(int)4, at::native::CUDAFunctor_add<float>, at::detail::Array<char *, (int)3>>(int, T2, T3)","1","7","(128, 1, 1)","(12544, 1, 1)","0","8.0","Command line profiler metrics","gpu__time_duration.sum","nsecond","41056"
"868","583630","python3.8","127.0.0.1","void at::native::vectorized_elementwise_kernel<(int)4, at::native::CUDAFunctor_add<float>, at::detail::Array<char *, (int)3>>(int, T2, T3)","1","7","(128, 1, 1)","(12544, 1, 1)","0","8.0","Command line profiler metrics","lts__t_sectors.avg.pct_of_peak_sustained_elapsed","%","40.74"
"869","583630","python3.8","127.0.0.1","void at::native::vectorized_elementwise_kernel<(int)4, at::native::<unnamed>::launch_clamp_scalar(at::TensorIteratorBase &, c10::Scalar, c10::Scalar, at::native::detail::ClampLimits)::[lambda() (instance 1)]::operator ()() const::[lambda() (instance 14)]::operator ()() const::[lambda(float) (instance 1)], at::detail::Array<char *, (int)2>>(int, T2, T3)","1","7","(128, 1, 1)","(12544, 1, 1)","0","8.0","Command line profiler metrics","dram__throughput.avg.pct_of_peak_sustained_elapsed","%","50.31"
"869","583630","python3.8","127.0.0.1","void at::native::vectorized_elementwise_kernel<(int)4, at::native::<unnamed>::launch_clamp_scalar(at::TensorIteratorBase &, c10::Scalar, c10::Scalar, at::native::detail::ClampLimits)::[lambda() (instance 1)]::operator ()() const::[lambda() (instance 14)]::operator ()() const::[lambda(float) (instance 1)], at::detail::Array<char *, (int)2>>(int, T2, T3)","1","7","(128, 1, 1)","(12544, 1, 1)","0","8.0","Command line profiler metrics","gpu__time_duration.sum","nsecond","33888"
"869","583630","python3.8","127.0.0.1","void at::native::vectorized_elementwise_kernel<(int)4, at::native::<unnamed>::launch_clamp_scalar(at::TensorIteratorBase &, c10::Scalar, c10::Scalar, at::native::detail::ClampLimits)::[lambda() (instance 1)]::operator ()() const::[lambda() (instance 14)]::operator ()() const::[lambda(float) (instance 1)], at::detail::Array<char *, (int)2>>(int, T2, T3)","1","7","(128, 1, 1)","(12544, 1, 1)","0","8.0","Command line profiler metrics","lts__t_sectors.avg.pct_of_peak_sustained_elapsed","%","29.62"
"870","583630","python3.8","127.0.0.1","void at::native::reduce_kernel<(int)512, (int)1, at::native::ReduceOp<float, at::native::MeanOps<float, float>, unsigned int, float, (int)4>>(T3)","1","7","(32, 16, 1)","(8192, 1, 1)","0","8.0","Command line profiler metrics","dram__throughput.avg.pct_of_peak_sustained_elapsed","%","12.59"
"870","583630","python3.8","127.0.0.1","void at::native::reduce_kernel<(int)512, (int)1, at::native::ReduceOp<float, at::native::MeanOps<float, float>, unsigned int, float, (int)4>>(T3)","1","7","(32, 16, 1)","(8192, 1, 1)","0","8.0","Command line profiler metrics","gpu__time_duration.sum","nsecond","109600"
"870","583630","python3.8","127.0.0.1","void at::native::reduce_kernel<(int)512, (int)1, at::native::ReduceOp<float, at::native::MeanOps<float, float>, unsigned int, float, (int)4>>(T3)","1","7","(32, 16, 1)","(8192, 1, 1)","0","8.0","Command line profiler metrics","lts__t_sectors.avg.pct_of_peak_sustained_elapsed","%","4.88"
"871","583630","python3.8","127.0.0.1","void cutlass::Kernel<cutlass_80_tensorop_s1688gemm_64x64_32x6_tn_align4>(T1::Params)","1","7","(128, 1, 1)","(8, 2, 1)","0","8.0","Command line profiler metrics","dram__throughput.avg.pct_of_peak_sustained_elapsed","%","11.60"
"871","583630","python3.8","127.0.0.1","void cutlass::Kernel<cutlass_80_tensorop_s1688gemm_64x64_32x6_tn_align4>(T1::Params)","1","7","(128, 1, 1)","(8, 2, 1)","0","8.0","Command line profiler metrics","gpu__time_duration.sum","nsecond","39008"
"871","583630","python3.8","127.0.0.1","void cutlass::Kernel<cutlass_80_tensorop_s1688gemm_64x64_32x6_tn_align4>(T1::Params)","1","7","(128, 1, 1)","(8, 2, 1)","0","8.0","Command line profiler metrics","lts__t_sectors.avg.pct_of_peak_sustained_elapsed","%","7.41"
