"Metric Name","Kernel Name","Metric Unit","Metric Value"
"dram__throughput.avg.pct_of_peak_sustained_elapsed","void cask_cudnn::computeOffsetsKernel<(bool)0, (bool)0>(cask_cudnn::ComputeOffsetsParams)","%","0.05"
"gpu__time_duration.sum","void cask_cudnn::computeOffsetsKernel<(bool)0, (bool)0>(cask_cudnn::ComputeOffsetsParams)","nsecond","4992.0"
"lts__t_sectors.avg.pct_of_peak_sustained_elapsed","void cask_cudnn::computeOffsetsKernel<(bool)0, (bool)0>(cask_cudnn::ComputeOffsetsParams)","%","1.79"
"dram__throughput.avg.pct_of_peak_sustained_elapsed","cudnn_ampere_scudnn_128x64_relu_medium_nn_v1","%","14.72"
"gpu__time_duration.sum","cudnn_ampere_scudnn_128x64_relu_medium_nn_v1","nsecond","124576.0"
"lts__t_sectors.avg.pct_of_peak_sustained_elapsed","cudnn_ampere_scudnn_128x64_relu_medium_nn_v1","%","10.84"
"dram__throughput.avg.pct_of_peak_sustained_elapsed","void at::native::elementwise_kernel<(int)128, (int)2, void at::native::gpu_kernel_impl<at::native::CUDAFunctor_add<float>>(at::TensorIteratorBase &, const T1 &)::[lambda(int) (instance 1)]>(int, T3)","%","43.0"
"gpu__time_duration.sum","void at::native::elementwise_kernel<(int)128, (int)2, void at::native::gpu_kernel_impl<at::native::CUDAFunctor_add<float>>(at::TensorIteratorBase &, const T1 &)::[lambda(int) (instance 1)]>(int, T3)","nsecond","101408.0"
"lts__t_sectors.avg.pct_of_peak_sustained_elapsed","void at::native::elementwise_kernel<(int)128, (int)2, void at::native::gpu_kernel_impl<at::native::CUDAFunctor_add<float>>(at::TensorIteratorBase &, const T1 &)::[lambda(int) (instance 1)]>(int, T3)","%","21.21"
"dram__throughput.avg.pct_of_peak_sustained_elapsed","void at::native::vectorized_elementwise_kernel<(int)4, at::native::<unnamed>::launch_clamp_scalar(at::TensorIteratorBase &, c10::Scalar, c10::Scalar, at::native::detail::ClampLimits)::[lambda() (instance 1)]::operator ()() const::[lambda() (instance 14)]::operator ()() const::[lambda(float) (instance 1)], at::detail::Array<char *, (int)2>>(int, T2, T3)","%","77.1"
"gpu__time_duration.sum","void at::native::vectorized_elementwise_kernel<(int)4, at::native::<unnamed>::launch_clamp_scalar(at::TensorIteratorBase &, c10::Scalar, c10::Scalar, at::native::detail::ClampLimits)::[lambda() (instance 1)]::operator ()() const::[lambda() (instance 14)]::operator ()() const::[lambda(float) (instance 1)], at::detail::Array<char *, (int)2>>(int, T2, T3)","nsecond","56704.0"
"lts__t_sectors.avg.pct_of_peak_sustained_elapsed","void at::native::vectorized_elementwise_kernel<(int)4, at::native::<unnamed>::launch_clamp_scalar(at::TensorIteratorBase &, c10::Scalar, c10::Scalar, at::native::detail::ClampLimits)::[lambda() (instance 1)]::operator ()() const::[lambda() (instance 14)]::operator ()() const::[lambda(float) (instance 1)], at::detail::Array<char *, (int)2>>(int, T2, T3)","%","38.05"
"dram__throughput.avg.pct_of_peak_sustained_elapsed","void cudnn::ops::nchwToNhwcKernel<float, float, float, (bool)0, (bool)1, (cudnnKernelDataType_t)2>(cudnn::ops::nchw2nhwc_params_t<T3>, const T1 *, T2 *)","%","60.65"
"gpu__time_duration.sum","void cudnn::ops::nchwToNhwcKernel<float, float, float, (bool)0, (bool)1, (cudnnKernelDataType_t)2>(cudnn::ops::nchw2nhwc_params_t<T3>, const T1 *, T2 *)","nsecond","75488.0"
"lts__t_sectors.avg.pct_of_peak_sustained_elapsed","void cudnn::ops::nchwToNhwcKernel<float, float, float, (bool)0, (bool)1, (cudnnKernelDataType_t)2>(cudnn::ops::nchw2nhwc_params_t<T3>, const T1 *, T2 *)","%","32.66"
"dram__throughput.avg.pct_of_peak_sustained_elapsed","void cudnn::ops::nchwToNhwcKernel<float, float, float, (bool)0, (bool)1, (cudnnKernelDataType_t)2>(cudnn::ops::nchw2nhwc_params_t<T3>, const T1 *, T2 *)","%","1.4"
"gpu__time_duration.sum","void cudnn::ops::nchwToNhwcKernel<float, float, float, (bool)0, (bool)1, (cudnnKernelDataType_t)2>(cudnn::ops::nchw2nhwc_params_t<T3>, const T1 *, T2 *)","nsecond","5856.0"
"lts__t_sectors.avg.pct_of_peak_sustained_elapsed","void cudnn::ops::nchwToNhwcKernel<float, float, float, (bool)0, (bool)1, (cudnnKernelDataType_t)2>(cudnn::ops::nchw2nhwc_params_t<T3>, const T1 *, T2 *)","%","1.52"
"dram__throughput.avg.pct_of_peak_sustained_elapsed","sm80_xmma_fprop_implicit_gemm_indexed_tf32f32_tf32f32_f32_nhwckrsc_nchw_tilesize256x64x32_stage3_warpsize4x2x1_g1_tensor16x8x8_execute_kernel_cudnn","%","14.48"
"gpu__time_duration.sum","sm80_xmma_fprop_implicit_gemm_indexed_tf32f32_tf32f32_f32_nhwckrsc_nchw_tilesize256x64x32_stage3_warpsize4x2x1_g1_tensor16x8x8_execute_kernel_cudnn","nsecond","321472.0"
"lts__t_sectors.avg.pct_of_peak_sustained_elapsed","sm80_xmma_fprop_implicit_gemm_indexed_tf32f32_tf32f32_f32_nhwckrsc_nchw_tilesize256x64x32_stage3_warpsize4x2x1_g1_tensor16x8x8_execute_kernel_cudnn","%","29.75"
"dram__throughput.avg.pct_of_peak_sustained_elapsed","void at::native::elementwise_kernel<(int)128, (int)2, void at::native::gpu_kernel_impl<at::native::CUDAFunctor_add<float>>(at::TensorIteratorBase &, const T1 &)::[lambda(int) (instance 1)]>(int, T3)","%","42.85"
"gpu__time_duration.sum","void at::native::elementwise_kernel<(int)128, (int)2, void at::native::gpu_kernel_impl<at::native::CUDAFunctor_add<float>>(at::TensorIteratorBase &, const T1 &)::[lambda(int) (instance 1)]>(int, T3)","nsecond","101696.0"
"lts__t_sectors.avg.pct_of_peak_sustained_elapsed","void at::native::elementwise_kernel<(int)128, (int)2, void at::native::gpu_kernel_impl<at::native::CUDAFunctor_add<float>>(at::TensorIteratorBase &, const T1 &)::[lambda(int) (instance 1)]>(int, T3)","%","21.07"
"dram__throughput.avg.pct_of_peak_sustained_elapsed","void at::native::vectorized_elementwise_kernel<(int)4, at::native::<unnamed>::launch_clamp_scalar(at::TensorIteratorBase &, c10::Scalar, c10::Scalar, at::native::detail::ClampLimits)::[lambda() (instance 1)]::operator ()() const::[lambda() (instance 14)]::operator ()() const::[lambda(float) (instance 1)], at::detail::Array<char *, (int)2>>(int, T2, T3)","%","77.32"
"gpu__time_duration.sum","void at::native::vectorized_elementwise_kernel<(int)4, at::native::<unnamed>::launch_clamp_scalar(at::TensorIteratorBase &, c10::Scalar, c10::Scalar, at::native::detail::ClampLimits)::[lambda() (instance 1)]::operator ()() const::[lambda() (instance 14)]::operator ()() const::[lambda(float) (instance 1)], at::detail::Array<char *, (int)2>>(int, T2, T3)","nsecond","56448.0"
"lts__t_sectors.avg.pct_of_peak_sustained_elapsed","void at::native::vectorized_elementwise_kernel<(int)4, at::native::<unnamed>::launch_clamp_scalar(at::TensorIteratorBase &, c10::Scalar, c10::Scalar, at::native::detail::ClampLimits)::[lambda() (instance 1)]::operator ()() const::[lambda() (instance 14)]::operator ()() const::[lambda(float) (instance 1)], at::detail::Array<char *, (int)2>>(int, T2, T3)","%","38.1"
"dram__throughput.avg.pct_of_peak_sustained_elapsed","void at::native::<unnamed>::max_pool_forward_nchw<float, float>(int, const T1 *, long, long, long, int, int, int, int, int, int, int, int, int, int, T1 *, long *)","%","36.95"
"gpu__time_duration.sum","void at::native::<unnamed>::max_pool_forward_nchw<float, float>(int, const T1 *, long, long, long, int, int, int, int, int, int, int, int, int, int, T1 *, long *)","nsecond","110368.0"
"lts__t_sectors.avg.pct_of_peak_sustained_elapsed","void at::native::<unnamed>::max_pool_forward_nchw<float, float>(int, const T1 *, long, long, long, int, int, int, int, int, int, int, int, int, int, T1 *, long *)","%","19.37"
"dram__throughput.avg.pct_of_peak_sustained_elapsed","void cudnn::ops::nchwToNhwcKernel<float, float, float, (bool)0, (bool)1, (cudnnKernelDataType_t)2>(cudnn::ops::nchw2nhwc_params_t<T3>, const T1 *, T2 *)","%","34.58"
"gpu__time_duration.sum","void cudnn::ops::nchwToNhwcKernel<float, float, float, (bool)0, (bool)1, (cudnnKernelDataType_t)2>(cudnn::ops::nchw2nhwc_params_t<T3>, const T1 *, T2 *)","nsecond","20096.0"
"lts__t_sectors.avg.pct_of_peak_sustained_elapsed","void cudnn::ops::nchwToNhwcKernel<float, float, float, (bool)0, (bool)1, (cudnnKernelDataType_t)2>(cudnn::ops::nchw2nhwc_params_t<T3>, const T1 *, T2 *)","%","25.69"
"dram__throughput.avg.pct_of_peak_sustained_elapsed","void cudnn::ops::nchwToNhwcKernel<float, float, float, (bool)0, (bool)1, (cudnnKernelDataType_t)2>(cudnn::ops::nchw2nhwc_params_t<T3>, const T1 *, T2 *)","%","2.64"
"gpu__time_duration.sum","void cudnn::ops::nchwToNhwcKernel<float, float, float, (bool)0, (bool)1, (cudnnKernelDataType_t)2>(cudnn::ops::nchw2nhwc_params_t<T3>, const T1 *, T2 *)","nsecond","6016.0"
"lts__t_sectors.avg.pct_of_peak_sustained_elapsed","void cudnn::ops::nchwToNhwcKernel<float, float, float, (bool)0, (bool)1, (cudnnKernelDataType_t)2>(cudnn::ops::nchw2nhwc_params_t<T3>, const T1 *, T2 *)","%","2.57"
"dram__throughput.avg.pct_of_peak_sustained_elapsed","sm80_xmma_fprop_implicit_gemm_indexed_tf32f32_tf32f32_f32_nhwckrsc_nchw_tilesize128x128x16_stage4_warpsize2x2x1_g1_tensor16x8x8_execute_kernel_cudnn","%","7.72"
"gpu__time_duration.sum","sm80_xmma_fprop_implicit_gemm_indexed_tf32f32_tf32f32_f32_nhwckrsc_nchw_tilesize128x128x16_stage4_warpsize2x2x1_g1_tensor16x8x8_execute_kernel_cudnn","nsecond","148800.0"
"lts__t_sectors.avg.pct_of_peak_sustained_elapsed","sm80_xmma_fprop_implicit_gemm_indexed_tf32f32_tf32f32_f32_nhwckrsc_nchw_tilesize128x128x16_stage4_warpsize2x2x1_g1_tensor16x8x8_execute_kernel_cudnn","%","25.02"
"dram__throughput.avg.pct_of_peak_sustained_elapsed","void at::native::elementwise_kernel<(int)128, (int)2, void at::native::gpu_kernel_impl<at::native::CUDAFunctor_add<float>>(at::TensorIteratorBase &, const T1 &)::[lambda(int) (instance 1)]>(int, T3)","%","32.7"
"gpu__time_duration.sum","void at::native::elementwise_kernel<(int)128, (int)2, void at::native::gpu_kernel_impl<at::native::CUDAFunctor_add<float>>(at::TensorIteratorBase &, const T1 &)::[lambda(int) (instance 1)]>(int, T3)","nsecond","52064.0"
"lts__t_sectors.avg.pct_of_peak_sustained_elapsed","void at::native::elementwise_kernel<(int)128, (int)2, void at::native::gpu_kernel_impl<at::native::CUDAFunctor_add<float>>(at::TensorIteratorBase &, const T1 &)::[lambda(int) (instance 1)]>(int, T3)","%","19.57"
"dram__throughput.avg.pct_of_peak_sustained_elapsed","void at::native::vectorized_elementwise_kernel<(int)4, at::native::<unnamed>::launch_clamp_scalar(at::TensorIteratorBase &, c10::Scalar, c10::Scalar, at::native::detail::ClampLimits)::[lambda() (instance 1)]::operator ()() const::[lambda() (instance 14)]::operator ()() const::[lambda(float) (instance 1)], at::detail::Array<char *, (int)2>>(int, T2, T3)","%","61.24"
"gpu__time_duration.sum","void at::native::vectorized_elementwise_kernel<(int)4, at::native::<unnamed>::launch_clamp_scalar(at::TensorIteratorBase &, c10::Scalar, c10::Scalar, at::native::detail::ClampLimits)::[lambda() (instance 1)]::operator ()() const::[lambda() (instance 14)]::operator ()() const::[lambda(float) (instance 1)], at::detail::Array<char *, (int)2>>(int, T2, T3)","nsecond","27840.0"
"lts__t_sectors.avg.pct_of_peak_sustained_elapsed","void at::native::vectorized_elementwise_kernel<(int)4, at::native::<unnamed>::launch_clamp_scalar(at::TensorIteratorBase &, c10::Scalar, c10::Scalar, at::native::detail::ClampLimits)::[lambda() (instance 1)]::operator ()() const::[lambda() (instance 14)]::operator ()() const::[lambda(float) (instance 1)], at::detail::Array<char *, (int)2>>(int, T2, T3)","%","36.82"
"dram__throughput.avg.pct_of_peak_sustained_elapsed","void cudnn::ops::nchwToNhwcKernel<float, float, float, (bool)0, (bool)1, (cudnnKernelDataType_t)2>(cudnn::ops::nchw2nhwc_params_t<T3>, const T1 *, T2 *)","%","53.12"
"gpu__time_duration.sum","void cudnn::ops::nchwToNhwcKernel<float, float, float, (bool)0, (bool)1, (cudnnKernelDataType_t)2>(cudnn::ops::nchw2nhwc_params_t<T3>, const T1 *, T2 *)","nsecond","36384.0"
"lts__t_sectors.avg.pct_of_peak_sustained_elapsed","void cudnn::ops::nchwToNhwcKernel<float, float, float, (bool)0, (bool)1, (cudnnKernelDataType_t)2>(cudnn::ops::nchw2nhwc_params_t<T3>, const T1 *, T2 *)","%","32.73"
"dram__throughput.avg.pct_of_peak_sustained_elapsed","void cudnn::ops::nchwToNhwcKernel<float, float, float, (bool)0, (bool)1, (cudnnKernelDataType_t)2>(cudnn::ops::nchw2nhwc_params_t<T3>, const T1 *, T2 *)","%","4.92"
"gpu__time_duration.sum","void cudnn::ops::nchwToNhwcKernel<float, float, float, (bool)0, (bool)1, (cudnnKernelDataType_t)2>(cudnn::ops::nchw2nhwc_params_t<T3>, const T1 *, T2 *)","nsecond","6336.0"
"lts__t_sectors.avg.pct_of_peak_sustained_elapsed","void cudnn::ops::nchwToNhwcKernel<float, float, float, (bool)0, (bool)1, (cudnnKernelDataType_t)2>(cudnn::ops::nchw2nhwc_params_t<T3>, const T1 *, T2 *)","%","4.35"
"dram__throughput.avg.pct_of_peak_sustained_elapsed","sm80_xmma_fprop_implicit_gemm_indexed_tf32f32_tf32f32_f32_nhwckrsc_nchw_tilesize128x128x16_stage4_warpsize2x2x1_g1_tensor16x8x8_execute_kernel_cudnn","%","7.72"
"gpu__time_duration.sum","sm80_xmma_fprop_implicit_gemm_indexed_tf32f32_tf32f32_f32_nhwckrsc_nchw_tilesize128x128x16_stage4_warpsize2x2x1_g1_tensor16x8x8_execute_kernel_cudnn","nsecond","259936.0"
"lts__t_sectors.avg.pct_of_peak_sustained_elapsed","sm80_xmma_fprop_implicit_gemm_indexed_tf32f32_tf32f32_f32_nhwckrsc_nchw_tilesize128x128x16_stage4_warpsize2x2x1_g1_tensor16x8x8_execute_kernel_cudnn","%","26.52"
"dram__throughput.avg.pct_of_peak_sustained_elapsed","void at::native::elementwise_kernel<(int)128, (int)2, void at::native::gpu_kernel_impl<at::native::CUDAFunctor_add<float>>(at::TensorIteratorBase &, const T1 &)::[lambda(int) (instance 1)]>(int, T3)","%","32.99"
"gpu__time_duration.sum","void at::native::elementwise_kernel<(int)128, (int)2, void at::native::gpu_kernel_impl<at::native::CUDAFunctor_add<float>>(at::TensorIteratorBase &, const T1 &)::[lambda(int) (instance 1)]>(int, T3)","nsecond","51616.0"
"lts__t_sectors.avg.pct_of_peak_sustained_elapsed","void at::native::elementwise_kernel<(int)128, (int)2, void at::native::gpu_kernel_impl<at::native::CUDAFunctor_add<float>>(at::TensorIteratorBase &, const T1 &)::[lambda(int) (instance 1)]>(int, T3)","%","19.66"
"dram__throughput.avg.pct_of_peak_sustained_elapsed","void at::native::vectorized_elementwise_kernel<(int)4, at::native::<unnamed>::launch_clamp_scalar(at::TensorIteratorBase &, c10::Scalar, c10::Scalar, at::native::detail::ClampLimits)::[lambda() (instance 1)]::operator ()() const::[lambda() (instance 14)]::operator ()() const::[lambda(float) (instance 1)], at::detail::Array<char *, (int)2>>(int, T2, T3)","%","62.04"
"gpu__time_duration.sum","void at::native::vectorized_elementwise_kernel<(int)4, at::native::<unnamed>::launch_clamp_scalar(at::TensorIteratorBase &, c10::Scalar, c10::Scalar, at::native::detail::ClampLimits)::[lambda() (instance 1)]::operator ()() const::[lambda() (instance 14)]::operator ()() const::[lambda(float) (instance 1)], at::detail::Array<char *, (int)2>>(int, T2, T3)","nsecond","27488.0"
"lts__t_sectors.avg.pct_of_peak_sustained_elapsed","void at::native::vectorized_elementwise_kernel<(int)4, at::native::<unnamed>::launch_clamp_scalar(at::TensorIteratorBase &, c10::Scalar, c10::Scalar, at::native::detail::ClampLimits)::[lambda() (instance 1)]::operator ()() const::[lambda() (instance 14)]::operator ()() const::[lambda(float) (instance 1)], at::detail::Array<char *, (int)2>>(int, T2, T3)","%","37.08"
"dram__throughput.avg.pct_of_peak_sustained_elapsed","void at::native::<unnamed>::max_pool_forward_nchw<float, float>(int, const T1 *, long, long, long, int, int, int, int, int, int, int, int, int, int, T1 *, long *)","%","30.48"
"gpu__time_duration.sum","void at::native::<unnamed>::max_pool_forward_nchw<float, float>(int, const T1 *, long, long, long, int, int, int, int, int, int, int, int, int, int, T1 *, long *)","nsecond","57888.0"
"lts__t_sectors.avg.pct_of_peak_sustained_elapsed","void at::native::<unnamed>::max_pool_forward_nchw<float, float>(int, const T1 *, long, long, long, int, int, int, int, int, int, int, int, int, int, T1 *, long *)","%","17.32"
"dram__throughput.avg.pct_of_peak_sustained_elapsed","void cudnn::ops::nchwToNhwcKernel<float, float, float, (bool)0, (bool)1, (cudnnKernelDataType_t)2>(cudnn::ops::nchw2nhwc_params_t<T3>, const T1 *, T2 *)","%","26.57"
"gpu__time_duration.sum","void cudnn::ops::nchwToNhwcKernel<float, float, float, (bool)0, (bool)1, (cudnnKernelDataType_t)2>(cudnn::ops::nchw2nhwc_params_t<T3>, const T1 *, T2 *)","nsecond","12576.0"
"lts__t_sectors.avg.pct_of_peak_sustained_elapsed","void cudnn::ops::nchwToNhwcKernel<float, float, float, (bool)0, (bool)1, (cudnnKernelDataType_t)2>(cudnn::ops::nchw2nhwc_params_t<T3>, const T1 *, T2 *)","%","21.23"
"dram__throughput.avg.pct_of_peak_sustained_elapsed","void cudnn::ops::nchwToNhwcKernel<float, float, float, (bool)0, (bool)1, (cudnnKernelDataType_t)2>(cudnn::ops::nchw2nhwc_params_t<T3>, const T1 *, T2 *)","%","7.07"
"gpu__time_duration.sum","void cudnn::ops::nchwToNhwcKernel<float, float, float, (bool)0, (bool)1, (cudnnKernelDataType_t)2>(cudnn::ops::nchw2nhwc_params_t<T3>, const T1 *, T2 *)","nsecond","8768.0"
"lts__t_sectors.avg.pct_of_peak_sustained_elapsed","void cudnn::ops::nchwToNhwcKernel<float, float, float, (bool)0, (bool)1, (cudnnKernelDataType_t)2>(cudnn::ops::nchw2nhwc_params_t<T3>, const T1 *, T2 *)","%","6.09"
"dram__throughput.avg.pct_of_peak_sustained_elapsed","sm80_xmma_fprop_implicit_gemm_indexed_tf32f32_tf32f32_f32_nhwckrsc_nchw_tilesize128x128x16_stage4_warpsize2x2x1_g1_tensor16x8x8_execute_kernel_cudnn","%","2.95"
"gpu__time_duration.sum","sm80_xmma_fprop_implicit_gemm_indexed_tf32f32_tf32f32_f32_nhwckrsc_nchw_tilesize128x128x16_stage4_warpsize2x2x1_g1_tensor16x8x8_execute_kernel_cudnn","nsecond","136224.0"
"lts__t_sectors.avg.pct_of_peak_sustained_elapsed","sm80_xmma_fprop_implicit_gemm_indexed_tf32f32_tf32f32_f32_nhwckrsc_nchw_tilesize128x128x16_stage4_warpsize2x2x1_g1_tensor16x8x8_execute_kernel_cudnn","%","24.22"
"dram__throughput.avg.pct_of_peak_sustained_elapsed","void at::native::elementwise_kernel<(int)128, (int)2, void at::native::gpu_kernel_impl<at::native::CUDAFunctor_add<float>>(at::TensorIteratorBase &, const T1 &)::[lambda(int) (instance 1)]>(int, T3)","%","24.07"
"gpu__time_duration.sum","void at::native::elementwise_kernel<(int)128, (int)2, void at::native::gpu_kernel_impl<at::native::CUDAFunctor_add<float>>(at::TensorIteratorBase &, const T1 &)::[lambda(int) (instance 1)]>(int, T3)","nsecond","27680.0"
"lts__t_sectors.avg.pct_of_peak_sustained_elapsed","void at::native::elementwise_kernel<(int)128, (int)2, void at::native::gpu_kernel_impl<at::native::CUDAFunctor_add<float>>(at::TensorIteratorBase &, const T1 &)::[lambda(int) (instance 1)]>(int, T3)","%","18.49"
"dram__throughput.avg.pct_of_peak_sustained_elapsed","void at::native::vectorized_elementwise_kernel<(int)4, at::native::<unnamed>::launch_clamp_scalar(at::TensorIteratorBase &, c10::Scalar, c10::Scalar, at::native::detail::ClampLimits)::[lambda() (instance 1)]::operator ()() const::[lambda() (instance 14)]::operator ()() const::[lambda(float) (instance 1)], at::detail::Array<char *, (int)2>>(int, T2, T3)","%","42.91"
"gpu__time_duration.sum","void at::native::vectorized_elementwise_kernel<(int)4, at::native::<unnamed>::launch_clamp_scalar(at::TensorIteratorBase &, c10::Scalar, c10::Scalar, at::native::detail::ClampLimits)::[lambda() (instance 1)]::operator ()() const::[lambda() (instance 14)]::operator ()() const::[lambda(float) (instance 1)], at::detail::Array<char *, (int)2>>(int, T2, T3)","nsecond","15552.0"
"lts__t_sectors.avg.pct_of_peak_sustained_elapsed","void at::native::vectorized_elementwise_kernel<(int)4, at::native::<unnamed>::launch_clamp_scalar(at::TensorIteratorBase &, c10::Scalar, c10::Scalar, at::native::detail::ClampLimits)::[lambda() (instance 1)]::operator ()() const::[lambda() (instance 14)]::operator ()() const::[lambda(float) (instance 1)], at::detail::Array<char *, (int)2>>(int, T2, T3)","%","33.02"
"dram__throughput.avg.pct_of_peak_sustained_elapsed","void cudnn::ops::nchwToNhwcKernel<float, float, float, (bool)0, (bool)1, (cudnnKernelDataType_t)2>(cudnn::ops::nchw2nhwc_params_t<T3>, const T1 *, T2 *)","%","35.93"
"gpu__time_duration.sum","void cudnn::ops::nchwToNhwcKernel<float, float, float, (bool)0, (bool)1, (cudnnKernelDataType_t)2>(cudnn::ops::nchw2nhwc_params_t<T3>, const T1 *, T2 *)","nsecond","19392.0"
"lts__t_sectors.avg.pct_of_peak_sustained_elapsed","void cudnn::ops::nchwToNhwcKernel<float, float, float, (bool)0, (bool)1, (cudnnKernelDataType_t)2>(cudnn::ops::nchw2nhwc_params_t<T3>, const T1 *, T2 *)","%","27.46"
"dram__throughput.avg.pct_of_peak_sustained_elapsed","void cudnn::ops::nchwToNhwcKernel<float, float, float, (bool)0, (bool)1, (cudnnKernelDataType_t)2>(cudnn::ops::nchw2nhwc_params_t<T3>, const T1 *, T2 *)","%","9.7"
"gpu__time_duration.sum","void cudnn::ops::nchwToNhwcKernel<float, float, float, (bool)0, (bool)1, (cudnnKernelDataType_t)2>(cudnn::ops::nchw2nhwc_params_t<T3>, const T1 *, T2 *)","nsecond","12672.0"
"lts__t_sectors.avg.pct_of_peak_sustained_elapsed","void cudnn::ops::nchwToNhwcKernel<float, float, float, (bool)0, (bool)1, (cudnnKernelDataType_t)2>(cudnn::ops::nchw2nhwc_params_t<T3>, const T1 *, T2 *)","%","8.43"
"dram__throughput.avg.pct_of_peak_sustained_elapsed","sm80_xmma_fprop_implicit_gemm_tf32f32_tf32f32_f32_nhwckrsc_nchw_tilesize256x128x32_stage3_warpsize4x2x1_g1_tensor16x8x8_execute_kernel_cudnn","%","2.76"
"gpu__time_duration.sum","sm80_xmma_fprop_implicit_gemm_tf32f32_tf32f32_f32_nhwckrsc_nchw_tilesize256x128x32_stage3_warpsize4x2x1_g1_tensor16x8x8_execute_kernel_cudnn","nsecond","314304.0"
"lts__t_sectors.avg.pct_of_peak_sustained_elapsed","sm80_xmma_fprop_implicit_gemm_tf32f32_tf32f32_f32_nhwckrsc_nchw_tilesize256x128x32_stage3_warpsize4x2x1_g1_tensor16x8x8_execute_kernel_cudnn","%","15.41"
"dram__throughput.avg.pct_of_peak_sustained_elapsed","void at::native::elementwise_kernel<(int)128, (int)2, void at::native::gpu_kernel_impl<at::native::CUDAFunctor_add<float>>(at::TensorIteratorBase &, const T1 &)::[lambda(int) (instance 1)]>(int, T3)","%","23.97"
"gpu__time_duration.sum","void at::native::elementwise_kernel<(int)128, (int)2, void at::native::gpu_kernel_impl<at::native::CUDAFunctor_add<float>>(at::TensorIteratorBase &, const T1 &)::[lambda(int) (instance 1)]>(int, T3)","nsecond","27776.0"
"lts__t_sectors.avg.pct_of_peak_sustained_elapsed","void at::native::elementwise_kernel<(int)128, (int)2, void at::native::gpu_kernel_impl<at::native::CUDAFunctor_add<float>>(at::TensorIteratorBase &, const T1 &)::[lambda(int) (instance 1)]>(int, T3)","%","18.64"
"dram__throughput.avg.pct_of_peak_sustained_elapsed","void at::native::vectorized_elementwise_kernel<(int)4, at::native::<unnamed>::launch_clamp_scalar(at::TensorIteratorBase &, c10::Scalar, c10::Scalar, at::native::detail::ClampLimits)::[lambda() (instance 1)]::operator ()() const::[lambda() (instance 14)]::operator ()() const::[lambda(float) (instance 1)], at::detail::Array<char *, (int)2>>(int, T2, T3)","%","41.12"
"gpu__time_duration.sum","void at::native::vectorized_elementwise_kernel<(int)4, at::native::<unnamed>::launch_clamp_scalar(at::TensorIteratorBase &, c10::Scalar, c10::Scalar, at::native::detail::ClampLimits)::[lambda() (instance 1)]::operator ()() const::[lambda() (instance 14)]::operator ()() const::[lambda(float) (instance 1)], at::detail::Array<char *, (int)2>>(int, T2, T3)","nsecond","16192.0"
"lts__t_sectors.avg.pct_of_peak_sustained_elapsed","void at::native::vectorized_elementwise_kernel<(int)4, at::native::<unnamed>::launch_clamp_scalar(at::TensorIteratorBase &, c10::Scalar, c10::Scalar, at::native::detail::ClampLimits)::[lambda() (instance 1)]::operator ()() const::[lambda() (instance 14)]::operator ()() const::[lambda(float) (instance 1)], at::detail::Array<char *, (int)2>>(int, T2, T3)","%","31.99"
"dram__throughput.avg.pct_of_peak_sustained_elapsed","void cudnn::ops::nchwToNhwcKernel<float, float, float, (bool)0, (bool)1, (cudnnKernelDataType_t)2>(cudnn::ops::nchw2nhwc_params_t<T3>, const T1 *, T2 *)","%","35.21"
"gpu__time_duration.sum","void cudnn::ops::nchwToNhwcKernel<float, float, float, (bool)0, (bool)1, (cudnnKernelDataType_t)2>(cudnn::ops::nchw2nhwc_params_t<T3>, const T1 *, T2 *)","nsecond","20096.0"
"lts__t_sectors.avg.pct_of_peak_sustained_elapsed","void cudnn::ops::nchwToNhwcKernel<float, float, float, (bool)0, (bool)1, (cudnnKernelDataType_t)2>(cudnn::ops::nchw2nhwc_params_t<T3>, const T1 *, T2 *)","%","27.21"
"dram__throughput.avg.pct_of_peak_sustained_elapsed","void cudnn::ops::nchwToNhwcKernel<float, float, float, (bool)0, (bool)1, (cudnnKernelDataType_t)2>(cudnn::ops::nchw2nhwc_params_t<T3>, const T1 *, T2 *)","%","9.68"
"gpu__time_duration.sum","void cudnn::ops::nchwToNhwcKernel<float, float, float, (bool)0, (bool)1, (cudnnKernelDataType_t)2>(cudnn::ops::nchw2nhwc_params_t<T3>, const T1 *, T2 *)","nsecond","12704.0"
"lts__t_sectors.avg.pct_of_peak_sustained_elapsed","void cudnn::ops::nchwToNhwcKernel<float, float, float, (bool)0, (bool)1, (cudnnKernelDataType_t)2>(cudnn::ops::nchw2nhwc_params_t<T3>, const T1 *, T2 *)","%","8.65"
"dram__throughput.avg.pct_of_peak_sustained_elapsed","sm80_xmma_fprop_implicit_gemm_tf32f32_tf32f32_f32_nhwckrsc_nchw_tilesize256x128x32_stage3_warpsize4x2x1_g1_tensor16x8x8_execute_kernel_cudnn","%","2.78"
"gpu__time_duration.sum","sm80_xmma_fprop_implicit_gemm_tf32f32_tf32f32_f32_nhwckrsc_nchw_tilesize256x128x32_stage3_warpsize4x2x1_g1_tensor16x8x8_execute_kernel_cudnn","nsecond","313856.0"
"lts__t_sectors.avg.pct_of_peak_sustained_elapsed","sm80_xmma_fprop_implicit_gemm_tf32f32_tf32f32_f32_nhwckrsc_nchw_tilesize256x128x32_stage3_warpsize4x2x1_g1_tensor16x8x8_execute_kernel_cudnn","%","15.43"
"dram__throughput.avg.pct_of_peak_sustained_elapsed","void at::native::elementwise_kernel<(int)128, (int)2, void at::native::gpu_kernel_impl<at::native::CUDAFunctor_add<float>>(at::TensorIteratorBase &, const T1 &)::[lambda(int) (instance 1)]>(int, T3)","%","23.87"
"gpu__time_duration.sum","void at::native::elementwise_kernel<(int)128, (int)2, void at::native::gpu_kernel_impl<at::native::CUDAFunctor_add<float>>(at::TensorIteratorBase &, const T1 &)::[lambda(int) (instance 1)]>(int, T3)","nsecond","27968.0"
"lts__t_sectors.avg.pct_of_peak_sustained_elapsed","void at::native::elementwise_kernel<(int)128, (int)2, void at::native::gpu_kernel_impl<at::native::CUDAFunctor_add<float>>(at::TensorIteratorBase &, const T1 &)::[lambda(int) (instance 1)]>(int, T3)","%","18.37"
"dram__throughput.avg.pct_of_peak_sustained_elapsed","void at::native::vectorized_elementwise_kernel<(int)4, at::native::<unnamed>::launch_clamp_scalar(at::TensorIteratorBase &, c10::Scalar, c10::Scalar, at::native::detail::ClampLimits)::[lambda() (instance 1)]::operator ()() const::[lambda() (instance 14)]::operator ()() const::[lambda(float) (instance 1)], at::detail::Array<char *, (int)2>>(int, T2, T3)","%","43.03"
"gpu__time_duration.sum","void at::native::vectorized_elementwise_kernel<(int)4, at::native::<unnamed>::launch_clamp_scalar(at::TensorIteratorBase &, c10::Scalar, c10::Scalar, at::native::detail::ClampLimits)::[lambda() (instance 1)]::operator ()() const::[lambda() (instance 14)]::operator ()() const::[lambda(float) (instance 1)], at::detail::Array<char *, (int)2>>(int, T2, T3)","nsecond","15488.0"
"lts__t_sectors.avg.pct_of_peak_sustained_elapsed","void at::native::vectorized_elementwise_kernel<(int)4, at::native::<unnamed>::launch_clamp_scalar(at::TensorIteratorBase &, c10::Scalar, c10::Scalar, at::native::detail::ClampLimits)::[lambda() (instance 1)]::operator ()() const::[lambda() (instance 14)]::operator ()() const::[lambda(float) (instance 1)], at::detail::Array<char *, (int)2>>(int, T2, T3)","%","33.14"
"dram__throughput.avg.pct_of_peak_sustained_elapsed","void at::native::<unnamed>::max_pool_forward_nchw<float, float>(int, const T1 *, long, long, long, int, int, int, int, int, int, int, int, int, int, T1 *, long *)","%","21.51"
"gpu__time_duration.sum","void at::native::<unnamed>::max_pool_forward_nchw<float, float>(int, const T1 *, long, long, long, int, int, int, int, int, int, int, int, int, int, T1 *, long *)","nsecond","31488.0"
"lts__t_sectors.avg.pct_of_peak_sustained_elapsed","void at::native::<unnamed>::max_pool_forward_nchw<float, float>(int, const T1 *, long, long, long, int, int, int, int, int, int, int, int, int, int, T1 *, long *)","%","14.46"
"dram__throughput.avg.pct_of_peak_sustained_elapsed","void cudnn::ops::nchwToNhwcKernel<float, float, float, (bool)0, (bool)1, (cudnnKernelDataType_t)2>(cudnn::ops::nchw2nhwc_params_t<T3>, const T1 *, T2 *)","%","17.08"
"gpu__time_duration.sum","void cudnn::ops::nchwToNhwcKernel<float, float, float, (bool)0, (bool)1, (cudnnKernelDataType_t)2>(cudnn::ops::nchw2nhwc_params_t<T3>, const T1 *, T2 *)","nsecond","9824.0"
"lts__t_sectors.avg.pct_of_peak_sustained_elapsed","void cudnn::ops::nchwToNhwcKernel<float, float, float, (bool)0, (bool)1, (cudnnKernelDataType_t)2>(cudnn::ops::nchw2nhwc_params_t<T3>, const T1 *, T2 *)","%","14.37"
"dram__throughput.avg.pct_of_peak_sustained_elapsed","void cudnn::ops::nchwToNhwcKernel<float, float, float, (bool)0, (bool)1, (cudnnKernelDataType_t)2>(cudnn::ops::nchw2nhwc_params_t<T3>, const T1 *, T2 *)","%","12.33"
"gpu__time_duration.sum","void cudnn::ops::nchwToNhwcKernel<float, float, float, (bool)0, (bool)1, (cudnnKernelDataType_t)2>(cudnn::ops::nchw2nhwc_params_t<T3>, const T1 *, T2 *)","nsecond","19840.0"
"lts__t_sectors.avg.pct_of_peak_sustained_elapsed","void cudnn::ops::nchwToNhwcKernel<float, float, float, (bool)0, (bool)1, (cudnnKernelDataType_t)2>(cudnn::ops::nchw2nhwc_params_t<T3>, const T1 *, T2 *)","%","10.32"
"dram__throughput.avg.pct_of_peak_sustained_elapsed","void cutlass_cudnn::Kernel<cutlass_tensorop_s1688fprop_optimized_tf32_128x128_16x4_nhwc_align4>(T1::Params)","%","2.65"
"gpu__time_duration.sum","void cutlass_cudnn::Kernel<cutlass_tensorop_s1688fprop_optimized_tf32_128x128_16x4_nhwc_align4>(T1::Params)","nsecond","155392.0"
"lts__t_sectors.avg.pct_of_peak_sustained_elapsed","void cutlass_cudnn::Kernel<cutlass_tensorop_s1688fprop_optimized_tf32_128x128_16x4_nhwc_align4>(T1::Params)","%","12.91"
"dram__throughput.avg.pct_of_peak_sustained_elapsed","void cudnn::ops::nhwcToNchwKernel<float, float, float, (bool)1, (bool)0, (cudnnKernelDataType_t)0>(cudnn::ops::nhwc2nchw_params_t<T3>, const T1 *, T2 *)","%","26.91"
"gpu__time_duration.sum","void cudnn::ops::nhwcToNchwKernel<float, float, float, (bool)1, (bool)0, (cudnnKernelDataType_t)0>(cudnn::ops::nhwc2nchw_params_t<T3>, const T1 *, T2 *)","nsecond","12416.0"
"lts__t_sectors.avg.pct_of_peak_sustained_elapsed","void cudnn::ops::nhwcToNchwKernel<float, float, float, (bool)1, (bool)0, (cudnnKernelDataType_t)0>(cudnn::ops::nhwc2nchw_params_t<T3>, const T1 *, T2 *)","%","21.94"
"dram__throughput.avg.pct_of_peak_sustained_elapsed","void at::native::elementwise_kernel<(int)128, (int)2, void at::native::gpu_kernel_impl<at::native::CUDAFunctor_add<float>>(at::TensorIteratorBase &, const T1 &)::[lambda(int) (instance 1)]>(int, T3)","%","19.75"
"gpu__time_duration.sum","void at::native::elementwise_kernel<(int)128, (int)2, void at::native::gpu_kernel_impl<at::native::CUDAFunctor_add<float>>(at::TensorIteratorBase &, const T1 &)::[lambda(int) (instance 1)]>(int, T3)","nsecond","16896.0"
"lts__t_sectors.avg.pct_of_peak_sustained_elapsed","void at::native::elementwise_kernel<(int)128, (int)2, void at::native::gpu_kernel_impl<at::native::CUDAFunctor_add<float>>(at::TensorIteratorBase &, const T1 &)::[lambda(int) (instance 1)]>(int, T3)","%","15.54"
"dram__throughput.avg.pct_of_peak_sustained_elapsed","void at::native::vectorized_elementwise_kernel<(int)4, at::native::<unnamed>::launch_clamp_scalar(at::TensorIteratorBase &, c10::Scalar, c10::Scalar, at::native::detail::ClampLimits)::[lambda() (instance 1)]::operator ()() const::[lambda() (instance 14)]::operator ()() const::[lambda(float) (instance 1)], at::detail::Array<char *, (int)2>>(int, T2, T3)","%","31.14"
"gpu__time_duration.sum","void at::native::vectorized_elementwise_kernel<(int)4, at::native::<unnamed>::launch_clamp_scalar(at::TensorIteratorBase &, c10::Scalar, c10::Scalar, at::native::detail::ClampLimits)::[lambda() (instance 1)]::operator ()() const::[lambda() (instance 14)]::operator ()() const::[lambda(float) (instance 1)], at::detail::Array<char *, (int)2>>(int, T2, T3)","nsecond","10720.0"
"lts__t_sectors.avg.pct_of_peak_sustained_elapsed","void at::native::vectorized_elementwise_kernel<(int)4, at::native::<unnamed>::launch_clamp_scalar(at::TensorIteratorBase &, c10::Scalar, c10::Scalar, at::native::detail::ClampLimits)::[lambda() (instance 1)]::operator ()() const::[lambda() (instance 14)]::operator ()() const::[lambda(float) (instance 1)], at::detail::Array<char *, (int)2>>(int, T2, T3)","%","24.48"
"dram__throughput.avg.pct_of_peak_sustained_elapsed","void cudnn::ops::nchwToNhwcKernel<float, float, float, (bool)0, (bool)1, (cudnnKernelDataType_t)2>(cudnn::ops::nchw2nhwc_params_t<T3>, const T1 *, T2 *)","%","26.63"
"gpu__time_duration.sum","void cudnn::ops::nchwToNhwcKernel<float, float, float, (bool)0, (bool)1, (cudnnKernelDataType_t)2>(cudnn::ops::nchw2nhwc_params_t<T3>, const T1 *, T2 *)","nsecond","12544.0"
"lts__t_sectors.avg.pct_of_peak_sustained_elapsed","void cudnn::ops::nchwToNhwcKernel<float, float, float, (bool)0, (bool)1, (cudnnKernelDataType_t)2>(cudnn::ops::nchw2nhwc_params_t<T3>, const T1 *, T2 *)","%","22.44"
"dram__throughput.avg.pct_of_peak_sustained_elapsed","void cudnn::ops::nchwToNhwcKernel<float, float, float, (bool)0, (bool)1, (cudnnKernelDataType_t)2>(cudnn::ops::nchw2nhwc_params_t<T3>, const T1 *, T2 *)","%","14.35"
"gpu__time_duration.sum","void cudnn::ops::nchwToNhwcKernel<float, float, float, (bool)0, (bool)1, (cudnnKernelDataType_t)2>(cudnn::ops::nchw2nhwc_params_t<T3>, const T1 *, T2 *)","nsecond","34144.0"
"lts__t_sectors.avg.pct_of_peak_sustained_elapsed","void cudnn::ops::nchwToNhwcKernel<float, float, float, (bool)0, (bool)1, (cudnnKernelDataType_t)2>(cudnn::ops::nchw2nhwc_params_t<T3>, const T1 *, T2 *)","%","11.91"
"dram__throughput.avg.pct_of_peak_sustained_elapsed","void cutlass_cudnn::Kernel<cutlass_tensorop_s1688fprop_optimized_tf32_128x128_32x4_nhwc_align4>(T1::Params)","%","2.89"
"gpu__time_duration.sum","void cutlass_cudnn::Kernel<cutlass_tensorop_s1688fprop_optimized_tf32_128x128_32x4_nhwc_align4>(T1::Params)","nsecond","302112.0"
"lts__t_sectors.avg.pct_of_peak_sustained_elapsed","void cutlass_cudnn::Kernel<cutlass_tensorop_s1688fprop_optimized_tf32_128x128_32x4_nhwc_align4>(T1::Params)","%","12.77"
"dram__throughput.avg.pct_of_peak_sustained_elapsed","void cudnn::ops::nhwcToNchwKernel<float, float, float, (bool)1, (bool)0, (cudnnKernelDataType_t)0>(cudnn::ops::nhwc2nchw_params_t<T3>, const T1 *, T2 *)","%","27.02"
"gpu__time_duration.sum","void cudnn::ops::nhwcToNchwKernel<float, float, float, (bool)1, (bool)0, (cudnnKernelDataType_t)0>(cudnn::ops::nhwc2nchw_params_t<T3>, const T1 *, T2 *)","nsecond","12352.0"
"lts__t_sectors.avg.pct_of_peak_sustained_elapsed","void cudnn::ops::nhwcToNchwKernel<float, float, float, (bool)1, (bool)0, (cudnnKernelDataType_t)0>(cudnn::ops::nhwc2nchw_params_t<T3>, const T1 *, T2 *)","%","22.76"
"dram__throughput.avg.pct_of_peak_sustained_elapsed","void at::native::elementwise_kernel<(int)128, (int)2, void at::native::gpu_kernel_impl<at::native::CUDAFunctor_add<float>>(at::TensorIteratorBase &, const T1 &)::[lambda(int) (instance 1)]>(int, T3)","%","20.1"
"gpu__time_duration.sum","void at::native::elementwise_kernel<(int)128, (int)2, void at::native::gpu_kernel_impl<at::native::CUDAFunctor_add<float>>(at::TensorIteratorBase &, const T1 &)::[lambda(int) (instance 1)]>(int, T3)","nsecond","16608.0"
"lts__t_sectors.avg.pct_of_peak_sustained_elapsed","void at::native::elementwise_kernel<(int)128, (int)2, void at::native::gpu_kernel_impl<at::native::CUDAFunctor_add<float>>(at::TensorIteratorBase &, const T1 &)::[lambda(int) (instance 1)]>(int, T3)","%","15.86"
"dram__throughput.avg.pct_of_peak_sustained_elapsed","void at::native::vectorized_elementwise_kernel<(int)4, at::native::<unnamed>::launch_clamp_scalar(at::TensorIteratorBase &, c10::Scalar, c10::Scalar, at::native::detail::ClampLimits)::[lambda() (instance 1)]::operator ()() const::[lambda() (instance 14)]::operator ()() const::[lambda(float) (instance 1)], at::detail::Array<char *, (int)2>>(int, T2, T3)","%","32.08"
"gpu__time_duration.sum","void at::native::vectorized_elementwise_kernel<(int)4, at::native::<unnamed>::launch_clamp_scalar(at::TensorIteratorBase &, c10::Scalar, c10::Scalar, at::native::detail::ClampLimits)::[lambda() (instance 1)]::operator ()() const::[lambda() (instance 14)]::operator ()() const::[lambda(float) (instance 1)], at::detail::Array<char *, (int)2>>(int, T2, T3)","nsecond","10432.0"
"lts__t_sectors.avg.pct_of_peak_sustained_elapsed","void at::native::vectorized_elementwise_kernel<(int)4, at::native::<unnamed>::launch_clamp_scalar(at::TensorIteratorBase &, c10::Scalar, c10::Scalar, at::native::detail::ClampLimits)::[lambda() (instance 1)]::operator ()() const::[lambda() (instance 14)]::operator ()() const::[lambda(float) (instance 1)], at::detail::Array<char *, (int)2>>(int, T2, T3)","%","25.14"
"dram__throughput.avg.pct_of_peak_sustained_elapsed","void cudnn::ops::nchwToNhwcKernel<float, float, float, (bool)0, (bool)1, (cudnnKernelDataType_t)2>(cudnn::ops::nchw2nhwc_params_t<T3>, const T1 *, T2 *)","%","26.28"
"gpu__time_duration.sum","void cudnn::ops::nchwToNhwcKernel<float, float, float, (bool)0, (bool)1, (cudnnKernelDataType_t)2>(cudnn::ops::nchw2nhwc_params_t<T3>, const T1 *, T2 *)","nsecond","12704.0"
"lts__t_sectors.avg.pct_of_peak_sustained_elapsed","void cudnn::ops::nchwToNhwcKernel<float, float, float, (bool)0, (bool)1, (cudnnKernelDataType_t)2>(cudnn::ops::nchw2nhwc_params_t<T3>, const T1 *, T2 *)","%","21.79"
"dram__throughput.avg.pct_of_peak_sustained_elapsed","void cudnn::ops::nchwToNhwcKernel<float, float, float, (bool)0, (bool)1, (cudnnKernelDataType_t)2>(cudnn::ops::nchw2nhwc_params_t<T3>, const T1 *, T2 *)","%","14.57"
"gpu__time_duration.sum","void cudnn::ops::nchwToNhwcKernel<float, float, float, (bool)0, (bool)1, (cudnnKernelDataType_t)2>(cudnn::ops::nchw2nhwc_params_t<T3>, const T1 *, T2 *)","nsecond","33600.0"
"lts__t_sectors.avg.pct_of_peak_sustained_elapsed","void cudnn::ops::nchwToNhwcKernel<float, float, float, (bool)0, (bool)1, (cudnnKernelDataType_t)2>(cudnn::ops::nchw2nhwc_params_t<T3>, const T1 *, T2 *)","%","11.89"
"dram__throughput.avg.pct_of_peak_sustained_elapsed","void cutlass_cudnn::Kernel<cutlass_tensorop_s1688fprop_optimized_tf32_128x128_32x4_nhwc_align4>(T1::Params)","%","2.9"
"gpu__time_duration.sum","void cutlass_cudnn::Kernel<cutlass_tensorop_s1688fprop_optimized_tf32_128x128_32x4_nhwc_align4>(T1::Params)","nsecond","301824.0"
"lts__t_sectors.avg.pct_of_peak_sustained_elapsed","void cutlass_cudnn::Kernel<cutlass_tensorop_s1688fprop_optimized_tf32_128x128_32x4_nhwc_align4>(T1::Params)","%","12.77"
"dram__throughput.avg.pct_of_peak_sustained_elapsed","void cudnn::ops::nhwcToNchwKernel<float, float, float, (bool)1, (bool)0, (cudnnKernelDataType_t)0>(cudnn::ops::nhwc2nchw_params_t<T3>, const T1 *, T2 *)","%","26.92"
"gpu__time_duration.sum","void cudnn::ops::nhwcToNchwKernel<float, float, float, (bool)1, (bool)0, (cudnnKernelDataType_t)0>(cudnn::ops::nhwc2nchw_params_t<T3>, const T1 *, T2 *)","nsecond","12384.0"
"lts__t_sectors.avg.pct_of_peak_sustained_elapsed","void cudnn::ops::nhwcToNchwKernel<float, float, float, (bool)1, (bool)0, (cudnnKernelDataType_t)0>(cudnn::ops::nhwc2nchw_params_t<T3>, const T1 *, T2 *)","%","22.03"
"dram__throughput.avg.pct_of_peak_sustained_elapsed","void at::native::elementwise_kernel<(int)128, (int)2, void at::native::gpu_kernel_impl<at::native::CUDAFunctor_add<float>>(at::TensorIteratorBase &, const T1 &)::[lambda(int) (instance 1)]>(int, T3)","%","19.89"
"gpu__time_duration.sum","void at::native::elementwise_kernel<(int)128, (int)2, void at::native::gpu_kernel_impl<at::native::CUDAFunctor_add<float>>(at::TensorIteratorBase &, const T1 &)::[lambda(int) (instance 1)]>(int, T3)","nsecond","16768.0"
"lts__t_sectors.avg.pct_of_peak_sustained_elapsed","void at::native::elementwise_kernel<(int)128, (int)2, void at::native::gpu_kernel_impl<at::native::CUDAFunctor_add<float>>(at::TensorIteratorBase &, const T1 &)::[lambda(int) (instance 1)]>(int, T3)","%","15.58"
"dram__throughput.avg.pct_of_peak_sustained_elapsed","void at::native::vectorized_elementwise_kernel<(int)4, at::native::<unnamed>::launch_clamp_scalar(at::TensorIteratorBase &, c10::Scalar, c10::Scalar, at::native::detail::ClampLimits)::[lambda() (instance 1)]::operator ()() const::[lambda() (instance 14)]::operator ()() const::[lambda(float) (instance 1)], at::detail::Array<char *, (int)2>>(int, T2, T3)","%","32.18"
"gpu__time_duration.sum","void at::native::vectorized_elementwise_kernel<(int)4, at::native::<unnamed>::launch_clamp_scalar(at::TensorIteratorBase &, c10::Scalar, c10::Scalar, at::native::detail::ClampLimits)::[lambda() (instance 1)]::operator ()() const::[lambda() (instance 14)]::operator ()() const::[lambda(float) (instance 1)], at::detail::Array<char *, (int)2>>(int, T2, T3)","nsecond","10368.0"
"lts__t_sectors.avg.pct_of_peak_sustained_elapsed","void at::native::vectorized_elementwise_kernel<(int)4, at::native::<unnamed>::launch_clamp_scalar(at::TensorIteratorBase &, c10::Scalar, c10::Scalar, at::native::detail::ClampLimits)::[lambda() (instance 1)]::operator ()() const::[lambda() (instance 14)]::operator ()() const::[lambda(float) (instance 1)], at::detail::Array<char *, (int)2>>(int, T2, T3)","%","25.22"
"dram__throughput.avg.pct_of_peak_sustained_elapsed","void at::native::<unnamed>::max_pool_forward_nchw<float, float>(int, const T1 *, long, long, long, int, int, int, int, int, int, int, int, int, int, T1 *, long *)","%","18.47"
"gpu__time_duration.sum","void at::native::<unnamed>::max_pool_forward_nchw<float, float>(int, const T1 *, long, long, long, int, int, int, int, int, int, int, int, int, int, T1 *, long *)","nsecond","18016.0"
"lts__t_sectors.avg.pct_of_peak_sustained_elapsed","void at::native::<unnamed>::max_pool_forward_nchw<float, float>(int, const T1 *, long, long, long, int, int, int, int, int, int, int, int, int, int, T1 *, long *)","%","12.78"
"dram__throughput.avg.pct_of_peak_sustained_elapsed","void cudnn::ops::nchwToNhwcKernel<float, float, float, (bool)0, (bool)1, (cudnnKernelDataType_t)2>(cudnn::ops::nchw2nhwc_params_t<T3>, const T1 *, T2 *)","%","11.54"
"gpu__time_duration.sum","void cudnn::ops::nchwToNhwcKernel<float, float, float, (bool)0, (bool)1, (cudnnKernelDataType_t)2>(cudnn::ops::nchw2nhwc_params_t<T3>, const T1 *, T2 *)","nsecond","7296.0"
"lts__t_sectors.avg.pct_of_peak_sustained_elapsed","void cudnn::ops::nchwToNhwcKernel<float, float, float, (bool)0, (bool)1, (cudnnKernelDataType_t)2>(cudnn::ops::nchw2nhwc_params_t<T3>, const T1 *, T2 *)","%","10.85"
"dram__throughput.avg.pct_of_peak_sustained_elapsed","void cudnn::ops::nchwToNhwcKernel<float, float, float, (bool)0, (bool)1, (cudnnKernelDataType_t)2>(cudnn::ops::nchw2nhwc_params_t<T3>, const T1 *, T2 *)","%","14.53"
"gpu__time_duration.sum","void cudnn::ops::nchwToNhwcKernel<float, float, float, (bool)0, (bool)1, (cudnnKernelDataType_t)2>(cudnn::ops::nchw2nhwc_params_t<T3>, const T1 *, T2 *)","nsecond","33728.0"
"lts__t_sectors.avg.pct_of_peak_sustained_elapsed","void cudnn::ops::nchwToNhwcKernel<float, float, float, (bool)0, (bool)1, (cudnnKernelDataType_t)2>(cudnn::ops::nchw2nhwc_params_t<T3>, const T1 *, T2 *)","%","11.86"
"dram__throughput.avg.pct_of_peak_sustained_elapsed","void cutlass_cudnn::Kernel<cutlass_tensorop_s1688fprop_optimized_tf32_64x64_32x5_nhwc_align4>(T1::Params)","%","5.33"
"gpu__time_duration.sum","void cutlass_cudnn::Kernel<cutlass_tensorop_s1688fprop_optimized_tf32_64x64_32x5_nhwc_align4>(T1::Params)","nsecond","107296.0"
"lts__t_sectors.avg.pct_of_peak_sustained_elapsed","void cutlass_cudnn::Kernel<cutlass_tensorop_s1688fprop_optimized_tf32_64x64_32x5_nhwc_align4>(T1::Params)","%","19.1"
"dram__throughput.avg.pct_of_peak_sustained_elapsed","void cudnn::ops::nhwcToNchwKernel<float, float, float, (bool)1, (bool)0, (cudnnKernelDataType_t)0>(cudnn::ops::nhwc2nchw_params_t<T3>, const T1 *, T2 *)","%","10.7"
"gpu__time_duration.sum","void cudnn::ops::nhwcToNchwKernel<float, float, float, (bool)1, (bool)0, (cudnnKernelDataType_t)0>(cudnn::ops::nhwc2nchw_params_t<T3>, const T1 *, T2 *)","nsecond","7872.0"
"lts__t_sectors.avg.pct_of_peak_sustained_elapsed","void cudnn::ops::nhwcToNchwKernel<float, float, float, (bool)1, (bool)0, (cudnnKernelDataType_t)0>(cudnn::ops::nhwc2nchw_params_t<T3>, const T1 *, T2 *)","%","10.05"
"dram__throughput.avg.pct_of_peak_sustained_elapsed","void at::native::elementwise_kernel<(int)128, (int)2, void at::native::gpu_kernel_impl<at::native::CUDAFunctor_add<float>>(at::TensorIteratorBase &, const T1 &)::[lambda(int) (instance 1)]>(int, T3)","%","9.4"
"gpu__time_duration.sum","void at::native::elementwise_kernel<(int)128, (int)2, void at::native::gpu_kernel_impl<at::native::CUDAFunctor_add<float>>(at::TensorIteratorBase &, const T1 &)::[lambda(int) (instance 1)]>(int, T3)","nsecond","8960.0"
"lts__t_sectors.avg.pct_of_peak_sustained_elapsed","void at::native::elementwise_kernel<(int)128, (int)2, void at::native::gpu_kernel_impl<at::native::CUDAFunctor_add<float>>(at::TensorIteratorBase &, const T1 &)::[lambda(int) (instance 1)]>(int, T3)","%","7.72"
"dram__throughput.avg.pct_of_peak_sustained_elapsed","void at::native::vectorized_elementwise_kernel<(int)4, at::native::<unnamed>::launch_clamp_scalar(at::TensorIteratorBase &, c10::Scalar, c10::Scalar, at::native::detail::ClampLimits)::[lambda() (instance 1)]::operator ()() const::[lambda() (instance 14)]::operator ()() const::[lambda(float) (instance 1)], at::detail::Array<char *, (int)2>>(int, T2, T3)","%","13.45"
"gpu__time_duration.sum","void at::native::vectorized_elementwise_kernel<(int)4, at::native::<unnamed>::launch_clamp_scalar(at::TensorIteratorBase &, c10::Scalar, c10::Scalar, at::native::detail::ClampLimits)::[lambda() (instance 1)]::operator ()() const::[lambda() (instance 14)]::operator ()() const::[lambda(float) (instance 1)], at::detail::Array<char *, (int)2>>(int, T2, T3)","nsecond","6240.0"
"lts__t_sectors.avg.pct_of_peak_sustained_elapsed","void at::native::vectorized_elementwise_kernel<(int)4, at::native::<unnamed>::launch_clamp_scalar(at::TensorIteratorBase &, c10::Scalar, c10::Scalar, at::native::detail::ClampLimits)::[lambda() (instance 1)]::operator ()() const::[lambda() (instance 14)]::operator ()() const::[lambda(float) (instance 1)], at::detail::Array<char *, (int)2>>(int, T2, T3)","%","11.08"
"dram__throughput.avg.pct_of_peak_sustained_elapsed","void cudnn::ops::nchwToNhwcKernel<float, float, float, (bool)0, (bool)1, (cudnnKernelDataType_t)2>(cudnn::ops::nchw2nhwc_params_t<T3>, const T1 *, T2 *)","%","11.49"
"gpu__time_duration.sum","void cudnn::ops::nchwToNhwcKernel<float, float, float, (bool)0, (bool)1, (cudnnKernelDataType_t)2>(cudnn::ops::nchw2nhwc_params_t<T3>, const T1 *, T2 *)","nsecond","7296.0"
"lts__t_sectors.avg.pct_of_peak_sustained_elapsed","void cudnn::ops::nchwToNhwcKernel<float, float, float, (bool)0, (bool)1, (cudnnKernelDataType_t)2>(cudnn::ops::nchw2nhwc_params_t<T3>, const T1 *, T2 *)","%","10.77"
"dram__throughput.avg.pct_of_peak_sustained_elapsed","void cudnn::ops::nchwToNhwcKernel<float, float, float, (bool)0, (bool)1, (cudnnKernelDataType_t)2>(cudnn::ops::nchw2nhwc_params_t<T3>, const T1 *, T2 *)","%","14.57"
"gpu__time_duration.sum","void cudnn::ops::nchwToNhwcKernel<float, float, float, (bool)0, (bool)1, (cudnnKernelDataType_t)2>(cudnn::ops::nchw2nhwc_params_t<T3>, const T1 *, T2 *)","nsecond","33664.0"
"lts__t_sectors.avg.pct_of_peak_sustained_elapsed","void cudnn::ops::nchwToNhwcKernel<float, float, float, (bool)0, (bool)1, (cudnnKernelDataType_t)2>(cudnn::ops::nchw2nhwc_params_t<T3>, const T1 *, T2 *)","%","11.96"
"dram__throughput.avg.pct_of_peak_sustained_elapsed","void cutlass_cudnn::Kernel<cutlass_tensorop_s1688fprop_optimized_tf32_64x64_32x5_nhwc_align4>(T1::Params)","%","5.32"
"gpu__time_duration.sum","void cutlass_cudnn::Kernel<cutlass_tensorop_s1688fprop_optimized_tf32_64x64_32x5_nhwc_align4>(T1::Params)","nsecond","107488.0"
"lts__t_sectors.avg.pct_of_peak_sustained_elapsed","void cutlass_cudnn::Kernel<cutlass_tensorop_s1688fprop_optimized_tf32_64x64_32x5_nhwc_align4>(T1::Params)","%","19.07"
"dram__throughput.avg.pct_of_peak_sustained_elapsed","void cudnn::ops::nhwcToNchwKernel<float, float, float, (bool)1, (bool)0, (cudnnKernelDataType_t)0>(cudnn::ops::nhwc2nchw_params_t<T3>, const T1 *, T2 *)","%","10.84"
"gpu__time_duration.sum","void cudnn::ops::nhwcToNchwKernel<float, float, float, (bool)1, (bool)0, (cudnnKernelDataType_t)0>(cudnn::ops::nhwc2nchw_params_t<T3>, const T1 *, T2 *)","nsecond","7776.0"
"lts__t_sectors.avg.pct_of_peak_sustained_elapsed","void cudnn::ops::nhwcToNchwKernel<float, float, float, (bool)1, (bool)0, (cudnnKernelDataType_t)0>(cudnn::ops::nhwc2nchw_params_t<T3>, const T1 *, T2 *)","%","10.34"
"dram__throughput.avg.pct_of_peak_sustained_elapsed","void at::native::elementwise_kernel<(int)128, (int)2, void at::native::gpu_kernel_impl<at::native::CUDAFunctor_add<float>>(at::TensorIteratorBase &, const T1 &)::[lambda(int) (instance 1)]>(int, T3)","%","9.71"
"gpu__time_duration.sum","void at::native::elementwise_kernel<(int)128, (int)2, void at::native::gpu_kernel_impl<at::native::CUDAFunctor_add<float>>(at::TensorIteratorBase &, const T1 &)::[lambda(int) (instance 1)]>(int, T3)","nsecond","8672.0"
"lts__t_sectors.avg.pct_of_peak_sustained_elapsed","void at::native::elementwise_kernel<(int)128, (int)2, void at::native::gpu_kernel_impl<at::native::CUDAFunctor_add<float>>(at::TensorIteratorBase &, const T1 &)::[lambda(int) (instance 1)]>(int, T3)","%","7.96"
"dram__throughput.avg.pct_of_peak_sustained_elapsed","void at::native::vectorized_elementwise_kernel<(int)4, at::native::<unnamed>::launch_clamp_scalar(at::TensorIteratorBase &, c10::Scalar, c10::Scalar, at::native::detail::ClampLimits)::[lambda() (instance 1)]::operator ()() const::[lambda() (instance 14)]::operator ()() const::[lambda(float) (instance 1)], at::detail::Array<char *, (int)2>>(int, T2, T3)","%","13.27"
"gpu__time_duration.sum","void at::native::vectorized_elementwise_kernel<(int)4, at::native::<unnamed>::launch_clamp_scalar(at::TensorIteratorBase &, c10::Scalar, c10::Scalar, at::native::detail::ClampLimits)::[lambda() (instance 1)]::operator ()() const::[lambda() (instance 14)]::operator ()() const::[lambda(float) (instance 1)], at::detail::Array<char *, (int)2>>(int, T2, T3)","nsecond","6336.0"
"lts__t_sectors.avg.pct_of_peak_sustained_elapsed","void at::native::vectorized_elementwise_kernel<(int)4, at::native::<unnamed>::launch_clamp_scalar(at::TensorIteratorBase &, c10::Scalar, c10::Scalar, at::native::detail::ClampLimits)::[lambda() (instance 1)]::operator ()() const::[lambda() (instance 14)]::operator ()() const::[lambda(float) (instance 1)], at::detail::Array<char *, (int)2>>(int, T2, T3)","%","10.83"
"dram__throughput.avg.pct_of_peak_sustained_elapsed","void cudnn::ops::nchwToNhwcKernel<float, float, float, (bool)0, (bool)1, (cudnnKernelDataType_t)2>(cudnn::ops::nchw2nhwc_params_t<T3>, const T1 *, T2 *)","%","10.96"
"gpu__time_duration.sum","void cudnn::ops::nchwToNhwcKernel<float, float, float, (bool)0, (bool)1, (cudnnKernelDataType_t)2>(cudnn::ops::nchw2nhwc_params_t<T3>, const T1 *, T2 *)","nsecond","7648.0"
"lts__t_sectors.avg.pct_of_peak_sustained_elapsed","void cudnn::ops::nchwToNhwcKernel<float, float, float, (bool)0, (bool)1, (cudnnKernelDataType_t)2>(cudnn::ops::nchw2nhwc_params_t<T3>, const T1 *, T2 *)","%","10.18"
"dram__throughput.avg.pct_of_peak_sustained_elapsed","void cudnn::ops::nchwToNhwcKernel<float, float, float, (bool)0, (bool)1, (cudnnKernelDataType_t)2>(cudnn::ops::nchw2nhwc_params_t<T3>, const T1 *, T2 *)","%","14.22"
"gpu__time_duration.sum","void cudnn::ops::nchwToNhwcKernel<float, float, float, (bool)0, (bool)1, (cudnnKernelDataType_t)2>(cudnn::ops::nchw2nhwc_params_t<T3>, const T1 *, T2 *)","nsecond","34432.0"
"lts__t_sectors.avg.pct_of_peak_sustained_elapsed","void cudnn::ops::nchwToNhwcKernel<float, float, float, (bool)0, (bool)1, (cudnnKernelDataType_t)2>(cudnn::ops::nchw2nhwc_params_t<T3>, const T1 *, T2 *)","%","11.55"
"dram__throughput.avg.pct_of_peak_sustained_elapsed","void cutlass_cudnn::Kernel<cutlass_tensorop_s1688fprop_optimized_tf32_64x64_32x5_nhwc_align4>(T1::Params)","%","5.32"
"gpu__time_duration.sum","void cutlass_cudnn::Kernel<cutlass_tensorop_s1688fprop_optimized_tf32_64x64_32x5_nhwc_align4>(T1::Params)","nsecond","107584.0"
"lts__t_sectors.avg.pct_of_peak_sustained_elapsed","void cutlass_cudnn::Kernel<cutlass_tensorop_s1688fprop_optimized_tf32_64x64_32x5_nhwc_align4>(T1::Params)","%","19.03"
"dram__throughput.avg.pct_of_peak_sustained_elapsed","void cudnn::ops::nhwcToNchwKernel<float, float, float, (bool)1, (bool)0, (cudnnKernelDataType_t)0>(cudnn::ops::nhwc2nchw_params_t<T3>, const T1 *, T2 *)","%","11.09"
"gpu__time_duration.sum","void cudnn::ops::nhwcToNchwKernel<float, float, float, (bool)1, (bool)0, (cudnnKernelDataType_t)0>(cudnn::ops::nhwc2nchw_params_t<T3>, const T1 *, T2 *)","nsecond","7616.0"
"lts__t_sectors.avg.pct_of_peak_sustained_elapsed","void cudnn::ops::nhwcToNchwKernel<float, float, float, (bool)1, (bool)0, (cudnnKernelDataType_t)0>(cudnn::ops::nhwc2nchw_params_t<T3>, const T1 *, T2 *)","%","10.42"
"dram__throughput.avg.pct_of_peak_sustained_elapsed","void at::native::elementwise_kernel<(int)128, (int)2, void at::native::gpu_kernel_impl<at::native::CUDAFunctor_add<float>>(at::TensorIteratorBase &, const T1 &)::[lambda(int) (instance 1)]>(int, T3)","%","9.44"
"gpu__time_duration.sum","void at::native::elementwise_kernel<(int)128, (int)2, void at::native::gpu_kernel_impl<at::native::CUDAFunctor_add<float>>(at::TensorIteratorBase &, const T1 &)::[lambda(int) (instance 1)]>(int, T3)","nsecond","8928.0"
"lts__t_sectors.avg.pct_of_peak_sustained_elapsed","void at::native::elementwise_kernel<(int)128, (int)2, void at::native::gpu_kernel_impl<at::native::CUDAFunctor_add<float>>(at::TensorIteratorBase &, const T1 &)::[lambda(int) (instance 1)]>(int, T3)","%","7.81"
"dram__throughput.avg.pct_of_peak_sustained_elapsed","void at::native::vectorized_elementwise_kernel<(int)4, at::native::<unnamed>::launch_clamp_scalar(at::TensorIteratorBase &, c10::Scalar, c10::Scalar, at::native::detail::ClampLimits)::[lambda() (instance 1)]::operator ()() const::[lambda() (instance 14)]::operator ()() const::[lambda(float) (instance 1)], at::detail::Array<char *, (int)2>>(int, T2, T3)","%","15.01"
"gpu__time_duration.sum","void at::native::vectorized_elementwise_kernel<(int)4, at::native::<unnamed>::launch_clamp_scalar(at::TensorIteratorBase &, c10::Scalar, c10::Scalar, at::native::detail::ClampLimits)::[lambda() (instance 1)]::operator ()() const::[lambda() (instance 14)]::operator ()() const::[lambda(float) (instance 1)], at::detail::Array<char *, (int)2>>(int, T2, T3)","nsecond","5600.0"
"lts__t_sectors.avg.pct_of_peak_sustained_elapsed","void at::native::vectorized_elementwise_kernel<(int)4, at::native::<unnamed>::launch_clamp_scalar(at::TensorIteratorBase &, c10::Scalar, c10::Scalar, at::native::detail::ClampLimits)::[lambda() (instance 1)]::operator ()() const::[lambda() (instance 14)]::operator ()() const::[lambda(float) (instance 1)], at::detail::Array<char *, (int)2>>(int, T2, T3)","%","12.03"
"dram__throughput.avg.pct_of_peak_sustained_elapsed","void at::native::<unnamed>::max_pool_forward_nchw<float, float>(int, const T1 *, long, long, long, int, int, int, int, int, int, int, int, int, int, T1 *, long *)","%","10.33"
"gpu__time_duration.sum","void at::native::<unnamed>::max_pool_forward_nchw<float, float>(int, const T1 *, long, long, long, int, int, int, int, int, int, int, int, int, int, T1 *, long *)","nsecond","8128.0"
"lts__t_sectors.avg.pct_of_peak_sustained_elapsed","void at::native::<unnamed>::max_pool_forward_nchw<float, float>(int, const T1 *, long, long, long, int, int, int, int, int, int, int, int, int, int, T1 *, long *)","%","7.47"
"dram__throughput.avg.pct_of_peak_sustained_elapsed","void at::native::<unnamed>::adaptive_average_pool<float>(T1 *, T1 *, int, int, int, int, long, long, long)","%","0.97"
"gpu__time_duration.sum","void at::native::<unnamed>::adaptive_average_pool<float>(T1 *, T1 *, int, int, int, int, long, long, long)","nsecond","22112.0"
"lts__t_sectors.avg.pct_of_peak_sustained_elapsed","void at::native::<unnamed>::adaptive_average_pool<float>(T1 *, T1 *, int, int, int, int, long, long, long)","%","1.44"
"dram__throughput.avg.pct_of_peak_sustained_elapsed","void cutlass::Kernel<cutlass_80_tensorop_s1688gemm_64x64_32x6_tn_align4>(T1::Params)","%","57.46"
"gpu__time_duration.sum","void cutlass::Kernel<cutlass_80_tensorop_s1688gemm_64x64_32x6_tn_align4>(T1::Params)","nsecond","371456.0"
"lts__t_sectors.avg.pct_of_peak_sustained_elapsed","void cutlass::Kernel<cutlass_80_tensorop_s1688gemm_64x64_32x6_tn_align4>(T1::Params)","%","29.06"
"dram__throughput.avg.pct_of_peak_sustained_elapsed","void at::native::vectorized_elementwise_kernel<(int)4, at::native::<unnamed>::launch_clamp_scalar(at::TensorIteratorBase &, c10::Scalar, c10::Scalar, at::native::detail::ClampLimits)::[lambda() (instance 1)]::operator ()() const::[lambda() (instance 14)]::operator ()() const::[lambda(float) (instance 1)], at::detail::Array<char *, (int)2>>(int, T2, T3)","%","0.81"
"gpu__time_duration.sum","void at::native::vectorized_elementwise_kernel<(int)4, at::native::<unnamed>::launch_clamp_scalar(at::TensorIteratorBase &, c10::Scalar, c10::Scalar, at::native::detail::ClampLimits)::[lambda() (instance 1)]::operator ()() const::[lambda() (instance 14)]::operator ()() const::[lambda(float) (instance 1)], at::detail::Array<char *, (int)2>>(int, T2, T3)","nsecond","4544.0"
"lts__t_sectors.avg.pct_of_peak_sustained_elapsed","void at::native::vectorized_elementwise_kernel<(int)4, at::native::<unnamed>::launch_clamp_scalar(at::TensorIteratorBase &, c10::Scalar, c10::Scalar, at::native::detail::ClampLimits)::[lambda() (instance 1)]::operator ()() const::[lambda() (instance 14)]::operator ()() const::[lambda(float) (instance 1)], at::detail::Array<char *, (int)2>>(int, T2, T3)","%","1.25"
"dram__throughput.avg.pct_of_peak_sustained_elapsed","void cutlass::Kernel<cutlass_80_tensorop_s1688gemm_128x64_32x6_tn_align4>(T1::Params)","%","62.95"
"gpu__time_duration.sum","void cutlass::Kernel<cutlass_80_tensorop_s1688gemm_128x64_32x6_tn_align4>(T1::Params)","nsecond","56448.0"
"lts__t_sectors.avg.pct_of_peak_sustained_elapsed","void cutlass::Kernel<cutlass_80_tensorop_s1688gemm_128x64_32x6_tn_align4>(T1::Params)","%","28.3"
"dram__throughput.avg.pct_of_peak_sustained_elapsed","void at::native::vectorized_elementwise_kernel<(int)4, at::native::<unnamed>::launch_clamp_scalar(at::TensorIteratorBase &, c10::Scalar, c10::Scalar, at::native::detail::ClampLimits)::[lambda() (instance 1)]::operator ()() const::[lambda() (instance 14)]::operator ()() const::[lambda(float) (instance 1)], at::detail::Array<char *, (int)2>>(int, T2, T3)","%","0.81"
"gpu__time_duration.sum","void at::native::vectorized_elementwise_kernel<(int)4, at::native::<unnamed>::launch_clamp_scalar(at::TensorIteratorBase &, c10::Scalar, c10::Scalar, at::native::detail::ClampLimits)::[lambda() (instance 1)]::operator ()() const::[lambda() (instance 14)]::operator ()() const::[lambda(float) (instance 1)], at::detail::Array<char *, (int)2>>(int, T2, T3)","nsecond","4544.0"
"lts__t_sectors.avg.pct_of_peak_sustained_elapsed","void at::native::vectorized_elementwise_kernel<(int)4, at::native::<unnamed>::launch_clamp_scalar(at::TensorIteratorBase &, c10::Scalar, c10::Scalar, at::native::detail::ClampLimits)::[lambda() (instance 1)]::operator ()() const::[lambda() (instance 14)]::operator ()() const::[lambda(float) (instance 1)], at::detail::Array<char *, (int)2>>(int, T2, T3)","%","1.17"
"dram__throughput.avg.pct_of_peak_sustained_elapsed","void cutlass::Kernel<cutlass_80_tensorop_s1688gemm_64x64_16x6_tn_align4>(T1::Params)","%","35.46"
"gpu__time_duration.sum","void cutlass::Kernel<cutlass_80_tensorop_s1688gemm_64x64_16x6_tn_align4>(T1::Params)","nsecond","24032.0"
"lts__t_sectors.avg.pct_of_peak_sustained_elapsed","void cutlass::Kernel<cutlass_80_tensorop_s1688gemm_64x64_16x6_tn_align4>(T1::Params)","%","14.3"
"dram__throughput.avg.pct_of_peak_sustained_elapsed","void splitKreduce_kernel<(int)32, (int)16, int, float, float, float, float, (bool)1, (bool)1, (bool)0>(cublasSplitKParams<T6>, const T4 *, const T5 *, T5 *, const T6 *, const T6 *, const T7 *, const T4 *, T7 *, void *, long, T6 *, int *)","%","0.79"
"gpu__time_duration.sum","void splitKreduce_kernel<(int)32, (int)16, int, float, float, float, float, (bool)1, (bool)1, (bool)0>(cublasSplitKParams<T6>, const T4 *, const T5 *, T5 *, const T6 *, const T6 *, const T7 *, const T4 *, T7 *, void *, long, T6 *, int *)","nsecond","5184.0"
"lts__t_sectors.avg.pct_of_peak_sustained_elapsed","void splitKreduce_kernel<(int)32, (int)16, int, float, float, float, float, (bool)1, (bool)1, (bool)0>(cublasSplitKParams<T6>, const T4 *, const T5 *, T5 *, const T6 *, const T6 *, const T7 *, const T4 *, T7 *, void *, long, T6 *, int *)","%","1.15"
"dram__throughput.avg.pct_of_peak_sustained_elapsed","void cask_cudnn::computeOffsetsKernel<(bool)0, (bool)0>(cask_cudnn::ComputeOffsetsParams)","%","0.05"
"gpu__time_duration.sum","void cask_cudnn::computeOffsetsKernel<(bool)0, (bool)0>(cask_cudnn::ComputeOffsetsParams)","nsecond","4736.0"
"lts__t_sectors.avg.pct_of_peak_sustained_elapsed","void cask_cudnn::computeOffsetsKernel<(bool)0, (bool)0>(cask_cudnn::ComputeOffsetsParams)","%","1.94"
"dram__throughput.avg.pct_of_peak_sustained_elapsed","cudnn_ampere_scudnn_128x64_relu_medium_nn_v1","%","14.76"
"gpu__time_duration.sum","cudnn_ampere_scudnn_128x64_relu_medium_nn_v1","nsecond","124352.0"
"lts__t_sectors.avg.pct_of_peak_sustained_elapsed","cudnn_ampere_scudnn_128x64_relu_medium_nn_v1","%","11.14"
"dram__throughput.avg.pct_of_peak_sustained_elapsed","void at::native::elementwise_kernel<(int)128, (int)2, void at::native::gpu_kernel_impl<at::native::CUDAFunctor_add<float>>(at::TensorIteratorBase &, const T1 &)::[lambda(int) (instance 1)]>(int, T3)","%","42.85"
"gpu__time_duration.sum","void at::native::elementwise_kernel<(int)128, (int)2, void at::native::gpu_kernel_impl<at::native::CUDAFunctor_add<float>>(at::TensorIteratorBase &, const T1 &)::[lambda(int) (instance 1)]>(int, T3)","nsecond","101760.0"
"lts__t_sectors.avg.pct_of_peak_sustained_elapsed","void at::native::elementwise_kernel<(int)128, (int)2, void at::native::gpu_kernel_impl<at::native::CUDAFunctor_add<float>>(at::TensorIteratorBase &, const T1 &)::[lambda(int) (instance 1)]>(int, T3)","%","21.37"
"dram__throughput.avg.pct_of_peak_sustained_elapsed","void at::native::vectorized_elementwise_kernel<(int)4, at::native::<unnamed>::launch_clamp_scalar(at::TensorIteratorBase &, c10::Scalar, c10::Scalar, at::native::detail::ClampLimits)::[lambda() (instance 1)]::operator ()() const::[lambda() (instance 14)]::operator ()() const::[lambda(float) (instance 1)], at::detail::Array<char *, (int)2>>(int, T2, T3)","%","77.83"
"gpu__time_duration.sum","void at::native::vectorized_elementwise_kernel<(int)4, at::native::<unnamed>::launch_clamp_scalar(at::TensorIteratorBase &, c10::Scalar, c10::Scalar, at::native::detail::ClampLimits)::[lambda() (instance 1)]::operator ()() const::[lambda() (instance 14)]::operator ()() const::[lambda(float) (instance 1)], at::detail::Array<char *, (int)2>>(int, T2, T3)","nsecond","56096.0"
"lts__t_sectors.avg.pct_of_peak_sustained_elapsed","void at::native::vectorized_elementwise_kernel<(int)4, at::native::<unnamed>::launch_clamp_scalar(at::TensorIteratorBase &, c10::Scalar, c10::Scalar, at::native::detail::ClampLimits)::[lambda() (instance 1)]::operator ()() const::[lambda() (instance 14)]::operator ()() const::[lambda(float) (instance 1)], at::detail::Array<char *, (int)2>>(int, T2, T3)","%","38.37"
"dram__throughput.avg.pct_of_peak_sustained_elapsed","void cudnn::ops::nchwToNhwcKernel<float, float, float, (bool)0, (bool)1, (cudnnKernelDataType_t)2>(cudnn::ops::nchw2nhwc_params_t<T3>, const T1 *, T2 *)","%","59.98"
"gpu__time_duration.sum","void cudnn::ops::nchwToNhwcKernel<float, float, float, (bool)0, (bool)1, (cudnnKernelDataType_t)2>(cudnn::ops::nchw2nhwc_params_t<T3>, const T1 *, T2 *)","nsecond","76512.0"
"lts__t_sectors.avg.pct_of_peak_sustained_elapsed","void cudnn::ops::nchwToNhwcKernel<float, float, float, (bool)0, (bool)1, (cudnnKernelDataType_t)2>(cudnn::ops::nchw2nhwc_params_t<T3>, const T1 *, T2 *)","%","32.91"
"dram__throughput.avg.pct_of_peak_sustained_elapsed","void cudnn::ops::nchwToNhwcKernel<float, float, float, (bool)0, (bool)1, (cudnnKernelDataType_t)2>(cudnn::ops::nchw2nhwc_params_t<T3>, const T1 *, T2 *)","%","1.36"
"gpu__time_duration.sum","void cudnn::ops::nchwToNhwcKernel<float, float, float, (bool)0, (bool)1, (cudnnKernelDataType_t)2>(cudnn::ops::nchw2nhwc_params_t<T3>, const T1 *, T2 *)","nsecond","6048.0"
"lts__t_sectors.avg.pct_of_peak_sustained_elapsed","void cudnn::ops::nchwToNhwcKernel<float, float, float, (bool)0, (bool)1, (cudnnKernelDataType_t)2>(cudnn::ops::nchw2nhwc_params_t<T3>, const T1 *, T2 *)","%","1.66"
"dram__throughput.avg.pct_of_peak_sustained_elapsed","sm80_xmma_fprop_implicit_gemm_indexed_tf32f32_tf32f32_f32_nhwckrsc_nchw_tilesize256x64x32_stage3_warpsize4x2x1_g1_tensor16x8x8_execute_kernel_cudnn","%","14.48"
"gpu__time_duration.sum","sm80_xmma_fprop_implicit_gemm_indexed_tf32f32_tf32f32_f32_nhwckrsc_nchw_tilesize256x64x32_stage3_warpsize4x2x1_g1_tensor16x8x8_execute_kernel_cudnn","nsecond","321760.0"
"lts__t_sectors.avg.pct_of_peak_sustained_elapsed","sm80_xmma_fprop_implicit_gemm_indexed_tf32f32_tf32f32_f32_nhwckrsc_nchw_tilesize256x64x32_stage3_warpsize4x2x1_g1_tensor16x8x8_execute_kernel_cudnn","%","29.69"
"dram__throughput.avg.pct_of_peak_sustained_elapsed","void at::native::elementwise_kernel<(int)128, (int)2, void at::native::gpu_kernel_impl<at::native::CUDAFunctor_add<float>>(at::TensorIteratorBase &, const T1 &)::[lambda(int) (instance 1)]>(int, T3)","%","42.85"
"gpu__time_duration.sum","void at::native::elementwise_kernel<(int)128, (int)2, void at::native::gpu_kernel_impl<at::native::CUDAFunctor_add<float>>(at::TensorIteratorBase &, const T1 &)::[lambda(int) (instance 1)]>(int, T3)","nsecond","101664.0"
"lts__t_sectors.avg.pct_of_peak_sustained_elapsed","void at::native::elementwise_kernel<(int)128, (int)2, void at::native::gpu_kernel_impl<at::native::CUDAFunctor_add<float>>(at::TensorIteratorBase &, const T1 &)::[lambda(int) (instance 1)]>(int, T3)","%","21.09"
"dram__throughput.avg.pct_of_peak_sustained_elapsed","void at::native::vectorized_elementwise_kernel<(int)4, at::native::<unnamed>::launch_clamp_scalar(at::TensorIteratorBase &, c10::Scalar, c10::Scalar, at::native::detail::ClampLimits)::[lambda() (instance 1)]::operator ()() const::[lambda() (instance 14)]::operator ()() const::[lambda(float) (instance 1)], at::detail::Array<char *, (int)2>>(int, T2, T3)","%","76.72"
"gpu__time_duration.sum","void at::native::vectorized_elementwise_kernel<(int)4, at::native::<unnamed>::launch_clamp_scalar(at::TensorIteratorBase &, c10::Scalar, c10::Scalar, at::native::detail::ClampLimits)::[lambda() (instance 1)]::operator ()() const::[lambda() (instance 14)]::operator ()() const::[lambda(float) (instance 1)], at::detail::Array<char *, (int)2>>(int, T2, T3)","nsecond","56896.0"
"lts__t_sectors.avg.pct_of_peak_sustained_elapsed","void at::native::vectorized_elementwise_kernel<(int)4, at::native::<unnamed>::launch_clamp_scalar(at::TensorIteratorBase &, c10::Scalar, c10::Scalar, at::native::detail::ClampLimits)::[lambda() (instance 1)]::operator ()() const::[lambda() (instance 14)]::operator ()() const::[lambda(float) (instance 1)], at::detail::Array<char *, (int)2>>(int, T2, T3)","%","37.95"
"dram__throughput.avg.pct_of_peak_sustained_elapsed","void at::native::<unnamed>::max_pool_forward_nchw<float, float>(int, const T1 *, long, long, long, int, int, int, int, int, int, int, int, int, int, T1 *, long *)","%","36.88"
"gpu__time_duration.sum","void at::native::<unnamed>::max_pool_forward_nchw<float, float>(int, const T1 *, long, long, long, int, int, int, int, int, int, int, int, int, int, T1 *, long *)","nsecond","110528.0"
"lts__t_sectors.avg.pct_of_peak_sustained_elapsed","void at::native::<unnamed>::max_pool_forward_nchw<float, float>(int, const T1 *, long, long, long, int, int, int, int, int, int, int, int, int, int, T1 *, long *)","%","19.48"
"dram__throughput.avg.pct_of_peak_sustained_elapsed","void cudnn::ops::nchwToNhwcKernel<float, float, float, (bool)0, (bool)1, (cudnnKernelDataType_t)2>(cudnn::ops::nchw2nhwc_params_t<T3>, const T1 *, T2 *)","%","34.87"
"gpu__time_duration.sum","void cudnn::ops::nchwToNhwcKernel<float, float, float, (bool)0, (bool)1, (cudnnKernelDataType_t)2>(cudnn::ops::nchw2nhwc_params_t<T3>, const T1 *, T2 *)","nsecond","20064.0"
"lts__t_sectors.avg.pct_of_peak_sustained_elapsed","void cudnn::ops::nchwToNhwcKernel<float, float, float, (bool)0, (bool)1, (cudnnKernelDataType_t)2>(cudnn::ops::nchw2nhwc_params_t<T3>, const T1 *, T2 *)","%","25.98"
"dram__throughput.avg.pct_of_peak_sustained_elapsed","void cudnn::ops::nchwToNhwcKernel<float, float, float, (bool)0, (bool)1, (cudnnKernelDataType_t)2>(cudnn::ops::nchw2nhwc_params_t<T3>, const T1 *, T2 *)","%","2.66"
"gpu__time_duration.sum","void cudnn::ops::nchwToNhwcKernel<float, float, float, (bool)0, (bool)1, (cudnnKernelDataType_t)2>(cudnn::ops::nchw2nhwc_params_t<T3>, const T1 *, T2 *)","nsecond","5952.0"
"lts__t_sectors.avg.pct_of_peak_sustained_elapsed","void cudnn::ops::nchwToNhwcKernel<float, float, float, (bool)0, (bool)1, (cudnnKernelDataType_t)2>(cudnn::ops::nchw2nhwc_params_t<T3>, const T1 *, T2 *)","%","2.62"
"dram__throughput.avg.pct_of_peak_sustained_elapsed","sm80_xmma_fprop_implicit_gemm_indexed_tf32f32_tf32f32_f32_nhwckrsc_nchw_tilesize128x128x16_stage4_warpsize2x2x1_g1_tensor16x8x8_execute_kernel_cudnn","%","7.77"
"gpu__time_duration.sum","sm80_xmma_fprop_implicit_gemm_indexed_tf32f32_tf32f32_f32_nhwckrsc_nchw_tilesize128x128x16_stage4_warpsize2x2x1_g1_tensor16x8x8_execute_kernel_cudnn","nsecond","149216.0"
"lts__t_sectors.avg.pct_of_peak_sustained_elapsed","sm80_xmma_fprop_implicit_gemm_indexed_tf32f32_tf32f32_f32_nhwckrsc_nchw_tilesize128x128x16_stage4_warpsize2x2x1_g1_tensor16x8x8_execute_kernel_cudnn","%","25.0"
"dram__throughput.avg.pct_of_peak_sustained_elapsed","void at::native::elementwise_kernel<(int)128, (int)2, void at::native::gpu_kernel_impl<at::native::CUDAFunctor_add<float>>(at::TensorIteratorBase &, const T1 &)::[lambda(int) (instance 1)]>(int, T3)","%","32.8"
"gpu__time_duration.sum","void at::native::elementwise_kernel<(int)128, (int)2, void at::native::gpu_kernel_impl<at::native::CUDAFunctor_add<float>>(at::TensorIteratorBase &, const T1 &)::[lambda(int) (instance 1)]>(int, T3)","nsecond","51968.0"
"lts__t_sectors.avg.pct_of_peak_sustained_elapsed","void at::native::elementwise_kernel<(int)128, (int)2, void at::native::gpu_kernel_impl<at::native::CUDAFunctor_add<float>>(at::TensorIteratorBase &, const T1 &)::[lambda(int) (instance 1)]>(int, T3)","%","19.64"
"dram__throughput.avg.pct_of_peak_sustained_elapsed","void at::native::vectorized_elementwise_kernel<(int)4, at::native::<unnamed>::launch_clamp_scalar(at::TensorIteratorBase &, c10::Scalar, c10::Scalar, at::native::detail::ClampLimits)::[lambda() (instance 1)]::operator ()() const::[lambda() (instance 14)]::operator ()() const::[lambda(float) (instance 1)], at::detail::Array<char *, (int)2>>(int, T2, T3)","%","61.43"
"gpu__time_duration.sum","void at::native::vectorized_elementwise_kernel<(int)4, at::native::<unnamed>::launch_clamp_scalar(at::TensorIteratorBase &, c10::Scalar, c10::Scalar, at::native::detail::ClampLimits)::[lambda() (instance 1)]::operator ()() const::[lambda() (instance 14)]::operator ()() const::[lambda(float) (instance 1)], at::detail::Array<char *, (int)2>>(int, T2, T3)","nsecond","27744.0"
"lts__t_sectors.avg.pct_of_peak_sustained_elapsed","void at::native::vectorized_elementwise_kernel<(int)4, at::native::<unnamed>::launch_clamp_scalar(at::TensorIteratorBase &, c10::Scalar, c10::Scalar, at::native::detail::ClampLimits)::[lambda() (instance 1)]::operator ()() const::[lambda() (instance 14)]::operator ()() const::[lambda(float) (instance 1)], at::detail::Array<char *, (int)2>>(int, T2, T3)","%","36.93"
"dram__throughput.avg.pct_of_peak_sustained_elapsed","void cudnn::ops::nchwToNhwcKernel<float, float, float, (bool)0, (bool)1, (cudnnKernelDataType_t)2>(cudnn::ops::nchw2nhwc_params_t<T3>, const T1 *, T2 *)","%","52.18"
"gpu__time_duration.sum","void cudnn::ops::nchwToNhwcKernel<float, float, float, (bool)0, (bool)1, (cudnnKernelDataType_t)2>(cudnn::ops::nchw2nhwc_params_t<T3>, const T1 *, T2 *)","nsecond","37088.0"
"lts__t_sectors.avg.pct_of_peak_sustained_elapsed","void cudnn::ops::nchwToNhwcKernel<float, float, float, (bool)0, (bool)1, (cudnnKernelDataType_t)2>(cudnn::ops::nchw2nhwc_params_t<T3>, const T1 *, T2 *)","%","32.17"
"dram__throughput.avg.pct_of_peak_sustained_elapsed","void cudnn::ops::nchwToNhwcKernel<float, float, float, (bool)0, (bool)1, (cudnnKernelDataType_t)2>(cudnn::ops::nchw2nhwc_params_t<T3>, const T1 *, T2 *)","%","4.88"
"gpu__time_duration.sum","void cudnn::ops::nchwToNhwcKernel<float, float, float, (bool)0, (bool)1, (cudnnKernelDataType_t)2>(cudnn::ops::nchw2nhwc_params_t<T3>, const T1 *, T2 *)","nsecond","6400.0"
"lts__t_sectors.avg.pct_of_peak_sustained_elapsed","void cudnn::ops::nchwToNhwcKernel<float, float, float, (bool)0, (bool)1, (cudnnKernelDataType_t)2>(cudnn::ops::nchw2nhwc_params_t<T3>, const T1 *, T2 *)","%","4.42"
"dram__throughput.avg.pct_of_peak_sustained_elapsed","sm80_xmma_fprop_implicit_gemm_indexed_tf32f32_tf32f32_f32_nhwckrsc_nchw_tilesize128x128x16_stage4_warpsize2x2x1_g1_tensor16x8x8_execute_kernel_cudnn","%","7.74"
"gpu__time_duration.sum","sm80_xmma_fprop_implicit_gemm_indexed_tf32f32_tf32f32_f32_nhwckrsc_nchw_tilesize128x128x16_stage4_warpsize2x2x1_g1_tensor16x8x8_execute_kernel_cudnn","nsecond","259232.0"
"lts__t_sectors.avg.pct_of_peak_sustained_elapsed","sm80_xmma_fprop_implicit_gemm_indexed_tf32f32_tf32f32_f32_nhwckrsc_nchw_tilesize128x128x16_stage4_warpsize2x2x1_g1_tensor16x8x8_execute_kernel_cudnn","%","26.64"
"dram__throughput.avg.pct_of_peak_sustained_elapsed","void at::native::elementwise_kernel<(int)128, (int)2, void at::native::gpu_kernel_impl<at::native::CUDAFunctor_add<float>>(at::TensorIteratorBase &, const T1 &)::[lambda(int) (instance 1)]>(int, T3)","%","32.97"
"gpu__time_duration.sum","void at::native::elementwise_kernel<(int)128, (int)2, void at::native::gpu_kernel_impl<at::native::CUDAFunctor_add<float>>(at::TensorIteratorBase &, const T1 &)::[lambda(int) (instance 1)]>(int, T3)","nsecond","51648.0"
"lts__t_sectors.avg.pct_of_peak_sustained_elapsed","void at::native::elementwise_kernel<(int)128, (int)2, void at::native::gpu_kernel_impl<at::native::CUDAFunctor_add<float>>(at::TensorIteratorBase &, const T1 &)::[lambda(int) (instance 1)]>(int, T3)","%","19.63"
"dram__throughput.avg.pct_of_peak_sustained_elapsed","void at::native::vectorized_elementwise_kernel<(int)4, at::native::<unnamed>::launch_clamp_scalar(at::TensorIteratorBase &, c10::Scalar, c10::Scalar, at::native::detail::ClampLimits)::[lambda() (instance 1)]::operator ()() const::[lambda() (instance 14)]::operator ()() const::[lambda(float) (instance 1)], at::detail::Array<char *, (int)2>>(int, T2, T3)","%","60.88"
"gpu__time_duration.sum","void at::native::vectorized_elementwise_kernel<(int)4, at::native::<unnamed>::launch_clamp_scalar(at::TensorIteratorBase &, c10::Scalar, c10::Scalar, at::native::detail::ClampLimits)::[lambda() (instance 1)]::operator ()() const::[lambda() (instance 14)]::operator ()() const::[lambda(float) (instance 1)], at::detail::Array<char *, (int)2>>(int, T2, T3)","nsecond","28000.0"
"lts__t_sectors.avg.pct_of_peak_sustained_elapsed","void at::native::vectorized_elementwise_kernel<(int)4, at::native::<unnamed>::launch_clamp_scalar(at::TensorIteratorBase &, c10::Scalar, c10::Scalar, at::native::detail::ClampLimits)::[lambda() (instance 1)]::operator ()() const::[lambda() (instance 14)]::operator ()() const::[lambda(float) (instance 1)], at::detail::Array<char *, (int)2>>(int, T2, T3)","%","36.49"
"dram__throughput.avg.pct_of_peak_sustained_elapsed","void at::native::<unnamed>::max_pool_forward_nchw<float, float>(int, const T1 *, long, long, long, int, int, int, int, int, int, int, int, int, int, T1 *, long *)","%","30.65"
"gpu__time_duration.sum","void at::native::<unnamed>::max_pool_forward_nchw<float, float>(int, const T1 *, long, long, long, int, int, int, int, int, int, int, int, int, int, T1 *, long *)","nsecond","57760.0"
"lts__t_sectors.avg.pct_of_peak_sustained_elapsed","void at::native::<unnamed>::max_pool_forward_nchw<float, float>(int, const T1 *, long, long, long, int, int, int, int, int, int, int, int, int, int, T1 *, long *)","%","17.45"
"dram__throughput.avg.pct_of_peak_sustained_elapsed","void cudnn::ops::nchwToNhwcKernel<float, float, float, (bool)0, (bool)1, (cudnnKernelDataType_t)2>(cudnn::ops::nchw2nhwc_params_t<T3>, const T1 *, T2 *)","%","26.61"
"gpu__time_duration.sum","void cudnn::ops::nchwToNhwcKernel<float, float, float, (bool)0, (bool)1, (cudnnKernelDataType_t)2>(cudnn::ops::nchw2nhwc_params_t<T3>, const T1 *, T2 *)","nsecond","12544.0"
"lts__t_sectors.avg.pct_of_peak_sustained_elapsed","void cudnn::ops::nchwToNhwcKernel<float, float, float, (bool)0, (bool)1, (cudnnKernelDataType_t)2>(cudnn::ops::nchw2nhwc_params_t<T3>, const T1 *, T2 *)","%","21.08"
"dram__throughput.avg.pct_of_peak_sustained_elapsed","void cudnn::ops::nchwToNhwcKernel<float, float, float, (bool)0, (bool)1, (cudnnKernelDataType_t)2>(cudnn::ops::nchw2nhwc_params_t<T3>, const T1 *, T2 *)","%","6.94"
"gpu__time_duration.sum","void cudnn::ops::nchwToNhwcKernel<float, float, float, (bool)0, (bool)1, (cudnnKernelDataType_t)2>(cudnn::ops::nchw2nhwc_params_t<T3>, const T1 *, T2 *)","nsecond","8928.0"
"lts__t_sectors.avg.pct_of_peak_sustained_elapsed","void cudnn::ops::nchwToNhwcKernel<float, float, float, (bool)0, (bool)1, (cudnnKernelDataType_t)2>(cudnn::ops::nchw2nhwc_params_t<T3>, const T1 *, T2 *)","%","6.17"
"dram__throughput.avg.pct_of_peak_sustained_elapsed","sm80_xmma_fprop_implicit_gemm_indexed_tf32f32_tf32f32_f32_nhwckrsc_nchw_tilesize128x128x16_stage4_warpsize2x2x1_g1_tensor16x8x8_execute_kernel_cudnn","%","3.02"
"gpu__time_duration.sum","sm80_xmma_fprop_implicit_gemm_indexed_tf32f32_tf32f32_f32_nhwckrsc_nchw_tilesize128x128x16_stage4_warpsize2x2x1_g1_tensor16x8x8_execute_kernel_cudnn","nsecond","136384.0"
"lts__t_sectors.avg.pct_of_peak_sustained_elapsed","sm80_xmma_fprop_implicit_gemm_indexed_tf32f32_tf32f32_f32_nhwckrsc_nchw_tilesize128x128x16_stage4_warpsize2x2x1_g1_tensor16x8x8_execute_kernel_cudnn","%","24.19"
"dram__throughput.avg.pct_of_peak_sustained_elapsed","void at::native::elementwise_kernel<(int)128, (int)2, void at::native::gpu_kernel_impl<at::native::CUDAFunctor_add<float>>(at::TensorIteratorBase &, const T1 &)::[lambda(int) (instance 1)]>(int, T3)","%","23.97"
"gpu__time_duration.sum","void at::native::elementwise_kernel<(int)128, (int)2, void at::native::gpu_kernel_impl<at::native::CUDAFunctor_add<float>>(at::TensorIteratorBase &, const T1 &)::[lambda(int) (instance 1)]>(int, T3)","nsecond","27808.0"
"lts__t_sectors.avg.pct_of_peak_sustained_elapsed","void at::native::elementwise_kernel<(int)128, (int)2, void at::native::gpu_kernel_impl<at::native::CUDAFunctor_add<float>>(at::TensorIteratorBase &, const T1 &)::[lambda(int) (instance 1)]>(int, T3)","%","18.51"
"dram__throughput.avg.pct_of_peak_sustained_elapsed","void at::native::vectorized_elementwise_kernel<(int)4, at::native::<unnamed>::launch_clamp_scalar(at::TensorIteratorBase &, c10::Scalar, c10::Scalar, at::native::detail::ClampLimits)::[lambda() (instance 1)]::operator ()() const::[lambda() (instance 14)]::operator ()() const::[lambda(float) (instance 1)], at::detail::Array<char *, (int)2>>(int, T2, T3)","%","42.54"
"gpu__time_duration.sum","void at::native::vectorized_elementwise_kernel<(int)4, at::native::<unnamed>::launch_clamp_scalar(at::TensorIteratorBase &, c10::Scalar, c10::Scalar, at::native::detail::ClampLimits)::[lambda() (instance 1)]::operator ()() const::[lambda() (instance 14)]::operator ()() const::[lambda(float) (instance 1)], at::detail::Array<char *, (int)2>>(int, T2, T3)","nsecond","15712.0"
"lts__t_sectors.avg.pct_of_peak_sustained_elapsed","void at::native::vectorized_elementwise_kernel<(int)4, at::native::<unnamed>::launch_clamp_scalar(at::TensorIteratorBase &, c10::Scalar, c10::Scalar, at::native::detail::ClampLimits)::[lambda() (instance 1)]::operator ()() const::[lambda() (instance 14)]::operator ()() const::[lambda(float) (instance 1)], at::detail::Array<char *, (int)2>>(int, T2, T3)","%","32.85"
"dram__throughput.avg.pct_of_peak_sustained_elapsed","void cudnn::ops::nchwToNhwcKernel<float, float, float, (bool)0, (bool)1, (cudnnKernelDataType_t)2>(cudnn::ops::nchw2nhwc_params_t<T3>, const T1 *, T2 *)","%","35.56"
"gpu__time_duration.sum","void cudnn::ops::nchwToNhwcKernel<float, float, float, (bool)0, (bool)1, (cudnnKernelDataType_t)2>(cudnn::ops::nchw2nhwc_params_t<T3>, const T1 *, T2 *)","nsecond","19840.0"
"lts__t_sectors.avg.pct_of_peak_sustained_elapsed","void cudnn::ops::nchwToNhwcKernel<float, float, float, (bool)0, (bool)1, (cudnnKernelDataType_t)2>(cudnn::ops::nchw2nhwc_params_t<T3>, const T1 *, T2 *)","%","27.19"
"dram__throughput.avg.pct_of_peak_sustained_elapsed","void cudnn::ops::nchwToNhwcKernel<float, float, float, (bool)0, (bool)1, (cudnnKernelDataType_t)2>(cudnn::ops::nchw2nhwc_params_t<T3>, const T1 *, T2 *)","%","9.46"
"gpu__time_duration.sum","void cudnn::ops::nchwToNhwcKernel<float, float, float, (bool)0, (bool)1, (cudnnKernelDataType_t)2>(cudnn::ops::nchw2nhwc_params_t<T3>, const T1 *, T2 *)","nsecond","12960.0"
"lts__t_sectors.avg.pct_of_peak_sustained_elapsed","void cudnn::ops::nchwToNhwcKernel<float, float, float, (bool)0, (bool)1, (cudnnKernelDataType_t)2>(cudnn::ops::nchw2nhwc_params_t<T3>, const T1 *, T2 *)","%","8.46"
"dram__throughput.avg.pct_of_peak_sustained_elapsed","sm80_xmma_fprop_implicit_gemm_tf32f32_tf32f32_f32_nhwckrsc_nchw_tilesize256x128x32_stage3_warpsize4x2x1_g1_tensor16x8x8_execute_kernel_cudnn","%","2.78"
"gpu__time_duration.sum","sm80_xmma_fprop_implicit_gemm_tf32f32_tf32f32_f32_nhwckrsc_nchw_tilesize256x128x32_stage3_warpsize4x2x1_g1_tensor16x8x8_execute_kernel_cudnn","nsecond","314272.0"
"lts__t_sectors.avg.pct_of_peak_sustained_elapsed","sm80_xmma_fprop_implicit_gemm_tf32f32_tf32f32_f32_nhwckrsc_nchw_tilesize256x128x32_stage3_warpsize4x2x1_g1_tensor16x8x8_execute_kernel_cudnn","%","15.42"
"dram__throughput.avg.pct_of_peak_sustained_elapsed","void at::native::elementwise_kernel<(int)128, (int)2, void at::native::gpu_kernel_impl<at::native::CUDAFunctor_add<float>>(at::TensorIteratorBase &, const T1 &)::[lambda(int) (instance 1)]>(int, T3)","%","23.89"
"gpu__time_duration.sum","void at::native::elementwise_kernel<(int)128, (int)2, void at::native::gpu_kernel_impl<at::native::CUDAFunctor_add<float>>(at::TensorIteratorBase &, const T1 &)::[lambda(int) (instance 1)]>(int, T3)","nsecond","27872.0"
"lts__t_sectors.avg.pct_of_peak_sustained_elapsed","void at::native::elementwise_kernel<(int)128, (int)2, void at::native::gpu_kernel_impl<at::native::CUDAFunctor_add<float>>(at::TensorIteratorBase &, const T1 &)::[lambda(int) (instance 1)]>(int, T3)","%","18.44"
"dram__throughput.avg.pct_of_peak_sustained_elapsed","void at::native::vectorized_elementwise_kernel<(int)4, at::native::<unnamed>::launch_clamp_scalar(at::TensorIteratorBase &, c10::Scalar, c10::Scalar, at::native::detail::ClampLimits)::[lambda() (instance 1)]::operator ()() const::[lambda() (instance 14)]::operator ()() const::[lambda(float) (instance 1)], at::detail::Array<char *, (int)2>>(int, T2, T3)","%","42.65"
"gpu__time_duration.sum","void at::native::vectorized_elementwise_kernel<(int)4, at::native::<unnamed>::launch_clamp_scalar(at::TensorIteratorBase &, c10::Scalar, c10::Scalar, at::native::detail::ClampLimits)::[lambda() (instance 1)]::operator ()() const::[lambda() (instance 14)]::operator ()() const::[lambda(float) (instance 1)], at::detail::Array<char *, (int)2>>(int, T2, T3)","nsecond","15648.0"
"lts__t_sectors.avg.pct_of_peak_sustained_elapsed","void at::native::vectorized_elementwise_kernel<(int)4, at::native::<unnamed>::launch_clamp_scalar(at::TensorIteratorBase &, c10::Scalar, c10::Scalar, at::native::detail::ClampLimits)::[lambda() (instance 1)]::operator ()() const::[lambda() (instance 14)]::operator ()() const::[lambda(float) (instance 1)], at::detail::Array<char *, (int)2>>(int, T2, T3)","%","32.97"
"dram__throughput.avg.pct_of_peak_sustained_elapsed","void cudnn::ops::nchwToNhwcKernel<float, float, float, (bool)0, (bool)1, (cudnnKernelDataType_t)2>(cudnn::ops::nchw2nhwc_params_t<T3>, const T1 *, T2 *)","%","35.74"
"gpu__time_duration.sum","void cudnn::ops::nchwToNhwcKernel<float, float, float, (bool)0, (bool)1, (cudnnKernelDataType_t)2>(cudnn::ops::nchw2nhwc_params_t<T3>, const T1 *, T2 *)","nsecond","19936.0"
"lts__t_sectors.avg.pct_of_peak_sustained_elapsed","void cudnn::ops::nchwToNhwcKernel<float, float, float, (bool)0, (bool)1, (cudnnKernelDataType_t)2>(cudnn::ops::nchw2nhwc_params_t<T3>, const T1 *, T2 *)","%","27.27"
"dram__throughput.avg.pct_of_peak_sustained_elapsed","void cudnn::ops::nchwToNhwcKernel<float, float, float, (bool)0, (bool)1, (cudnnKernelDataType_t)2>(cudnn::ops::nchw2nhwc_params_t<T3>, const T1 *, T2 *)","%","9.51"
"gpu__time_duration.sum","void cudnn::ops::nchwToNhwcKernel<float, float, float, (bool)0, (bool)1, (cudnnKernelDataType_t)2>(cudnn::ops::nchw2nhwc_params_t<T3>, const T1 *, T2 *)","nsecond","12928.0"
"lts__t_sectors.avg.pct_of_peak_sustained_elapsed","void cudnn::ops::nchwToNhwcKernel<float, float, float, (bool)0, (bool)1, (cudnnKernelDataType_t)2>(cudnn::ops::nchw2nhwc_params_t<T3>, const T1 *, T2 *)","%","8.3"
"dram__throughput.avg.pct_of_peak_sustained_elapsed","sm80_xmma_fprop_implicit_gemm_tf32f32_tf32f32_f32_nhwckrsc_nchw_tilesize256x128x32_stage3_warpsize4x2x1_g1_tensor16x8x8_execute_kernel_cudnn","%","2.78"
"gpu__time_duration.sum","sm80_xmma_fprop_implicit_gemm_tf32f32_tf32f32_f32_nhwckrsc_nchw_tilesize256x128x32_stage3_warpsize4x2x1_g1_tensor16x8x8_execute_kernel_cudnn","nsecond","313920.0"
"lts__t_sectors.avg.pct_of_peak_sustained_elapsed","sm80_xmma_fprop_implicit_gemm_tf32f32_tf32f32_f32_nhwckrsc_nchw_tilesize256x128x32_stage3_warpsize4x2x1_g1_tensor16x8x8_execute_kernel_cudnn","%","15.44"
"dram__throughput.avg.pct_of_peak_sustained_elapsed","void at::native::elementwise_kernel<(int)128, (int)2, void at::native::gpu_kernel_impl<at::native::CUDAFunctor_add<float>>(at::TensorIteratorBase &, const T1 &)::[lambda(int) (instance 1)]>(int, T3)","%","24.11"
"gpu__time_duration.sum","void at::native::elementwise_kernel<(int)128, (int)2, void at::native::gpu_kernel_impl<at::native::CUDAFunctor_add<float>>(at::TensorIteratorBase &, const T1 &)::[lambda(int) (instance 1)]>(int, T3)","nsecond","27648.0"
"lts__t_sectors.avg.pct_of_peak_sustained_elapsed","void at::native::elementwise_kernel<(int)128, (int)2, void at::native::gpu_kernel_impl<at::native::CUDAFunctor_add<float>>(at::TensorIteratorBase &, const T1 &)::[lambda(int) (instance 1)]>(int, T3)","%","18.59"
"dram__throughput.avg.pct_of_peak_sustained_elapsed","void at::native::vectorized_elementwise_kernel<(int)4, at::native::<unnamed>::launch_clamp_scalar(at::TensorIteratorBase &, c10::Scalar, c10::Scalar, at::native::detail::ClampLimits)::[lambda() (instance 1)]::operator ()() const::[lambda() (instance 14)]::operator ()() const::[lambda(float) (instance 1)], at::detail::Array<char *, (int)2>>(int, T2, T3)","%","42.59"
"gpu__time_duration.sum","void at::native::vectorized_elementwise_kernel<(int)4, at::native::<unnamed>::launch_clamp_scalar(at::TensorIteratorBase &, c10::Scalar, c10::Scalar, at::native::detail::ClampLimits)::[lambda() (instance 1)]::operator ()() const::[lambda() (instance 14)]::operator ()() const::[lambda(float) (instance 1)], at::detail::Array<char *, (int)2>>(int, T2, T3)","nsecond","15680.0"
"lts__t_sectors.avg.pct_of_peak_sustained_elapsed","void at::native::vectorized_elementwise_kernel<(int)4, at::native::<unnamed>::launch_clamp_scalar(at::TensorIteratorBase &, c10::Scalar, c10::Scalar, at::native::detail::ClampLimits)::[lambda() (instance 1)]::operator ()() const::[lambda() (instance 14)]::operator ()() const::[lambda(float) (instance 1)], at::detail::Array<char *, (int)2>>(int, T2, T3)","%","32.92"
"dram__throughput.avg.pct_of_peak_sustained_elapsed","void at::native::<unnamed>::max_pool_forward_nchw<float, float>(int, const T1 *, long, long, long, int, int, int, int, int, int, int, int, int, int, T1 *, long *)","%","21.79"
"gpu__time_duration.sum","void at::native::<unnamed>::max_pool_forward_nchw<float, float>(int, const T1 *, long, long, long, int, int, int, int, int, int, int, int, int, int, T1 *, long *)","nsecond","31328.0"
"lts__t_sectors.avg.pct_of_peak_sustained_elapsed","void at::native::<unnamed>::max_pool_forward_nchw<float, float>(int, const T1 *, long, long, long, int, int, int, int, int, int, int, int, int, int, T1 *, long *)","%","14.44"
"dram__throughput.avg.pct_of_peak_sustained_elapsed","void cudnn::ops::nchwToNhwcKernel<float, float, float, (bool)0, (bool)1, (cudnnKernelDataType_t)2>(cudnn::ops::nchw2nhwc_params_t<T3>, const T1 *, T2 *)","%","17.75"
"gpu__time_duration.sum","void cudnn::ops::nchwToNhwcKernel<float, float, float, (bool)0, (bool)1, (cudnnKernelDataType_t)2>(cudnn::ops::nchw2nhwc_params_t<T3>, const T1 *, T2 *)","nsecond","9408.0"
"lts__t_sectors.avg.pct_of_peak_sustained_elapsed","void cudnn::ops::nchwToNhwcKernel<float, float, float, (bool)0, (bool)1, (cudnnKernelDataType_t)2>(cudnn::ops::nchw2nhwc_params_t<T3>, const T1 *, T2 *)","%","14.96"
"dram__throughput.avg.pct_of_peak_sustained_elapsed","void cudnn::ops::nchwToNhwcKernel<float, float, float, (bool)0, (bool)1, (cudnnKernelDataType_t)2>(cudnn::ops::nchw2nhwc_params_t<T3>, const T1 *, T2 *)","%","12.33"
"gpu__time_duration.sum","void cudnn::ops::nchwToNhwcKernel<float, float, float, (bool)0, (bool)1, (cudnnKernelDataType_t)2>(cudnn::ops::nchw2nhwc_params_t<T3>, const T1 *, T2 *)","nsecond","19872.0"
"lts__t_sectors.avg.pct_of_peak_sustained_elapsed","void cudnn::ops::nchwToNhwcKernel<float, float, float, (bool)0, (bool)1, (cudnnKernelDataType_t)2>(cudnn::ops::nchw2nhwc_params_t<T3>, const T1 *, T2 *)","%","10.34"
"dram__throughput.avg.pct_of_peak_sustained_elapsed","void cutlass_cudnn::Kernel<cutlass_tensorop_s1688fprop_optimized_tf32_128x128_16x4_nhwc_align4>(T1::Params)","%","2.66"
"gpu__time_duration.sum","void cutlass_cudnn::Kernel<cutlass_tensorop_s1688fprop_optimized_tf32_128x128_16x4_nhwc_align4>(T1::Params)","nsecond","154976.0"
"lts__t_sectors.avg.pct_of_peak_sustained_elapsed","void cutlass_cudnn::Kernel<cutlass_tensorop_s1688fprop_optimized_tf32_128x128_16x4_nhwc_align4>(T1::Params)","%","12.95"
"dram__throughput.avg.pct_of_peak_sustained_elapsed","void cudnn::ops::nhwcToNchwKernel<float, float, float, (bool)1, (bool)0, (cudnnKernelDataType_t)0>(cudnn::ops::nhwc2nchw_params_t<T3>, const T1 *, T2 *)","%","26.85"
"gpu__time_duration.sum","void cudnn::ops::nhwcToNchwKernel<float, float, float, (bool)1, (bool)0, (cudnnKernelDataType_t)0>(cudnn::ops::nhwc2nchw_params_t<T3>, const T1 *, T2 *)","nsecond","12480.0"
"lts__t_sectors.avg.pct_of_peak_sustained_elapsed","void cudnn::ops::nhwcToNchwKernel<float, float, float, (bool)1, (bool)0, (cudnnKernelDataType_t)0>(cudnn::ops::nhwc2nchw_params_t<T3>, const T1 *, T2 *)","%","21.93"
"dram__throughput.avg.pct_of_peak_sustained_elapsed","void at::native::elementwise_kernel<(int)128, (int)2, void at::native::gpu_kernel_impl<at::native::CUDAFunctor_add<float>>(at::TensorIteratorBase &, const T1 &)::[lambda(int) (instance 1)]>(int, T3)","%","19.86"
"gpu__time_duration.sum","void at::native::elementwise_kernel<(int)128, (int)2, void at::native::gpu_kernel_impl<at::native::CUDAFunctor_add<float>>(at::TensorIteratorBase &, const T1 &)::[lambda(int) (instance 1)]>(int, T3)","nsecond","16800.0"
"lts__t_sectors.avg.pct_of_peak_sustained_elapsed","void at::native::elementwise_kernel<(int)128, (int)2, void at::native::gpu_kernel_impl<at::native::CUDAFunctor_add<float>>(at::TensorIteratorBase &, const T1 &)::[lambda(int) (instance 1)]>(int, T3)","%","15.63"
"dram__throughput.avg.pct_of_peak_sustained_elapsed","void at::native::vectorized_elementwise_kernel<(int)4, at::native::<unnamed>::launch_clamp_scalar(at::TensorIteratorBase &, c10::Scalar, c10::Scalar, at::native::detail::ClampLimits)::[lambda() (instance 1)]::operator ()() const::[lambda() (instance 14)]::operator ()() const::[lambda(float) (instance 1)], at::detail::Array<char *, (int)2>>(int, T2, T3)","%","32.42"
"gpu__time_duration.sum","void at::native::vectorized_elementwise_kernel<(int)4, at::native::<unnamed>::launch_clamp_scalar(at::TensorIteratorBase &, c10::Scalar, c10::Scalar, at::native::detail::ClampLimits)::[lambda() (instance 1)]::operator ()() const::[lambda() (instance 14)]::operator ()() const::[lambda(float) (instance 1)], at::detail::Array<char *, (int)2>>(int, T2, T3)","nsecond","10304.0"
"lts__t_sectors.avg.pct_of_peak_sustained_elapsed","void at::native::vectorized_elementwise_kernel<(int)4, at::native::<unnamed>::launch_clamp_scalar(at::TensorIteratorBase &, c10::Scalar, c10::Scalar, at::native::detail::ClampLimits)::[lambda() (instance 1)]::operator ()() const::[lambda() (instance 14)]::operator ()() const::[lambda(float) (instance 1)], at::detail::Array<char *, (int)2>>(int, T2, T3)","%","25.32"
"dram__throughput.avg.pct_of_peak_sustained_elapsed","void cudnn::ops::nchwToNhwcKernel<float, float, float, (bool)0, (bool)1, (cudnnKernelDataType_t)2>(cudnn::ops::nchw2nhwc_params_t<T3>, const T1 *, T2 *)","%","26.69"
"gpu__time_duration.sum","void cudnn::ops::nchwToNhwcKernel<float, float, float, (bool)0, (bool)1, (cudnnKernelDataType_t)2>(cudnn::ops::nchw2nhwc_params_t<T3>, const T1 *, T2 *)","nsecond","12512.0"
"lts__t_sectors.avg.pct_of_peak_sustained_elapsed","void cudnn::ops::nchwToNhwcKernel<float, float, float, (bool)0, (bool)1, (cudnnKernelDataType_t)2>(cudnn::ops::nchw2nhwc_params_t<T3>, const T1 *, T2 *)","%","22.47"
"dram__throughput.avg.pct_of_peak_sustained_elapsed","void cudnn::ops::nchwToNhwcKernel<float, float, float, (bool)0, (bool)1, (cudnnKernelDataType_t)2>(cudnn::ops::nchw2nhwc_params_t<T3>, const T1 *, T2 *)","%","14.37"
"gpu__time_duration.sum","void cudnn::ops::nchwToNhwcKernel<float, float, float, (bool)0, (bool)1, (cudnnKernelDataType_t)2>(cudnn::ops::nchw2nhwc_params_t<T3>, const T1 *, T2 *)","nsecond","34080.0"
"lts__t_sectors.avg.pct_of_peak_sustained_elapsed","void cudnn::ops::nchwToNhwcKernel<float, float, float, (bool)0, (bool)1, (cudnnKernelDataType_t)2>(cudnn::ops::nchw2nhwc_params_t<T3>, const T1 *, T2 *)","%","11.96"
"dram__throughput.avg.pct_of_peak_sustained_elapsed","void cutlass_cudnn::Kernel<cutlass_tensorop_s1688fprop_optimized_tf32_128x128_32x4_nhwc_align4>(T1::Params)","%","2.88"
"gpu__time_duration.sum","void cutlass_cudnn::Kernel<cutlass_tensorop_s1688fprop_optimized_tf32_128x128_32x4_nhwc_align4>(T1::Params)","nsecond","301952.0"
"lts__t_sectors.avg.pct_of_peak_sustained_elapsed","void cutlass_cudnn::Kernel<cutlass_tensorop_s1688fprop_optimized_tf32_128x128_32x4_nhwc_align4>(T1::Params)","%","12.8"
"dram__throughput.avg.pct_of_peak_sustained_elapsed","void cudnn::ops::nhwcToNchwKernel<float, float, float, (bool)1, (bool)0, (cudnnKernelDataType_t)0>(cudnn::ops::nhwc2nchw_params_t<T3>, const T1 *, T2 *)","%","26.49"
"gpu__time_duration.sum","void cudnn::ops::nhwcToNchwKernel<float, float, float, (bool)1, (bool)0, (cudnnKernelDataType_t)0>(cudnn::ops::nhwc2nchw_params_t<T3>, const T1 *, T2 *)","nsecond","12608.0"
"lts__t_sectors.avg.pct_of_peak_sustained_elapsed","void cudnn::ops::nhwcToNchwKernel<float, float, float, (bool)1, (bool)0, (cudnnKernelDataType_t)0>(cudnn::ops::nhwc2nchw_params_t<T3>, const T1 *, T2 *)","%","21.95"
"dram__throughput.avg.pct_of_peak_sustained_elapsed","void at::native::elementwise_kernel<(int)128, (int)2, void at::native::gpu_kernel_impl<at::native::CUDAFunctor_add<float>>(at::TensorIteratorBase &, const T1 &)::[lambda(int) (instance 1)]>(int, T3)","%","19.85"
"gpu__time_duration.sum","void at::native::elementwise_kernel<(int)128, (int)2, void at::native::gpu_kernel_impl<at::native::CUDAFunctor_add<float>>(at::TensorIteratorBase &, const T1 &)::[lambda(int) (instance 1)]>(int, T3)","nsecond","16832.0"
"lts__t_sectors.avg.pct_of_peak_sustained_elapsed","void at::native::elementwise_kernel<(int)128, (int)2, void at::native::gpu_kernel_impl<at::native::CUDAFunctor_add<float>>(at::TensorIteratorBase &, const T1 &)::[lambda(int) (instance 1)]>(int, T3)","%","15.59"
"dram__throughput.avg.pct_of_peak_sustained_elapsed","void at::native::vectorized_elementwise_kernel<(int)4, at::native::<unnamed>::launch_clamp_scalar(at::TensorIteratorBase &, c10::Scalar, c10::Scalar, at::native::detail::ClampLimits)::[lambda() (instance 1)]::operator ()() const::[lambda() (instance 14)]::operator ()() const::[lambda(float) (instance 1)], at::detail::Array<char *, (int)2>>(int, T2, T3)","%","32.07"
"gpu__time_duration.sum","void at::native::vectorized_elementwise_kernel<(int)4, at::native::<unnamed>::launch_clamp_scalar(at::TensorIteratorBase &, c10::Scalar, c10::Scalar, at::native::detail::ClampLimits)::[lambda() (instance 1)]::operator ()() const::[lambda() (instance 14)]::operator ()() const::[lambda(float) (instance 1)], at::detail::Array<char *, (int)2>>(int, T2, T3)","nsecond","10400.0"
"lts__t_sectors.avg.pct_of_peak_sustained_elapsed","void at::native::vectorized_elementwise_kernel<(int)4, at::native::<unnamed>::launch_clamp_scalar(at::TensorIteratorBase &, c10::Scalar, c10::Scalar, at::native::detail::ClampLimits)::[lambda() (instance 1)]::operator ()() const::[lambda() (instance 14)]::operator ()() const::[lambda(float) (instance 1)], at::detail::Array<char *, (int)2>>(int, T2, T3)","%","25.1"
"dram__throughput.avg.pct_of_peak_sustained_elapsed","void cudnn::ops::nchwToNhwcKernel<float, float, float, (bool)0, (bool)1, (cudnnKernelDataType_t)2>(cudnn::ops::nchw2nhwc_params_t<T3>, const T1 *, T2 *)","%","26.19"
"gpu__time_duration.sum","void cudnn::ops::nchwToNhwcKernel<float, float, float, (bool)0, (bool)1, (cudnnKernelDataType_t)2>(cudnn::ops::nchw2nhwc_params_t<T3>, const T1 *, T2 *)","nsecond","12768.0"
"lts__t_sectors.avg.pct_of_peak_sustained_elapsed","void cudnn::ops::nchwToNhwcKernel<float, float, float, (bool)0, (bool)1, (cudnnKernelDataType_t)2>(cudnn::ops::nchw2nhwc_params_t<T3>, const T1 *, T2 *)","%","21.67"
"dram__throughput.avg.pct_of_peak_sustained_elapsed","void cudnn::ops::nchwToNhwcKernel<float, float, float, (bool)0, (bool)1, (cudnnKernelDataType_t)2>(cudnn::ops::nchw2nhwc_params_t<T3>, const T1 *, T2 *)","%","14.61"
"gpu__time_duration.sum","void cudnn::ops::nchwToNhwcKernel<float, float, float, (bool)0, (bool)1, (cudnnKernelDataType_t)2>(cudnn::ops::nchw2nhwc_params_t<T3>, const T1 *, T2 *)","nsecond","33472.0"
"lts__t_sectors.avg.pct_of_peak_sustained_elapsed","void cudnn::ops::nchwToNhwcKernel<float, float, float, (bool)0, (bool)1, (cudnnKernelDataType_t)2>(cudnn::ops::nchw2nhwc_params_t<T3>, const T1 *, T2 *)","%","11.97"
"dram__throughput.avg.pct_of_peak_sustained_elapsed","void cutlass_cudnn::Kernel<cutlass_tensorop_s1688fprop_optimized_tf32_128x128_32x4_nhwc_align4>(T1::Params)","%","2.88"
"gpu__time_duration.sum","void cutlass_cudnn::Kernel<cutlass_tensorop_s1688fprop_optimized_tf32_128x128_32x4_nhwc_align4>(T1::Params)","nsecond","302016.0"
"lts__t_sectors.avg.pct_of_peak_sustained_elapsed","void cutlass_cudnn::Kernel<cutlass_tensorop_s1688fprop_optimized_tf32_128x128_32x4_nhwc_align4>(T1::Params)","%","12.76"
"dram__throughput.avg.pct_of_peak_sustained_elapsed","void cudnn::ops::nhwcToNchwKernel<float, float, float, (bool)1, (bool)0, (cudnnKernelDataType_t)0>(cudnn::ops::nhwc2nchw_params_t<T3>, const T1 *, T2 *)","%","26.6"
"gpu__time_duration.sum","void cudnn::ops::nhwcToNchwKernel<float, float, float, (bool)1, (bool)0, (cudnnKernelDataType_t)0>(cudnn::ops::nhwc2nchw_params_t<T3>, const T1 *, T2 *)","nsecond","12544.0"
"lts__t_sectors.avg.pct_of_peak_sustained_elapsed","void cudnn::ops::nhwcToNchwKernel<float, float, float, (bool)1, (bool)0, (cudnnKernelDataType_t)0>(cudnn::ops::nhwc2nchw_params_t<T3>, const T1 *, T2 *)","%","21.49"
"dram__throughput.avg.pct_of_peak_sustained_elapsed","void at::native::elementwise_kernel<(int)128, (int)2, void at::native::gpu_kernel_impl<at::native::CUDAFunctor_add<float>>(at::TensorIteratorBase &, const T1 &)::[lambda(int) (instance 1)]>(int, T3)","%","19.94"
"gpu__time_duration.sum","void at::native::elementwise_kernel<(int)128, (int)2, void at::native::gpu_kernel_impl<at::native::CUDAFunctor_add<float>>(at::TensorIteratorBase &, const T1 &)::[lambda(int) (instance 1)]>(int, T3)","nsecond","16736.0"
"lts__t_sectors.avg.pct_of_peak_sustained_elapsed","void at::native::elementwise_kernel<(int)128, (int)2, void at::native::gpu_kernel_impl<at::native::CUDAFunctor_add<float>>(at::TensorIteratorBase &, const T1 &)::[lambda(int) (instance 1)]>(int, T3)","%","15.63"
"dram__throughput.avg.pct_of_peak_sustained_elapsed","void at::native::vectorized_elementwise_kernel<(int)4, at::native::<unnamed>::launch_clamp_scalar(at::TensorIteratorBase &, c10::Scalar, c10::Scalar, at::native::detail::ClampLimits)::[lambda() (instance 1)]::operator ()() const::[lambda() (instance 14)]::operator ()() const::[lambda(float) (instance 1)], at::detail::Array<char *, (int)2>>(int, T2, T3)","%","32.05"
"gpu__time_duration.sum","void at::native::vectorized_elementwise_kernel<(int)4, at::native::<unnamed>::launch_clamp_scalar(at::TensorIteratorBase &, c10::Scalar, c10::Scalar, at::native::detail::ClampLimits)::[lambda() (instance 1)]::operator ()() const::[lambda() (instance 14)]::operator ()() const::[lambda(float) (instance 1)], at::detail::Array<char *, (int)2>>(int, T2, T3)","nsecond","10432.0"
"lts__t_sectors.avg.pct_of_peak_sustained_elapsed","void at::native::vectorized_elementwise_kernel<(int)4, at::native::<unnamed>::launch_clamp_scalar(at::TensorIteratorBase &, c10::Scalar, c10::Scalar, at::native::detail::ClampLimits)::[lambda() (instance 1)]::operator ()() const::[lambda() (instance 14)]::operator ()() const::[lambda(float) (instance 1)], at::detail::Array<char *, (int)2>>(int, T2, T3)","%","25.21"
"dram__throughput.avg.pct_of_peak_sustained_elapsed","void at::native::<unnamed>::max_pool_forward_nchw<float, float>(int, const T1 *, long, long, long, int, int, int, int, int, int, int, int, int, int, T1 *, long *)","%","18.28"
"gpu__time_duration.sum","void at::native::<unnamed>::max_pool_forward_nchw<float, float>(int, const T1 *, long, long, long, int, int, int, int, int, int, int, int, int, int, T1 *, long *)","nsecond","18240.0"
"lts__t_sectors.avg.pct_of_peak_sustained_elapsed","void at::native::<unnamed>::max_pool_forward_nchw<float, float>(int, const T1 *, long, long, long, int, int, int, int, int, int, int, int, int, int, T1 *, long *)","%","12.82"
"dram__throughput.avg.pct_of_peak_sustained_elapsed","void cudnn::ops::nchwToNhwcKernel<float, float, float, (bool)0, (bool)1, (cudnnKernelDataType_t)2>(cudnn::ops::nchw2nhwc_params_t<T3>, const T1 *, T2 *)","%","11.85"
"gpu__time_duration.sum","void cudnn::ops::nchwToNhwcKernel<float, float, float, (bool)0, (bool)1, (cudnnKernelDataType_t)2>(cudnn::ops::nchw2nhwc_params_t<T3>, const T1 *, T2 *)","nsecond","7136.0"
"lts__t_sectors.avg.pct_of_peak_sustained_elapsed","void cudnn::ops::nchwToNhwcKernel<float, float, float, (bool)0, (bool)1, (cudnnKernelDataType_t)2>(cudnn::ops::nchw2nhwc_params_t<T3>, const T1 *, T2 *)","%","11.04"
"dram__throughput.avg.pct_of_peak_sustained_elapsed","void cudnn::ops::nchwToNhwcKernel<float, float, float, (bool)0, (bool)1, (cudnnKernelDataType_t)2>(cudnn::ops::nchw2nhwc_params_t<T3>, const T1 *, T2 *)","%","14.65"
"gpu__time_duration.sum","void cudnn::ops::nchwToNhwcKernel<float, float, float, (bool)0, (bool)1, (cudnnKernelDataType_t)2>(cudnn::ops::nchw2nhwc_params_t<T3>, const T1 *, T2 *)","nsecond","33472.0"
"lts__t_sectors.avg.pct_of_peak_sustained_elapsed","void cudnn::ops::nchwToNhwcKernel<float, float, float, (bool)0, (bool)1, (cudnnKernelDataType_t)2>(cudnn::ops::nchw2nhwc_params_t<T3>, const T1 *, T2 *)","%","11.94"
"dram__throughput.avg.pct_of_peak_sustained_elapsed","void cutlass_cudnn::Kernel<cutlass_tensorop_s1688fprop_optimized_tf32_64x64_32x5_nhwc_align4>(T1::Params)","%","5.32"
"gpu__time_duration.sum","void cutlass_cudnn::Kernel<cutlass_tensorop_s1688fprop_optimized_tf32_64x64_32x5_nhwc_align4>(T1::Params)","nsecond","107488.0"
"lts__t_sectors.avg.pct_of_peak_sustained_elapsed","void cutlass_cudnn::Kernel<cutlass_tensorop_s1688fprop_optimized_tf32_64x64_32x5_nhwc_align4>(T1::Params)","%","19.1"
"dram__throughput.avg.pct_of_peak_sustained_elapsed","void cudnn::ops::nhwcToNchwKernel<float, float, float, (bool)1, (bool)0, (cudnnKernelDataType_t)0>(cudnn::ops::nhwc2nchw_params_t<T3>, const T1 *, T2 *)","%","10.77"
"gpu__time_duration.sum","void cudnn::ops::nhwcToNchwKernel<float, float, float, (bool)1, (bool)0, (cudnnKernelDataType_t)0>(cudnn::ops::nhwc2nchw_params_t<T3>, const T1 *, T2 *)","nsecond","7808.0"
"lts__t_sectors.avg.pct_of_peak_sustained_elapsed","void cudnn::ops::nhwcToNchwKernel<float, float, float, (bool)1, (bool)0, (cudnnKernelDataType_t)0>(cudnn::ops::nhwc2nchw_params_t<T3>, const T1 *, T2 *)","%","10.1"
"dram__throughput.avg.pct_of_peak_sustained_elapsed","void at::native::elementwise_kernel<(int)128, (int)2, void at::native::gpu_kernel_impl<at::native::CUDAFunctor_add<float>>(at::TensorIteratorBase &, const T1 &)::[lambda(int) (instance 1)]>(int, T3)","%","9.69"
"gpu__time_duration.sum","void at::native::elementwise_kernel<(int)128, (int)2, void at::native::gpu_kernel_impl<at::native::CUDAFunctor_add<float>>(at::TensorIteratorBase &, const T1 &)::[lambda(int) (instance 1)]>(int, T3)","nsecond","8672.0"
"lts__t_sectors.avg.pct_of_peak_sustained_elapsed","void at::native::elementwise_kernel<(int)128, (int)2, void at::native::gpu_kernel_impl<at::native::CUDAFunctor_add<float>>(at::TensorIteratorBase &, const T1 &)::[lambda(int) (instance 1)]>(int, T3)","%","7.98"
"dram__throughput.avg.pct_of_peak_sustained_elapsed","void at::native::vectorized_elementwise_kernel<(int)4, at::native::<unnamed>::launch_clamp_scalar(at::TensorIteratorBase &, c10::Scalar, c10::Scalar, at::native::detail::ClampLimits)::[lambda() (instance 1)]::operator ()() const::[lambda() (instance 14)]::operator ()() const::[lambda(float) (instance 1)], at::detail::Array<char *, (int)2>>(int, T2, T3)","%","13.27"
"gpu__time_duration.sum","void at::native::vectorized_elementwise_kernel<(int)4, at::native::<unnamed>::launch_clamp_scalar(at::TensorIteratorBase &, c10::Scalar, c10::Scalar, at::native::detail::ClampLimits)::[lambda() (instance 1)]::operator ()() const::[lambda() (instance 14)]::operator ()() const::[lambda(float) (instance 1)], at::detail::Array<char *, (int)2>>(int, T2, T3)","nsecond","6304.0"
"lts__t_sectors.avg.pct_of_peak_sustained_elapsed","void at::native::vectorized_elementwise_kernel<(int)4, at::native::<unnamed>::launch_clamp_scalar(at::TensorIteratorBase &, c10::Scalar, c10::Scalar, at::native::detail::ClampLimits)::[lambda() (instance 1)]::operator ()() const::[lambda() (instance 14)]::operator ()() const::[lambda(float) (instance 1)], at::detail::Array<char *, (int)2>>(int, T2, T3)","%","10.55"
"dram__throughput.avg.pct_of_peak_sustained_elapsed","void cudnn::ops::nchwToNhwcKernel<float, float, float, (bool)0, (bool)1, (cudnnKernelDataType_t)2>(cudnn::ops::nchw2nhwc_params_t<T3>, const T1 *, T2 *)","%","10.89"
"gpu__time_duration.sum","void cudnn::ops::nchwToNhwcKernel<float, float, float, (bool)0, (bool)1, (cudnnKernelDataType_t)2>(cudnn::ops::nchw2nhwc_params_t<T3>, const T1 *, T2 *)","nsecond","7744.0"
"lts__t_sectors.avg.pct_of_peak_sustained_elapsed","void cudnn::ops::nchwToNhwcKernel<float, float, float, (bool)0, (bool)1, (cudnnKernelDataType_t)2>(cudnn::ops::nchw2nhwc_params_t<T3>, const T1 *, T2 *)","%","10.21"
"dram__throughput.avg.pct_of_peak_sustained_elapsed","void cudnn::ops::nchwToNhwcKernel<float, float, float, (bool)0, (bool)1, (cudnnKernelDataType_t)2>(cudnn::ops::nchw2nhwc_params_t<T3>, const T1 *, T2 *)","%","14.52"
"gpu__time_duration.sum","void cudnn::ops::nchwToNhwcKernel<float, float, float, (bool)0, (bool)1, (cudnnKernelDataType_t)2>(cudnn::ops::nchw2nhwc_params_t<T3>, const T1 *, T2 *)","nsecond","33824.0"
"lts__t_sectors.avg.pct_of_peak_sustained_elapsed","void cudnn::ops::nchwToNhwcKernel<float, float, float, (bool)0, (bool)1, (cudnnKernelDataType_t)2>(cudnn::ops::nchw2nhwc_params_t<T3>, const T1 *, T2 *)","%","11.84"
"dram__throughput.avg.pct_of_peak_sustained_elapsed","void cutlass_cudnn::Kernel<cutlass_tensorop_s1688fprop_optimized_tf32_64x64_32x5_nhwc_align4>(T1::Params)","%","5.33"
"gpu__time_duration.sum","void cutlass_cudnn::Kernel<cutlass_tensorop_s1688fprop_optimized_tf32_64x64_32x5_nhwc_align4>(T1::Params)","nsecond","107424.0"
"lts__t_sectors.avg.pct_of_peak_sustained_elapsed","void cutlass_cudnn::Kernel<cutlass_tensorop_s1688fprop_optimized_tf32_64x64_32x5_nhwc_align4>(T1::Params)","%","19.07"
"dram__throughput.avg.pct_of_peak_sustained_elapsed","void cudnn::ops::nhwcToNchwKernel<float, float, float, (bool)1, (bool)0, (cudnnKernelDataType_t)0>(cudnn::ops::nhwc2nchw_params_t<T3>, const T1 *, T2 *)","%","10.77"
"gpu__time_duration.sum","void cudnn::ops::nhwcToNchwKernel<float, float, float, (bool)1, (bool)0, (cudnnKernelDataType_t)0>(cudnn::ops::nhwc2nchw_params_t<T3>, const T1 *, T2 *)","nsecond","7840.0"
"lts__t_sectors.avg.pct_of_peak_sustained_elapsed","void cudnn::ops::nhwcToNchwKernel<float, float, float, (bool)1, (bool)0, (cudnnKernelDataType_t)0>(cudnn::ops::nhwc2nchw_params_t<T3>, const T1 *, T2 *)","%","10.14"
"dram__throughput.avg.pct_of_peak_sustained_elapsed","void at::native::elementwise_kernel<(int)128, (int)2, void at::native::gpu_kernel_impl<at::native::CUDAFunctor_add<float>>(at::TensorIteratorBase &, const T1 &)::[lambda(int) (instance 1)]>(int, T3)","%","9.5"
"gpu__time_duration.sum","void at::native::elementwise_kernel<(int)128, (int)2, void at::native::gpu_kernel_impl<at::native::CUDAFunctor_add<float>>(at::TensorIteratorBase &, const T1 &)::[lambda(int) (instance 1)]>(int, T3)","nsecond","8864.0"
"lts__t_sectors.avg.pct_of_peak_sustained_elapsed","void at::native::elementwise_kernel<(int)128, (int)2, void at::native::gpu_kernel_impl<at::native::CUDAFunctor_add<float>>(at::TensorIteratorBase &, const T1 &)::[lambda(int) (instance 1)]>(int, T3)","%","7.81"
"dram__throughput.avg.pct_of_peak_sustained_elapsed","void at::native::vectorized_elementwise_kernel<(int)4, at::native::<unnamed>::launch_clamp_scalar(at::TensorIteratorBase &, c10::Scalar, c10::Scalar, at::native::detail::ClampLimits)::[lambda() (instance 1)]::operator ()() const::[lambda() (instance 14)]::operator ()() const::[lambda(float) (instance 1)], at::detail::Array<char *, (int)2>>(int, T2, T3)","%","13.45"
"gpu__time_duration.sum","void at::native::vectorized_elementwise_kernel<(int)4, at::native::<unnamed>::launch_clamp_scalar(at::TensorIteratorBase &, c10::Scalar, c10::Scalar, at::native::detail::ClampLimits)::[lambda() (instance 1)]::operator ()() const::[lambda() (instance 14)]::operator ()() const::[lambda(float) (instance 1)], at::detail::Array<char *, (int)2>>(int, T2, T3)","nsecond","6272.0"
"lts__t_sectors.avg.pct_of_peak_sustained_elapsed","void at::native::vectorized_elementwise_kernel<(int)4, at::native::<unnamed>::launch_clamp_scalar(at::TensorIteratorBase &, c10::Scalar, c10::Scalar, at::native::detail::ClampLimits)::[lambda() (instance 1)]::operator ()() const::[lambda() (instance 14)]::operator ()() const::[lambda(float) (instance 1)], at::detail::Array<char *, (int)2>>(int, T2, T3)","%","10.64"
"dram__throughput.avg.pct_of_peak_sustained_elapsed","void cudnn::ops::nchwToNhwcKernel<float, float, float, (bool)0, (bool)1, (cudnnKernelDataType_t)2>(cudnn::ops::nchw2nhwc_params_t<T3>, const T1 *, T2 *)","%","11.21"
"gpu__time_duration.sum","void cudnn::ops::nchwToNhwcKernel<float, float, float, (bool)0, (bool)1, (cudnnKernelDataType_t)2>(cudnn::ops::nchw2nhwc_params_t<T3>, const T1 *, T2 *)","nsecond","7488.0"
"lts__t_sectors.avg.pct_of_peak_sustained_elapsed","void cudnn::ops::nchwToNhwcKernel<float, float, float, (bool)0, (bool)1, (cudnnKernelDataType_t)2>(cudnn::ops::nchw2nhwc_params_t<T3>, const T1 *, T2 *)","%","10.38"
"dram__throughput.avg.pct_of_peak_sustained_elapsed","void cudnn::ops::nchwToNhwcKernel<float, float, float, (bool)0, (bool)1, (cudnnKernelDataType_t)2>(cudnn::ops::nchw2nhwc_params_t<T3>, const T1 *, T2 *)","%","14.39"
"gpu__time_duration.sum","void cudnn::ops::nchwToNhwcKernel<float, float, float, (bool)0, (bool)1, (cudnnKernelDataType_t)2>(cudnn::ops::nchw2nhwc_params_t<T3>, const T1 *, T2 *)","nsecond","34112.0"
"lts__t_sectors.avg.pct_of_peak_sustained_elapsed","void cudnn::ops::nchwToNhwcKernel<float, float, float, (bool)0, (bool)1, (cudnnKernelDataType_t)2>(cudnn::ops::nchw2nhwc_params_t<T3>, const T1 *, T2 *)","%","11.74"
"dram__throughput.avg.pct_of_peak_sustained_elapsed","void cutlass_cudnn::Kernel<cutlass_tensorop_s1688fprop_optimized_tf32_64x64_32x5_nhwc_align4>(T1::Params)","%","5.32"
"gpu__time_duration.sum","void cutlass_cudnn::Kernel<cutlass_tensorop_s1688fprop_optimized_tf32_64x64_32x5_nhwc_align4>(T1::Params)","nsecond","107584.0"
"lts__t_sectors.avg.pct_of_peak_sustained_elapsed","void cutlass_cudnn::Kernel<cutlass_tensorop_s1688fprop_optimized_tf32_64x64_32x5_nhwc_align4>(T1::Params)","%","19.05"
"dram__throughput.avg.pct_of_peak_sustained_elapsed","void cudnn::ops::nhwcToNchwKernel<float, float, float, (bool)1, (bool)0, (cudnnKernelDataType_t)0>(cudnn::ops::nhwc2nchw_params_t<T3>, const T1 *, T2 *)","%","10.83"
"gpu__time_duration.sum","void cudnn::ops::nhwcToNchwKernel<float, float, float, (bool)1, (bool)0, (cudnnKernelDataType_t)0>(cudnn::ops::nhwc2nchw_params_t<T3>, const T1 *, T2 *)","nsecond","7808.0"
"lts__t_sectors.avg.pct_of_peak_sustained_elapsed","void cudnn::ops::nhwcToNchwKernel<float, float, float, (bool)1, (bool)0, (cudnnKernelDataType_t)0>(cudnn::ops::nhwc2nchw_params_t<T3>, const T1 *, T2 *)","%","10.21"
"dram__throughput.avg.pct_of_peak_sustained_elapsed","void at::native::elementwise_kernel<(int)128, (int)2, void at::native::gpu_kernel_impl<at::native::CUDAFunctor_add<float>>(at::TensorIteratorBase &, const T1 &)::[lambda(int) (instance 1)]>(int, T3)","%","9.48"
"gpu__time_duration.sum","void at::native::elementwise_kernel<(int)128, (int)2, void at::native::gpu_kernel_impl<at::native::CUDAFunctor_add<float>>(at::TensorIteratorBase &, const T1 &)::[lambda(int) (instance 1)]>(int, T3)","nsecond","8896.0"
"lts__t_sectors.avg.pct_of_peak_sustained_elapsed","void at::native::elementwise_kernel<(int)128, (int)2, void at::native::gpu_kernel_impl<at::native::CUDAFunctor_add<float>>(at::TensorIteratorBase &, const T1 &)::[lambda(int) (instance 1)]>(int, T3)","%","7.76"
"dram__throughput.avg.pct_of_peak_sustained_elapsed","void at::native::vectorized_elementwise_kernel<(int)4, at::native::<unnamed>::launch_clamp_scalar(at::TensorIteratorBase &, c10::Scalar, c10::Scalar, at::native::detail::ClampLimits)::[lambda() (instance 1)]::operator ()() const::[lambda() (instance 14)]::operator ()() const::[lambda(float) (instance 1)], at::detail::Array<char *, (int)2>>(int, T2, T3)","%","13.38"
"gpu__time_duration.sum","void at::native::vectorized_elementwise_kernel<(int)4, at::native::<unnamed>::launch_clamp_scalar(at::TensorIteratorBase &, c10::Scalar, c10::Scalar, at::native::detail::ClampLimits)::[lambda() (instance 1)]::operator ()() const::[lambda() (instance 14)]::operator ()() const::[lambda(float) (instance 1)], at::detail::Array<char *, (int)2>>(int, T2, T3)","nsecond","6304.0"
"lts__t_sectors.avg.pct_of_peak_sustained_elapsed","void at::native::vectorized_elementwise_kernel<(int)4, at::native::<unnamed>::launch_clamp_scalar(at::TensorIteratorBase &, c10::Scalar, c10::Scalar, at::native::detail::ClampLimits)::[lambda() (instance 1)]::operator ()() const::[lambda() (instance 14)]::operator ()() const::[lambda(float) (instance 1)], at::detail::Array<char *, (int)2>>(int, T2, T3)","%","10.94"
"dram__throughput.avg.pct_of_peak_sustained_elapsed","void at::native::<unnamed>::max_pool_forward_nchw<float, float>(int, const T1 *, long, long, long, int, int, int, int, int, int, int, int, int, int, T1 *, long *)","%","10.03"
"gpu__time_duration.sum","void at::native::<unnamed>::max_pool_forward_nchw<float, float>(int, const T1 *, long, long, long, int, int, int, int, int, int, int, int, int, int, T1 *, long *)","nsecond","8384.0"
"lts__t_sectors.avg.pct_of_peak_sustained_elapsed","void at::native::<unnamed>::max_pool_forward_nchw<float, float>(int, const T1 *, long, long, long, int, int, int, int, int, int, int, int, int, int, T1 *, long *)","%","7.32"
"dram__throughput.avg.pct_of_peak_sustained_elapsed","void at::native::<unnamed>::adaptive_average_pool<float>(T1 *, T1 *, int, int, int, int, long, long, long)","%","0.98"
"gpu__time_duration.sum","void at::native::<unnamed>::adaptive_average_pool<float>(T1 *, T1 *, int, int, int, int, long, long, long)","nsecond","21920.0"
"lts__t_sectors.avg.pct_of_peak_sustained_elapsed","void at::native::<unnamed>::adaptive_average_pool<float>(T1 *, T1 *, int, int, int, int, long, long, long)","%","1.47"
"dram__throughput.avg.pct_of_peak_sustained_elapsed","void cutlass::Kernel<cutlass_80_tensorop_s1688gemm_64x64_32x6_tn_align4>(T1::Params)","%","57.41"
"gpu__time_duration.sum","void cutlass::Kernel<cutlass_80_tensorop_s1688gemm_64x64_32x6_tn_align4>(T1::Params)","nsecond","371712.0"
"lts__t_sectors.avg.pct_of_peak_sustained_elapsed","void cutlass::Kernel<cutlass_80_tensorop_s1688gemm_64x64_32x6_tn_align4>(T1::Params)","%","29.02"
"dram__throughput.avg.pct_of_peak_sustained_elapsed","void at::native::vectorized_elementwise_kernel<(int)4, at::native::<unnamed>::launch_clamp_scalar(at::TensorIteratorBase &, c10::Scalar, c10::Scalar, at::native::detail::ClampLimits)::[lambda() (instance 1)]::operator ()() const::[lambda() (instance 14)]::operator ()() const::[lambda(float) (instance 1)], at::detail::Array<char *, (int)2>>(int, T2, T3)","%","0.81"
"gpu__time_duration.sum","void at::native::vectorized_elementwise_kernel<(int)4, at::native::<unnamed>::launch_clamp_scalar(at::TensorIteratorBase &, c10::Scalar, c10::Scalar, at::native::detail::ClampLimits)::[lambda() (instance 1)]::operator ()() const::[lambda() (instance 14)]::operator ()() const::[lambda(float) (instance 1)], at::detail::Array<char *, (int)2>>(int, T2, T3)","nsecond","4544.0"
"lts__t_sectors.avg.pct_of_peak_sustained_elapsed","void at::native::vectorized_elementwise_kernel<(int)4, at::native::<unnamed>::launch_clamp_scalar(at::TensorIteratorBase &, c10::Scalar, c10::Scalar, at::native::detail::ClampLimits)::[lambda() (instance 1)]::operator ()() const::[lambda() (instance 14)]::operator ()() const::[lambda(float) (instance 1)], at::detail::Array<char *, (int)2>>(int, T2, T3)","%","1.04"
"dram__throughput.avg.pct_of_peak_sustained_elapsed","void cutlass::Kernel<cutlass_80_tensorop_s1688gemm_128x64_32x6_tn_align4>(T1::Params)","%","62.67"
"gpu__time_duration.sum","void cutlass::Kernel<cutlass_80_tensorop_s1688gemm_128x64_32x6_tn_align4>(T1::Params)","nsecond","56704.0"
"lts__t_sectors.avg.pct_of_peak_sustained_elapsed","void cutlass::Kernel<cutlass_80_tensorop_s1688gemm_128x64_32x6_tn_align4>(T1::Params)","%","28.16"
"dram__throughput.avg.pct_of_peak_sustained_elapsed","void at::native::vectorized_elementwise_kernel<(int)4, at::native::<unnamed>::launch_clamp_scalar(at::TensorIteratorBase &, c10::Scalar, c10::Scalar, at::native::detail::ClampLimits)::[lambda() (instance 1)]::operator ()() const::[lambda() (instance 14)]::operator ()() const::[lambda(float) (instance 1)], at::detail::Array<char *, (int)2>>(int, T2, T3)","%","0.81"
"gpu__time_duration.sum","void at::native::vectorized_elementwise_kernel<(int)4, at::native::<unnamed>::launch_clamp_scalar(at::TensorIteratorBase &, c10::Scalar, c10::Scalar, at::native::detail::ClampLimits)::[lambda() (instance 1)]::operator ()() const::[lambda() (instance 14)]::operator ()() const::[lambda(float) (instance 1)], at::detail::Array<char *, (int)2>>(int, T2, T3)","nsecond","4576.0"
"lts__t_sectors.avg.pct_of_peak_sustained_elapsed","void at::native::vectorized_elementwise_kernel<(int)4, at::native::<unnamed>::launch_clamp_scalar(at::TensorIteratorBase &, c10::Scalar, c10::Scalar, at::native::detail::ClampLimits)::[lambda() (instance 1)]::operator ()() const::[lambda() (instance 14)]::operator ()() const::[lambda(float) (instance 1)], at::detail::Array<char *, (int)2>>(int, T2, T3)","%","1.04"
"dram__throughput.avg.pct_of_peak_sustained_elapsed","void cutlass::Kernel<cutlass_80_tensorop_s1688gemm_64x64_16x6_tn_align4>(T1::Params)","%","34.75"
"gpu__time_duration.sum","void cutlass::Kernel<cutlass_80_tensorop_s1688gemm_64x64_16x6_tn_align4>(T1::Params)","nsecond","24544.0"
"lts__t_sectors.avg.pct_of_peak_sustained_elapsed","void cutlass::Kernel<cutlass_80_tensorop_s1688gemm_64x64_16x6_tn_align4>(T1::Params)","%","14.03"
"dram__throughput.avg.pct_of_peak_sustained_elapsed","void splitKreduce_kernel<(int)32, (int)16, int, float, float, float, float, (bool)1, (bool)1, (bool)0>(cublasSplitKParams<T6>, const T4 *, const T5 *, T5 *, const T6 *, const T6 *, const T7 *, const T4 *, T7 *, void *, long, T6 *, int *)","%","0.72"
"gpu__time_duration.sum","void splitKreduce_kernel<(int)32, (int)16, int, float, float, float, float, (bool)1, (bool)1, (bool)0>(cublasSplitKParams<T6>, const T4 *, const T5 *, T5 *, const T6 *, const T6 *, const T7 *, const T4 *, T7 *, void *, long, T6 *, int *)","nsecond","5664.0"
"lts__t_sectors.avg.pct_of_peak_sustained_elapsed","void splitKreduce_kernel<(int)32, (int)16, int, float, float, float, float, (bool)1, (bool)1, (bool)0>(cublasSplitKParams<T6>, const T4 *, const T5 *, T5 *, const T6 *, const T6 *, const T7 *, const T4 *, T7 *, void *, long, T6 *, int *)","%","1.05"
